Grouping:surfaceEnergy J686
# x 	 y
0.0000000000000000E+000	1.7938950738881898E-001
5.0000000000000001E-003	1.7938943579885613E-001
1.0000000000000000E-002	1.7932325139990990E-001
1.4999999999999999E-002	1.7919253138616265E-001
2.0000000000000000E-002	1.7900028551879688E-001
2.5000000000000001E-002	1.7874931383239367E-001
3.0000000000000002E-002	1.7844253296243950E-001
3.5000000000000003E-002	1.7808282542641285E-001
4.0000000000000001E-002	1.7767297178273900E-001
4.4999999999999998E-002	1.7721562045172901E-001
4.9999999999999996E-002	1.7671327526914915E-001
5.4999999999999993E-002	1.7616829538292622E-001
5.9999999999999991E-002	1.7558289537743743E-001
6.4999999999999988E-002	1.7495914088123588E-001
6.9999999999999993E-002	1.7429734289135990E-001
7.4999999999999997E-002	1.7360258935069162E-001
8.0000000000000002E-002	1.7287485345171039E-001
8.5000000000000006E-002	1.7211574069170377E-001
9.0000000000000011E-002	1.7132660027686697E-001
9.5000000000000015E-002	1.7050876084056821E-001
1.0000000000000002E-001	1.6966344226797814E-001
1.0500000000000002E-001	1.6879176824916708E-001
1.1000000000000003E-001	1.6789477074436565E-001
1.1500000000000003E-001	1.6697341225093965E-001
1.2000000000000004E-001	1.6602858009478005E-001
1.2500000000000003E-001	1.6506109878925912E-001
1.3000000000000003E-001	1.6407686286856604E-001
1.3500000000000004E-001	1.6306579725471781E-001
1.4000000000000004E-001	1.6203505194168555E-001
1.4500000000000005E-001	1.6098427896697975E-001
1.5000000000000005E-001	1.5991410074665380E-001
1.5500000000000005E-001	1.5883334567956719E-001
1.6000000000000006E-001	1.5772842900368422E-001
1.6500000000000006E-001	1.5660433576294341E-001
1.7000000000000007E-001	1.5546274599118082E-001
1.7500000000000007E-001	1.5430433793479237E-001
1.8000000000000008E-001	1.5312965281326063E-001
1.8500000000000008E-001	1.5193914778620110E-001
1.9000000000000009E-001	1.5073489335073820E-001
1.9500000000000009E-001	1.4951540202167823E-001
2.0000000000000009E-001	1.4827958719767542E-001
2.0500000000000010E-001	1.4702969205252048E-001
2.1000000000000010E-001	1.4576679232802636E-001
2.1500000000000011E-001	1.4448876834069901E-001
2.2000000000000011E-001	1.4319745130186945E-001
2.2500000000000012E-001	1.4189322726689468E-001
2.3000000000000012E-001	1.4057621770328810E-001
2.3500000000000013E-001	1.3924693063074978E-001
2.4000000000000013E-001	1.3790564886782475E-001
2.4500000000000013E-001	1.3655266555850254E-001
2.5000000000000011E-001	1.3518825346202235E-001
2.5500000000000012E-001	1.3381268828115367E-001
2.6000000000000012E-001	1.3242625104462036E-001
2.6500000000000012E-001	1.3102922457664157E-001
2.7000000000000013E-001	1.2962189345680164E-001
2.7500000000000013E-001	1.2820453698594880E-001
2.8000000000000014E-001	1.2677820695227338E-001
2.8500000000000014E-001	1.2534240011052766E-001
2.9000000000000015E-001	1.2389739094124197E-001
2.9500000000000015E-001	1.2244347369061082E-001
3.0000000000000016E-001	1.2098093262858445E-001
3.0500000000000016E-001	1.1951005350116040E-001
3.1000000000000016E-001	1.1803112324204434E-001
3.1500000000000017E-001	1.1654469248599275E-001
3.2000000000000017E-001	1.1505076232405287E-001
3.2500000000000018E-001	1.1354944011980139E-001
3.3000000000000018E-001	1.1204119317994188E-001
3.3500000000000019E-001	1.1052582170403769E-001
3.4000000000000019E-001	1.0900426888097581E-001
3.4500000000000020E-001	1.0749582896404553E-001
3.5000000000000020E-001	1.0595695957214568E-001
3.5500000000000020E-001	1.0442088600334820E-001
3.6000000000000021E-001	1.0287750998948164E-001
3.6500000000000021E-001	1.0131956989112112E-001
3.7000000000000022E-001	9.9762206038548129E-002
3.7500000000000022E-001	9.8198677276555291E-002
3.8000000000000023E-001	9.6635292297895692E-002
3.8500000000000023E-001	9.5068595991712801E-002
3.9000000000000024E-001	9.3499300586489031E-002
3.9500000000000024E-001	9.1932379412754006E-002
4.0000000000000024E-001	9.0361553729827016E-002
4.0500000000000025E-001	8.8784043232966070E-002
4.1000000000000025E-001	8.7206153084789850E-002
4.1500000000000026E-001	8.5627252049415681E-002
4.2000000000000026E-001	8.4046824356697858E-002
4.2500000000000027E-001	8.2465326349704160E-002
4.3000000000000027E-001	8.0882979201768901E-002
4.3500000000000028E-001	7.9315019535348252E-002
4.4000000000000028E-001	7.7719839022485360E-002
4.4500000000000028E-001	7.6134337817982178E-002
4.5000000000000029E-001	7.4566516220324175E-002
4.5500000000000029E-001	7.2973171782153123E-002
4.6000000000000030E-001	7.1390440798714039E-002
4.6500000000000030E-001	6.9810758895918479E-002
4.7000000000000031E-001	6.8243857923705242E-002
4.7500000000000031E-001	6.6655896667606296E-002
4.8000000000000032E-001	6.5098195362701894E-002
4.8500000000000032E-001	6.3513022638661099E-002
4.9000000000000032E-001	6.1967262256254152E-002
4.9500000000000033E-001	6.0396637875732573E-002
5.0000000000000033E-001	5.8822910238224502E-002
5.0500000000000034E-001	5.7267798353021426E-002
5.1000000000000034E-001	5.5720502643474390E-002
5.1500000000000035E-001	5.4196538851914333E-002
5.2000000000000035E-001	5.2648272546423236E-002
5.2500000000000036E-001	5.1117425058123445E-002
5.3000000000000036E-001	4.9596097256980443E-002
5.3500000000000036E-001	4.8083150696059285E-002
5.4000000000000037E-001	4.6578855694295651E-002
5.4500000000000037E-001	4.5083810594954254E-002
5.5000000000000038E-001	4.3618747510929534E-002
5.5500000000000038E-001	4.2131256174600118E-002
5.6000000000000039E-001	4.0663871572672594E-002
5.6500000000000039E-001	3.9211073895646376E-002
5.7000000000000040E-001	3.7793996226301196E-002
5.7500000000000040E-001	3.6358189056751034E-002
5.8000000000000040E-001	3.4947442477412327E-002
5.8500000000000041E-001	3.3544405537849986E-002
5.9000000000000041E-001	3.2162783652351479E-002
5.9500000000000042E-001	3.0800020923608340E-002
6.0000000000000042E-001	2.9455805753596742E-002
6.0500000000000043E-001	2.8130767556401981E-002
6.1000000000000043E-001	2.6827658052273939E-002
6.1500000000000044E-001	2.5545633596668615E-002
6.2000000000000044E-001	2.4286024945562534E-002
6.2500000000000044E-001	2.3061572807219211E-002
6.3000000000000045E-001	2.1836004364260919E-002
6.3500000000000045E-001	2.0661534767686618E-002
6.4000000000000046E-001	1.9486084788598035E-002
6.4500000000000046E-001	1.8346922539233645E-002
6.5000000000000047E-001	1.7253693469656106E-002
6.5500000000000047E-001	1.6157010228640356E-002
6.6000000000000048E-001	1.5124112496650355E-002
6.6500000000000048E-001	1.4087923099984412E-002
6.7000000000000048E-001	1.3098696525258191E-002
6.7500000000000049E-001	1.2144334837830062E-002
6.8000000000000049E-001	1.1223623563580087E-002
6.8500000000000050E-001	1.0338074598347013E-002
6.9000000000000050E-001	9.4887044365088435E-003
6.9500000000000051E-001	8.6817550869882076E-003
7.0000000000000051E-001	7.9219458458616998E-003
7.0500000000000052E-001	7.1790491730925332E-003
7.1000000000000052E-001	6.4503102372386323E-003
7.1500000000000052E-001	5.8072094920760264E-003
7.2000000000000053E-001	5.1605645195795802E-003
7.2500000000000053E-001	4.5754409213718539E-003
7.3000000000000054E-001	4.0684664501768886E-003
7.3500000000000054E-001	3.5422764089596548E-003
7.4000000000000055E-001	3.1016721380088264E-003
7.4500000000000055E-001	2.6532572702473445E-003
7.5000000000000056E-001	2.2665969757658111E-003
7.5500000000000056E-001	1.9245577151876248E-003
7.6000000000000056E-001	1.6240394775732803E-003
7.6500000000000057E-001	1.3646030304723666E-003
7.7000000000000057E-001	1.1459879830542086E-003
7.7500000000000058E-001	9.6795454150377935E-004
7.8000000000000058E-001	8.3031802433808366E-004
7.8500000000000059E-001	7.3286288199181371E-004
7.9000000000000059E-001	6.7528727985566306E-004
7.9500000000000060E-001	6.5724492945351543E-004
8.0000000000000060E-001	6.7853470458256737E-004
8.0500000000000060E-001	7.3876761749946951E-004
8.1000000000000061E-001	8.3757465396905317E-004
8.1500000000000061E-001	9.9123127100853026E-004
8.2000000000000062E-001	1.1488612114725072E-003
8.2500000000000062E-001	1.3591046273222496E-003
8.3000000000000063E-001	1.6343114528534208E-003
8.3500000000000063E-001	1.9250518059101829E-003
8.4000000000000064E-001	2.2346882411148350E-003
8.4500000000000064E-001	2.5896774881877249E-003
8.5000000000000064E-001	2.9818481153265353E-003
8.5500000000000065E-001	3.4087267528200016E-003
8.6000000000000065E-001	3.8690840710695618E-003
8.6500000000000066E-001	4.3619808173191998E-003
8.7000000000000066E-001	4.8866287253082064E-003
8.7500000000000067E-001	5.4421403780531286E-003
8.8000000000000067E-001	6.0594696924947122E-003
8.8500000000000068E-001	6.6578665899714728E-003
8.9000000000000068E-001	7.2993502176834646E-003
8.9500000000000068E-001	7.9707832392887923E-003
9.0000000000000069E-001	8.6687835014771508E-003
9.0500000000000069E-001	9.3918793466558625E-003
9.1000000000000070E-001	1.0138952550264424E-002
9.1500000000000070E-001	1.0909156205217041E-002
9.2000000000000071E-001	1.1701599908602311E-002
9.2500000000000071E-001	1.2515600070388544E-002
9.3000000000000071E-001	1.3350434411788736E-002
9.3500000000000072E-001	1.4247498517248047E-002
9.4000000000000072E-001	1.5092361257163400E-002
9.4500000000000073E-001	1.6011511717093363E-002
9.5000000000000073E-001	1.6889596340664781E-002
9.5500000000000074E-001	1.7801133825183779E-002
9.6000000000000074E-001	1.8731887890162113E-002
9.6500000000000075E-001	1.9679158622144755E-002
9.7000000000000075E-001	2.0641591311671981E-002
9.7500000000000075E-001	2.1665740719905457E-002
9.8000000000000076E-001	2.2621443974027322E-002
9.8500000000000076E-001	2.3607580505059289E-002
9.9000000000000077E-001	2.4610773946518449E-002
9.9500000000000077E-001	2.5626809039632548E-002
1.0000000000000007E+000	2.6693918162834507E-002
1.0050000000000006E+000	2.7686865163057295E-002
1.0100000000000005E+000	2.8747895137974488E-002
1.0150000000000003E+000	2.9754346676033716E-002
1.0200000000000002E+000	3.0802384248507675E-002
1.0250000000000001E+000	3.1803807466290301E-002
1.0300000000000000E+000	3.2823933045456055E-002
1.0349999999999999E+000	3.3843666691713903E-002
1.0399999999999998E+000	3.4858897044196535E-002
1.0449999999999997E+000	3.5868155451155292E-002
1.0499999999999996E+000	3.6870460593958487E-002
1.0549999999999995E+000	3.7864900961413372E-002
1.0599999999999994E+000	3.8850559069369073E-002
1.0649999999999993E+000	3.9826507702298120E-002
1.0699999999999992E+000	4.0791819529061080E-002
1.0749999999999991E+000	4.1745571877769727E-002
1.0799999999999990E+000	4.2686850295011070E-002
1.0849999999999989E+000	4.3614751129829266E-002
1.0899999999999987E+000	4.4534438762963369E-002
1.0949999999999986E+000	4.5408754068329671E-002
1.0999999999999985E+000	4.6291050318878035E-002
1.1049999999999984E+000	4.7180686467244826E-002
1.1099999999999983E+000	4.8006189509619102E-002
1.1149999999999982E+000	4.8836518424698827E-002
1.1199999999999981E+000	4.9650593653162378E-002
1.1249999999999980E+000	5.0444466339725658E-002
1.1299999999999979E+000	5.1217318223975017E-002
1.1349999999999978E+000	5.1968186299112595E-002
1.1399999999999977E+000	5.2696497280129595E-002
1.1449999999999976E+000	5.3401726253795800E-002
1.1499999999999975E+000	5.4083219761764223E-002
1.1549999999999974E+000	5.4740408519425188E-002
1.1599999999999973E+000	5.5372720732300706E-002
1.1649999999999971E+000	5.5979599644701672E-002
1.1699999999999970E+000	5.6560508680269628E-002
1.1749999999999969E+000	5.7114935885987705E-002
1.1799999999999968E+000	5.7642397720042649E-002
1.1849999999999967E+000	5.8142439123871625E-002
1.1899999999999966E+000	5.8614442272754363E-002
1.1949999999999965E+000	5.9058210932379396E-002
1.1999999999999964E+000	5.9473366342631895E-002
1.2049999999999963E+000	5.9859571651375010E-002
1.2099999999999962E+000	6.0216530713470551E-002
1.2149999999999961E+000	6.0543976186111959E-002
1.2199999999999960E+000	6.0857673520144040E-002
1.2249999999999959E+000	6.1104542570682874E-002
1.2299999999999958E+000	6.1339337606705069E-002
1.2349999999999957E+000	6.1571567276650363E-002
1.2399999999999956E+000	6.1758901986955106E-002
1.2449999999999954E+000	6.1905765449237649E-002
1.2499999999999953E+000	6.2012691724988578E-002
1.2549999999999952E+000	6.2098524663682486E-002
1.2599999999999951E+000	6.2155596219596543E-002
1.2649999999999950E+000	6.2182168838674112E-002
1.2699999999999949E+000	6.2178079405967868E-002
1.2749999999999948E+000	6.2143536374504649E-002
1.2799999999999947E+000	6.2078804281323841E-002
1.2849999999999946E+000	6.1984140575247260E-002
1.2899999999999945E+000	6.1859837276576179E-002
1.2949999999999944E+000	6.1706200108732290E-002
1.2999999999999943E+000	6.1523549821117740E-002
1.3049999999999942E+000	6.1312227237067418E-002
1.3099999999999941E+000	6.1072598689193569E-002
1.3149999999999940E+000	6.0805056776999322E-002
1.3199999999999938E+000	6.0510013401866569E-002
1.3249999999999937E+000	6.0185991848805021E-002
1.3299999999999936E+000	5.9832105518079270E-002
1.3349999999999935E+000	5.9442437859528852E-002
1.3399999999999934E+000	5.9044500210372330E-002
1.3449999999999933E+000	5.8603904340369883E-002
1.3499999999999932E+000	5.8155752640809411E-002
1.3549999999999931E+000	5.7685549426308214E-002
1.3599999999999930E+000	5.7191502855272969E-002
1.3649999999999929E+000	5.6674115649781864E-002
1.3699999999999928E+000	5.6134135617495140E-002
1.3749999999999927E+000	5.5572418944003665E-002
1.3799999999999926E+000	5.4989763912461243E-002
1.3849999999999925E+000	5.4386918251052130E-002
1.3899999999999924E+000	5.3764609053915891E-002
1.3949999999999922E+000	5.3123560499821032E-002
1.3999999999999921E+000	5.2464501194559698E-002
1.4049999999999920E+000	5.1788166431486538E-002
1.4099999999999919E+000	5.1095298563230696E-002
1.4149999999999918E+000	5.0386646625086406E-002
1.4199999999999917E+000	4.9662966094746963E-002
1.4249999999999916E+000	4.8925017773391755E-002
1.4299999999999915E+000	4.8173489411426296E-002
1.4349999999999914E+000	4.7409254007221069E-002
1.4399999999999913E+000	4.6633072237753481E-002
1.4449999999999912E+000	4.5845719255785067E-002
1.4499999999999911E+000	4.5047974867323592E-002
1.4549999999999910E+000	4.4240616324885629E-002
1.4599999999999909E+000	4.3424417081406208E-002
1.4649999999999908E+000	4.2600159540233218E-002
1.4699999999999906E+000	4.1765373494718983E-002
1.4749999999999905E+000	4.0913017019181819E-002
1.4799999999999904E+000	4.0071068181041891E-002
1.4849999999999903E+000	3.9226579534379802E-002
1.4899999999999902E+000	3.8377731506235246E-002
1.4949999999999901E+000	3.7524780456542839E-002
1.4999999999999900E+000	3.6668447078481492E-002
1.5049999999999899E+000	3.5809588292674999E-002
1.5099999999999898E+000	3.4949053183450651E-002
1.5149999999999897E+000	3.4087625162748214E-002
1.5199999999999896E+000	3.3226013678061772E-002
1.5249999999999895E+000	3.2364883546870171E-002
1.5299999999999894E+000	3.1504666817669058E-002
1.5349999999999893E+000	3.0646133134988762E-002
1.5399999999999892E+000	2.9789828922414774E-002
1.5449999999999890E+000	2.8936283521570072E-002
1.5499999999999889E+000	2.8079137595222292E-002
1.5549999999999888E+000	2.7225779130277683E-002
1.5599999999999887E+000	2.6387152740758424E-002
1.5649999999999886E+000	2.5556958858214074E-002
1.5699999999999885E+000	2.4749229731054534E-002
1.5749999999999884E+000	2.3926213760973258E-002
1.5799999999999883E+000	2.3120080601841231E-002
1.5849999999999882E+000	2.2324046915243478E-002
1.5899999999999881E+000	2.1529831405352251E-002
1.5949999999999880E+000	2.0749123063809272E-002
1.5999999999999879E+000	1.9983924651295393E-002
1.6049999999999878E+000	1.9229859480576650E-002
1.6099999999999877E+000	1.8486504643599133E-002
1.6149999999999876E+000	1.7754248057967104E-002
1.6199999999999875E+000	1.7033187652035764E-002
1.6249999999999873E+000	1.6324636437621720E-002
1.6299999999999872E+000	1.5629136751486250E-002
1.6349999999999871E+000	1.4948298896604761E-002
1.6399999999999870E+000	1.4285186330520006E-002
1.6449999999999869E+000	1.3628309888841450E-002
1.6499999999999868E+000	1.2988764009831399E-002
1.6549999999999867E+000	1.2364569631087008E-002
1.6599999999999866E+000	1.1755084813089844E-002
1.6649999999999865E+000	1.1160352270565443E-002
1.6699999999999864E+000	1.0580622287150288E-002
1.6749999999999863E+000	1.0016181094422816E-002
1.6799999999999862E+000	9.4672822142398694E-003
1.6849999999999861E+000	8.9341269270226675E-003
1.6899999999999860E+000	8.4168703144733570E-003
1.6949999999999859E+000	7.9156451474928780E-003
1.6999999999999857E+000	7.4305489381134571E-003
1.7049999999999856E+000	6.9616691049176893E-003
1.7099999999999855E+000	6.5090891820402952E-003
1.7149999999999854E+000	6.0736383892567858E-003
1.7199999999999853E+000	5.6545965549461563E-003
1.7249999999999852E+000	5.2520314312007876E-003
1.7299999999999851E+000	4.8245489627447569E-003
1.7349999999999850E+000	4.4548169408660243E-003
1.7399999999999849E+000	4.1055006329306920E-003
1.7449999999999848E+000	3.7731203187951756E-003
1.7499999999999847E+000	3.4571190866903301E-003
1.7549999999999846E+000	3.1573393844306352E-003
1.7599999999999845E+000	2.8737896209380942E-003
1.7649999999999844E+000	2.6065975501490257E-003
1.7699999999999843E+000	2.3557634359216983E-003
1.7749999999999841E+000	2.1212924594888882E-003
1.7799999999999840E+000	1.9031660546873219E-003
1.7849999999999839E+000	1.7013258722462510E-003
1.7899999999999838E+000	1.4964660402378982E-003
1.7949999999999837E+000	1.3265999669953565E-003
1.7999999999999836E+000	1.1881806945588380E-003
1.8049999999999835E+000	1.0507015765863770E-003
1.8099999999999834E+000	9.3111635820308791E-004
1.8149999999999833E+000	8.0980144138509402E-004
1.8199999999999832E+000	7.1941874428516073E-004
1.8249999999999831E+000	6.4624491547204954E-004
1.8299999999999830E+000	5.8708915744754009E-004
1.8349999999999829E+000	5.4145715321274324E-004
1.8399999999999828E+000	5.0939836589547483E-004
1.8449999999999827E+000	4.9096356647337913E-004
1.8499999999999825E+000	4.8611557992250809E-004
1.8549999999999824E+000	4.9475347111949119E-004
1.8599999999999823E+000	5.1645137953659770E-004
1.8649999999999822E+000	5.5127025262402540E-004
1.8699999999999821E+000	5.9895397457765398E-004
1.8749999999999820E+000	6.5921949518310541E-004
1.8799999999999819E+000	7.3177735272178523E-004
1.8849999999999818E+000	8.1632851723201227E-004
1.8899999999999817E+000	9.1256665826788819E-004
1.8949999999999816E+000	1.0201793797248726E-003
1.8999999999999815E+000	1.1388495924853359E-003
1.9049999999999814E+000	1.2682569474229410E-003
1.9099999999999813E+000	1.4080855714189155E-003
1.9149999999999812E+000	1.5580189782182785E-003
1.9199999999999811E+000	1.7177381148623105E-003
1.9249999999999809E+000	1.8866707428237817E-003
1.9299999999999808E+000	2.0648234426223766E-003
1.9349999999999807E+000	2.2517852122168058E-003
1.9399999999999806E+000	2.4198936928132575E-003
1.9449999999999805E+000	2.6345460746739491E-003
1.9499999999999804E+000	2.8509282514277423E-003
1.9549999999999803E+000	3.0732254476650844E-003
1.9599999999999802E+000	3.2765219407164814E-003
1.9649999999999801E+000	3.5202972614833961E-003
1.9699999999999800E+000	3.7664537938129072E-003
1.9749999999999799E+000	4.0172090335235389E-003
1.9799999999999798E+000	4.2518065292149743E-003
1.9849999999999797E+000	4.5080095754022054E-003
1.9899999999999796E+000	4.7792649998097403E-003
1.9949999999999795E+000	5.0521438787529682E-003
1.9999999999999793E+000	5.3290587641781073E-003
2.0049999999999795E+000	5.6099746431996778E-003
2.0099999999999794E+000	5.8947942817462184E-003
2.0149999999999793E+000	6.1688619185442661E-003
2.0199999999999791E+000	6.4603360758486161E-003
2.0249999999999790E+000	6.7578624069430937E-003
2.0299999999999789E+000	7.0569118554937305E-003
2.0349999999999788E+000	7.3560354155746133E-003
2.0399999999999787E+000	7.6621912643912715E-003
2.0449999999999786E+000	7.9677423266519831E-003
2.0499999999999785E+000	8.2777751800429122E-003
2.0549999999999784E+000	8.5852887592245963E-003
2.0599999999999783E+000	8.8954561959866396E-003
2.0649999999999782E+000	9.2111730567969730E-003
2.0699999999999781E+000	9.5287221424680268E-003
2.0749999999999780E+000	9.8386880164147428E-003
2.0799999999999779E+000	1.0156662865562716E-002
2.0849999999999778E+000	1.0466384274653517E-002
2.0899999999999777E+000	1.0783434630231792E-002
2.0949999999999775E+000	1.1102513511944689E-002
2.0999999999999774E+000	1.1418998716419715E-002
2.1049999999999773E+000	1.1743228106907644E-002
2.1099999999999772E+000	1.2064902776041109E-002
2.1149999999999771E+000	1.2377781097061114E-002
2.1199999999999770E+000	1.2690650359653333E-002
2.1199999999999770E+000	1.2691857998784251E-002
2.1249999999999769E+000	1.3003050979547126E-002
2.1299999999999768E+000	1.3313144891353268E-002
2.1349999999999767E+000	1.3621650482978254E-002
2.1399999999999766E+000	1.3939890516957654E-002
2.1449999999999765E+000	1.4241604366222571E-002
2.1499999999999764E+000	1.4541821927773313E-002
2.1549999999999763E+000	1.4839874230973660E-002
2.1599999999999762E+000	1.5135445230217481E-002
2.1649999999999761E+000	1.5427407659939885E-002
2.1699999999999759E+000	1.5715126437418458E-002
2.1749999999999758E+000	1.5999281689489830E-002
2.1799999999999757E+000	1.6280309446770946E-002
2.1849999999999756E+000	1.6557675969270491E-002
2.1899999999999755E+000	1.6830726158564957E-002
2.1949999999999754E+000	1.7099575767729469E-002
2.1999999999999753E+000	1.7364055800594080E-002
2.2049999999999752E+000	1.7624011914491255E-002
2.2099999999999751E+000	1.7879277059931198E-002
2.2149999999999750E+000	1.8129702654864577E-002
2.2199999999999749E+000	1.8375145914502511E-002
2.2249999999999748E+000	1.8615601786560187E-002
2.2299999999999747E+000	1.8850801196627298E-002
2.2349999999999746E+000	1.9080627391274696E-002
2.2399999999999745E+000	1.9304957925283972E-002
2.2449999999999743E+000	1.9523674089015230E-002
2.2499999999999742E+000	1.9760104365539100E-002
2.2549999999999741E+000	1.9966967071217034E-002
2.2599999999999740E+000	2.0165633360466728E-002
2.2649999999999739E+000	2.0368211390348723E-002
2.2699999999999738E+000	2.0553950459852199E-002
2.2749999999999737E+000	2.0734478215949537E-002
2.2799999999999736E+000	2.0909735790146211E-002
2.2849999999999735E+000	2.1079081855295279E-002
2.2899999999999734E+000	2.1242218795361811E-002
2.2949999999999733E+000	2.1398978986335138E-002
2.2999999999999732E+000	2.1549256475227541E-002
2.3049999999999731E+000	2.1692788516515460E-002
2.3099999999999730E+000	2.1829833770821150E-002
2.3149999999999729E+000	2.1960175165915530E-002
2.3199999999999728E+000	2.2083756773300767E-002
2.3249999999999726E+000	2.2200520416092218E-002
2.3299999999999725E+000	2.2310400880525716E-002
2.3349999999999724E+000	2.2413360805154436E-002
2.3399999999999723E+000	2.2509363222799728E-002
2.3449999999999722E+000	2.2598373487109580E-002
2.3499999999999721E+000	2.2680362657216513E-002
2.3549999999999720E+000	2.2755306090205707E-002
2.3599999999999719E+000	2.2823183458971830E-002
2.3649999999999718E+000	2.2883977294155589E-002
2.3699999999999717E+000	2.2937677311548832E-002
2.3749999999999716E+000	2.2984279891427484E-002
2.3799999999999715E+000	2.3023786715185679E-002
2.3849999999999714E+000	2.3056200241191149E-002
2.3899999999999713E+000	2.3081527889269982E-002
2.3949999999999712E+000	2.3099783276778307E-002
2.3999999999999710E+000	2.3110982859946283E-002
2.4049999999999709E+000	2.3115146274098830E-002
2.4099999999999708E+000	2.3112297578390173E-002
2.4149999999999707E+000	2.3102461335347879E-002
2.4199999999999706E+000	2.3085668246320079E-002
2.4249999999999705E+000	2.3061952687386533E-002
2.4299999999999704E+000	2.3031350660560612E-002
2.4349999999999703E+000	2.2993902618617224E-002
2.4399999999999702E+000	2.2949655167678440E-002
2.4449999999999701E+000	2.2898656129710648E-002
2.4499999999999700E+000	2.2840957968092823E-002
2.4549999999999699E+000	2.2776615730606853E-002
2.4599999999999698E+000	2.2705688182123929E-002
2.4649999999999697E+000	2.2628237383798933E-002
2.4699999999999696E+000	2.2544328914012812E-002
2.4749999999999694E+000	2.2454031620011694E-002
2.4799999999999693E+000	2.2357416811035868E-002
2.4849999999999692E+000	2.2254559612570723E-002
2.4899999999999691E+000	2.2145538753579608E-002
2.4949999999999690E+000	2.2030435718096708E-002
2.4999999999999689E+000	2.1909334896118349E-002
2.5049999999999688E+000	2.1782323743978704E-002
2.5099999999999687E+000	2.1649492862734654E-002
2.5149999999999686E+000	2.1510935761024808E-002
2.5199999999999685E+000	2.1366683370798167E-002
2.5249999999999684E+000	2.1216842502727040E-002
2.5299999999999683E+000	2.1061575435751934E-002
2.5349999999999682E+000	2.0900947028455796E-002
2.5399999999999681E+000	2.0735097667481384E-002
2.5449999999999680E+000	2.0564135923822224E-002
2.5499999999999678E+000	2.0395309279767737E-002
2.5549999999999677E+000	2.0210718038371489E-002
2.5599999999999676E+000	2.0021819581622413E-002
2.5649999999999675E+000	1.9829695053475316E-002
2.5699999999999674E+000	1.9632381288563483E-002
2.5749999999999673E+000	1.9428438896167410E-002
2.5799999999999672E+000	1.9222840226016391E-002
2.5849999999999671E+000	1.9014473820018196E-002
2.5899999999999670E+000	1.8802575721981185E-002
2.5949999999999669E+000	1.8586971266133734E-002
2.5999999999999668E+000	1.8367672095541021E-002
2.6049999999999667E+000	1.8144761467458803E-002
2.6099999999999666E+000	1.7918353323399305E-002
2.6149999999999665E+000	1.7688575359065428E-002
2.6199999999999664E+000	1.7455632939836541E-002
2.6249999999999662E+000	1.7219592259520411E-002
2.6299999999999661E+000	1.6980593630130603E-002
2.6349999999999660E+000	1.6738797715101672E-002
2.6399999999999659E+000	1.6494328542990822E-002
2.6449999999999658E+000	1.6247323756897192E-002
2.6499999999999657E+000	1.5998088997543292E-002
2.6549999999999656E+000	1.5746608150613461E-002
2.6599999999999655E+000	1.5493015924637810E-002
2.6649999999999654E+000	1.5237461882158243E-002
2.6699999999999653E+000	1.4980093706035813E-002
2.6749999999999652E+000	1.4721177614419378E-002
2.6799999999999651E+000	1.4460209777938715E-002
2.6849999999999650E+000	1.4194927999949147E-002
2.6899999999999649E+000	1.3930561510280270E-002
2.6949999999999648E+000	1.3666158516072002E-002
2.6999999999999647E+000	1.3401197407974852E-002
2.7049999999999645E+000	1.3132036107252443E-002
2.7099999999999644E+000	1.2861622849649645E-002
2.7149999999999643E+000	1.2593656191333569E-002
2.7199999999999642E+000	1.2326364125909262E-002
2.7249999999999641E+000	1.2059200201972597E-002
2.7299999999999640E+000	1.1792074706847178E-002
2.7349999999999639E+000	1.1527635028300232E-002
2.7399999999999638E+000	1.1258252421227244E-002
2.7449999999999637E+000	1.0991227939400883E-002
2.7499999999999636E+000	1.0725169303124726E-002
2.7549999999999635E+000	1.0459726434856709E-002
2.7599999999999634E+000	1.0194941839072769E-002
2.7649999999999633E+000	9.9309985667854761E-003
2.7699999999999632E+000	9.6736965954331566E-003
2.7749999999999631E+000	9.4087929572266304E-003
2.7799999999999629E+000	9.1482227614294587E-003
2.7849999999999628E+000	8.8897327608212784E-003
2.7899999999999627E+000	8.6331296059820595E-003
2.7949999999999626E+000	8.3785250793728672E-003
2.7999999999999625E+000	8.1350876647388048E-003
2.8049999999999624E+000	7.8819148649338366E-003
2.8099999999999623E+000	7.6332772280069960E-003
2.8149999999999622E+000	7.3879640922149825E-003
2.8199999999999621E+000	7.1459134408997649E-003
2.8249999999999620E+000	6.9072633760045576E-003
2.8299999999999619E+000	6.6795624038822332E-003
2.8349999999999618E+000	6.4438451242874173E-003
2.8399999999999617E+000	6.2131400394980218E-003
2.8449999999999616E+000	5.9846384863333491E-003
2.8499999999999615E+000	5.7611863046944656E-003
2.8549999999999613E+000	5.5422034604997172E-003
2.8599999999999612E+000	5.3273527974622148E-003
2.8649999999999611E+000	5.1163589880145466E-003
2.8699999999999610E+000	4.9091516568902094E-003
2.8749999999999609E+000	4.7057596684698666E-003
2.8799999999999608E+000	4.5062436837413067E-003
2.8849999999999607E+000	4.3106780156167979E-003
2.8899999999999606E+000	4.1191550589121384E-003
2.8949999999999605E+000	3.9317682305433088E-003
2.8999999999999604E+000	3.7486074549937243E-003
2.9049999999999603E+000	3.5697725865015961E-003
2.9099999999999602E+000	3.3953556172221511E-003
2.9149999999999601E+000	3.2254431339207024E-003
2.9199999999999600E+000	3.0583713235667886E-003
2.9249999999999599E+000	2.8964253207002244E-003
2.9299999999999597E+000	2.7463352303533917E-003
2.9349999999999596E+000	2.5956244544218521E-003
2.9399999999999595E+000	2.4510838968994086E-003
2.9449999999999594E+000	2.3057034752671512E-003
2.9499999999999593E+000	2.1704454555315777E-003
2.9549999999999592E+000	2.0410636325709497E-003
2.9599999999999591E+000	1.9170596122677352E-003
2.9649999999999590E+000	1.7981053624143151E-003
2.9699999999999589E+000	1.6843319496113729E-003
2.9749999999999588E+000	1.5756471509491554E-003
2.9799999999999587E+000	1.4721816903442431E-003
2.9849999999999586E+000	1.3739758815911607E-003
2.9899999999999585E+000	1.2810901367741323E-003
2.9949999999999584E+000	1.1935445283461910E-003
2.9999999999999583E+000	1.1113594686693595E-003
3.0049999999999581E+000	1.0345594575147388E-003
3.0099999999999580E+000	9.6317257383660149E-004
3.0149999999999579E+000	8.9720637767198852E-004
3.0199999999999578E+000	8.3667313418445133E-004
3.0249999999999577E+000	7.8157714147897295E-004
3.0299999999999576E+000	7.3191711945641558E-004
3.0349999999999575E+000	6.8768472291047544E-004
3.0399999999999574E+000	6.4886557035492842E-004
3.0449999999999573E+000	6.1544786317480060E-004
3.0499999999999572E+000	5.8740927340927840E-004
3.0549999999999571E+000	5.6472759126346972E-004
3.0599999999999570E+000	5.4737264754756154E-004
3.0649999999999569E+000	5.3531237327453240E-004
3.0699999999999568E+000	5.2853872414715397E-004
3.0749999999999567E+000	5.2706552925618766E-004
3.0799999999999566E+000	5.3074669682029452E-004
3.0849999999999564E+000	5.3953447751808881E-004
3.0899999999999563E+000	5.5336870210531686E-004
3.0949999999999562E+000	5.7217872892101340E-004
3.0999999999999561E+000	5.9593786419354089E-004
3.1049999999999560E+000	6.2458458308478626E-004
3.1099999999999559E+000	6.5804951530923361E-004
3.1149999999999558E+000	6.9626068430306276E-004
3.1199999999999557E+000	7.3914320105039621E-004
3.1249999999999556E+000	7.8661871342955436E-004
3.1299999999999555E+000	8.3859905678318469E-004
3.1349999999999554E+000	8.9503033937932130E-004
3.1399999999999553E+000	9.5294698879344608E-004
3.1449999999999552E+000	1.0181676671185969E-003
3.1499999999999551E+000	1.0789428835384918E-003
3.1549999999999550E+000	1.1512901137571419E-003
3.1599999999999548E+000	1.2292676693803628E-003
3.1649999999999547E+000	1.3115120700426530E-003
3.1699999999999546E+000	1.3975658334035579E-003
3.1749999999999545E+000	1.5008533593126039E-003
3.1799999999999544E+000	1.5896345628960695E-003
3.1849999999999543E+000	1.6793466318434369E-003
3.1899999999999542E+000	1.7876690387770289E-003
3.1949999999999541E+000	1.8826798607523010E-003
3.1999999999999540E+000	1.9851407871089854E-003
3.2049999999999539E+000	2.0921693849205170E-003
3.2099999999999538E+000	2.2025766576239114E-003
3.2149999999999537E+000	2.3158929863416056E-003
3.2199999999999536E+000	2.4318546388584217E-003
3.2249999999999535E+000	2.5502656646261279E-003
3.2299999999999534E+000	2.6709573261718411E-003
3.2349999999999532E+000	2.7937750552147200E-003
3.2399999999999531E+000	2.9185731776282253E-003
3.2449999999999530E+000	3.0452116610324431E-003
3.2499999999999529E+000	3.1735536242361029E-003
3.2549999999999528E+000	3.3034637892455088E-003
3.2599999999999527E+000	3.4348076858532472E-003
3.2649999999999526E+000	3.5674498942279698E-003
3.2699999999999525E+000	3.7012546680248448E-003
3.2749999999999524E+000	3.8361117820366886E-003
3.2799999999999523E+000	3.9718579597614045E-003
3.2849999999999522E+000	4.1083551522418382E-003
3.2899999999999521E+000	4.2454700131941969E-003
3.2949999999999520E+000	4.3830688102395321E-003
3.2999999999999519E+000	4.5210177186278955E-003
3.3049999999999518E+000	4.6591837046223716E-003
3.3099999999999516E+000	4.7974351903632417E-003
3.3149999999999515E+000	4.9359123448073916E-003
3.3199999999999514E+000	5.0742328344344223E-003
3.3249999999999513E+000	5.2122491247499347E-003
3.3299999999999512E+000	5.3716141025055286E-003
3.3349999999999511E+000	5.4993082933236792E-003
3.3399999999999510E+000	5.6317541938031290E-003
3.3449999999999509E+000	5.7654855242552649E-003
3.3499999999999508E+000	5.8990851689828538E-003
3.3549999999999507E+000	6.0319185366628503E-003
3.3599999999999506E+000	6.1636534972948631E-003
3.3649999999999505E+000	6.2940872071957088E-003
3.3699999999999504E+000	6.4230697572900119E-003
3.3749999999999503E+000	6.5504705537775543E-003
3.3799999999999502E+000	6.6761667735049102E-003
3.3849999999999500E+000	6.8000409257251704E-003
3.3899999999999499E+000	6.9223435159320168E-003
3.3949999999999498E+000	7.0426017216087544E-003
3.3999999999999497E+000	7.1607040626542329E-003
3.4049999999999496E+000	7.2765503661997855E-003
3.4099999999999495E+000	7.3900419963059960E-003
3.4149999999999494E+000	7.5010821690626450E-003
3.4199999999999493E+000	7.6095767938362258E-003
3.4249999999999492E+000	7.7154344426131338E-003
3.4299999999999491E+000	7.8185666054459979E-003
3.4349999999999490E+000	7.9188920873090041E-003
3.4399999999999489E+000	8.0163134293291805E-003
3.4449999999999488E+000	8.1107598571272810E-003
3.4499999999999487E+000	8.2021577477640051E-003
3.4549999999999486E+000	8.2904344767382732E-003
3.4599999999999485E+000	8.3755206756253031E-003
3.4649999999999483E+000	8.4573500147642200E-003
3.4699999999999482E+000	8.5358594244016039E-003
3.4749999999999481E+000	8.6109893969381623E-003
3.4799999999999480E+000	8.6827333094983139E-003
3.4849999999999479E+000	8.7509897701312234E-003
3.4899999999999478E+000	8.8157109779989362E-003
3.4949999999999477E+000	8.8768450062168824E-003
3.4999999999999476E+000	8.9343466731208743E-003
3.5049999999999475E+000	8.9881887432210483E-003
3.5099999999999474E+000	9.0383385511110248E-003
3.5149999999999473E+000	9.0847648954688331E-003
3.5199999999999472E+000	9.1274398879002128E-003
3.5249999999999471E+000	9.1663401440991166E-003
3.5299999999999470E+000	9.2014461552856197E-003
3.5349999999999469E+000	9.2327434339334324E-003
3.5399999999999467E+000	9.2602213184620474E-003
3.5449999999999466E+000	9.2838724689729979E-003
3.5499999999999465E+000	9.3036922729288207E-003
3.5549999999999464E+000	9.3196755876538973E-003
3.5599999999999463E+000	9.3318205054910841E-003
3.5649999999999462E+000	9.3401281638962885E-003
3.5699999999999461E+000	9.3446097905243164E-003
3.5749999999999460E+000	9.3452827844253683E-003
3.5799999999999459E+000	9.3421656802612496E-003
3.5849999999999458E+000	9.3352805710766873E-003
3.5899999999999457E+000	9.3246511096634066E-003
3.5949999999999456E+000	9.3103057065575534E-003
3.5999999999999455E+000	9.2922771691852368E-003
3.6049999999999454E+000	9.2705998494326813E-003
3.6099999999999453E+000	9.2453097711899801E-003
3.6149999999999451E+000	9.2164456151890839E-003
3.6199999999999450E+000	9.1840487976648788E-003
3.6249999999999449E+000	9.1481631225089899E-003
3.6299999999999448E+000	9.1088352188513078E-003
3.6349999999999447E+000	9.0661144940997751E-003
3.6399999999999446E+000	9.0200528384363210E-003
3.6449999999999445E+000	8.9707046937892443E-003
3.6499999999999444E+000	8.9181269057947432E-003
3.6549999999999443E+000	8.8623786883572642E-003
3.6599999999999442E+000	8.8035214409467599E-003
3.6649999999999441E+000	8.7416188163680353E-003
3.6699999999999440E+000	8.6767365593689583E-003
3.6749999999999439E+000	8.6089424132933523E-003
3.6799999999999438E+000	8.5382623061858176E-003
3.6849999999999437E+000	8.4648131381115377E-003
3.6899999999999435E+000	8.3886673935169576E-003
3.6949999999999434E+000	8.3098994382426739E-003
3.6999999999999433E+000	8.2285854258947744E-003
3.7049999999999432E+000	8.1448041680283190E-003
3.7099999999999431E+000	8.0586346420803423E-003
3.7149999999999430E+000	7.9701569183381338E-003
3.7199999999999429E+000	7.8794526008714172E-003
3.7249999999999428E+000	7.7866046522032661E-003
3.7299999999999427E+000	7.6916971802303280E-003
3.7349999999999426E+000	7.5948152933120738E-003
3.7399999999999425E+000	7.4960449960843611E-003
3.7449999999999424E+000	7.3954729339478220E-003
3.7499999999999423E+000	7.2931865697474230E-003
3.7549999999999422E+000	7.1892742832626588E-003
3.7599999999999421E+000	7.0838249074314241E-003
3.7649999999999419E+000	6.9769277569067256E-003
3.7699999999999418E+000	6.8686725807189930E-003
3.7749999999999417E+000	6.7591494775749439E-003
3.7799999999999416E+000	6.6484488250946328E-003
3.7849999999999415E+000	6.5368405338688262E-003
3.7899999999999414E+000	6.4242355965422604E-003
3.7949999999999413E+000	6.3107272676146131E-003
3.7999999999999412E+000	6.1964184696314817E-003
3.8049999999999411E+000	6.0813946955025067E-003
3.8099999999999410E+000	5.9657441589506810E-003
3.8149999999999409E+000	5.8495549429546934E-003
3.8199999999999408E+000	5.7329164267585497E-003
3.8249999999999407E+000	5.6159185405539880E-003
3.8299999999999406E+000	5.4986507845011801E-003
3.8349999999999405E+000	5.3812019780976605E-003
3.8399999999999403E+000	5.2636602815483435E-003
3.8449999999999402E+000	5.1461131983594477E-003
3.8499999999999401E+000	5.0384524998525748E-003
3.8549999999999400E+000	4.9141983211242746E-003
3.8599999999999399E+000	4.7957310040809276E-003
3.8649999999999398E+000	4.6790526543176725E-003
3.8699999999999397E+000	4.5630646864234237E-003
3.8749999999999396E+000	4.4475518118582968E-003
3.8799999999999395E+000	4.3325534129059484E-003
3.8849999999999394E+000	4.2181584071960820E-003
3.8899999999999393E+000	4.1044639365419577E-003
3.8949999999999392E+000	3.9915663837088999E-003
3.8999999999999391E+000	3.8795407175933327E-003
3.9049999999999390E+000	3.7684642053066320E-003
3.9099999999999389E+000	3.6584209482515284E-003
3.9149999999999388E+000	3.5495071246574028E-003
3.9199999999999386E+000	3.4417733633693715E-003
3.9249999999999385E+000	3.3352899257836910E-003
3.9299999999999384E+000	3.2301399045819856E-003
3.9349999999999383E+000	3.1263852906544543E-003
3.9399999999999382E+000	3.0240750826595608E-003
3.9449999999999381E+000	2.9232789061239828E-003
3.9499999999999380E+000	2.8240546234128416E-003
3.9549999999999379E+000	2.7264565287214992E-003
3.9599999999999378E+000	2.6305452657675588E-003
3.9649999999999377E+000	2.5363599255174840E-003
3.9699999999999376E+000	2.4439580994584098E-003
3.9749999999999375E+000	2.3533896252603270E-003
3.9799999999999374E+000	2.2647067674119725E-003
3.9849999999999373E+000	2.1779397601950912E-003
3.9899999999999372E+000	2.0931372080021937E-003
3.9949999999999370E+000	2.0103401862203718E-003
3.9999999999999369E+000	1.9295855151058028E-003
4.0049999999999368E+000	1.8509141275786511E-003
4.0099999999999367E+000	1.7743457372993987E-003
4.0149999999999366E+000	1.6999173937146672E-003
4.0199999999999365E+000	1.6276590336721242E-003
4.0249999999999364E+000	1.5562135677575917E-003
4.0299999999999363E+000	1.4868035175359395E-003
4.0349999999999362E+000	1.4236673347096662E-003
4.0399999999999361E+000	1.3615418899433074E-003
4.0449999999999360E+000	1.3056883725046653E-003
4.0499999999999359E+000	1.2429007906264999E-003
4.0549999999999358E+000	1.1875019560867450E-003
4.0599999999999357E+000	1.1347982294056536E-003
4.0649999999999356E+000	1.0839587623565627E-003
4.0699999999999354E+000	1.0349519416519293E-003
4.0749999999999353E+000	9.8789041607849626E-004
4.0799999999999352E+000	9.4288777031659166E-004
4.0849999999999351E+000	8.8659549816672012E-004
4.0899999999999350E+000	8.4346891979070193E-004
4.0949999999999349E+000	8.0721381204318376E-004
4.0999999999999348E+000	7.7362141045878019E-004
4.1049999999999347E+000	7.4187905562927980E-004
4.1099999999999346E+000	7.1196228803493966E-004
4.1149999999999345E+000	6.8396617222132861E-004
4.1199999999999344E+000	6.5798131549765770E-004
4.1249999999999343E+000	6.3407616352151308E-004
4.1299999999999342E+000	6.1230023203684425E-004
4.1349999999999341E+000	5.9269081092638842E-004
4.1399999999999340E+000	5.7525437775129973E-004
4.1449999999999338E+000	5.5999385746030583E-004
4.1499999999999337E+000	5.4689979107358511E-004
4.1549999999999336E+000	5.3596144754086694E-004
4.1599999999999335E+000	5.2716406242225844E-004
4.1649999999999334E+000	5.2050301077466443E-004
4.1699999999999333E+000	5.1595540144422358E-004
4.1749999999999332E+000	5.1348258222239096E-004
4.1799999999999331E+000	5.1305833673609413E-004
4.1849999999999330E+000	5.1467214273737127E-004
4.1899999999999329E+000	5.1803428031194088E-004
4.1949999999999328E+000	5.2338265142548579E-004
4.1999999999999327E+000	5.3068217081220226E-004
4.2049999999999326E+000	5.3988756397105320E-004
4.2099999999999325E+000	5.5095916620606644E-004
4.2149999999999324E+000	5.6385829101435192E-004
4.2199999999999322E+000	5.7854741400253928E-004
4.2249999999999321E+000	5.9498860556050914E-004
4.2299999999999320E+000	6.1314241257681701E-004
4.2349999999999319E+000	6.3296875864438107E-004
4.2399999999999318E+000	6.5442684497929449E-004
4.2449999999999317E+000	6.7747517703686810E-004
4.2499999999999316E+000	7.0207128106680727E-004
4.2549999999999315E+000	7.2817276788228469E-004
4.2599999999999314E+000	7.5573632273151503E-004
4.2649999999999313E+000	7.8471798019741357E-004
4.2699999999999312E+000	8.1507147840920169E-004
4.2749999999999311E+000	8.4675772949438510E-004
4.2799999999999310E+000	8.7973016854014929E-004
4.2849999999999309E+000	9.1394280872991729E-004
4.2899999999999308E+000	9.4934773887445090E-004
4.2949999999999307E+000	9.8589846909780121E-004
4.2999999999999305E+000	1.0235485720793136E-003
4.3049999999999304E+000	1.0622548589278580E-003
4.3099999999999303E+000	1.1019671927585684E-003
4.3149999999999302E+000	1.1426391081270637E-003
4.3199999999999301E+000	1.1842238655463966E-003
4.3249999999999300E+000	1.2266768401896222E-003
4.3299999999999299E+000	1.2699488598797437E-003
4.3349999999999298E+000	1.3139925592673407E-003
4.3399999999999297E+000	1.3587601741709143E-003
4.3449999999999296E+000	1.4042051252718402E-003
4.3499999999999295E+000	1.4502820403183847E-003
4.3549999999999294E+000	1.4969448390260709E-003
4.3599999999999293E+000	1.5441467080674620E-003
4.3649999999999292E+000	1.5918412144015903E-003
4.3699999999999291E+000	1.6399821546819737E-003
4.3749999999999289E+000	1.6885235240300389E-003
4.3799999999999288E+000	1.7373251226273645E-003
4.3849999999999287E+000	1.7864568149899007E-003
4.3899999999999286E+000	1.8358463260312874E-003
4.3949999999999285E+000	1.8854562750139081E-003
4.3999999999999284E+000	1.9352434809385421E-003
4.4049999999999283E+000	1.9851638557280005E-003
4.4099999999999282E+000	2.0351736647903351E-003
4.4149999999999281E+000	2.0852295776676577E-003
4.4199999999999280E+000	2.1352887310577273E-003
4.4249999999999279E+000	2.1853087859131648E-003
4.4299999999999278E+000	2.2352730526011833E-003
4.4349999999999277E+000	2.2851161133496944E-003
4.4399999999999276E+000	2.3347925610637255E-003
4.4449999999999275E+000	2.3842712742507821E-003
4.4499999999999273E+000	2.4207192146463719E-003
4.4549999999999272E+000	2.4784390856300575E-003
4.4599999999999271E+000	2.5306468145585015E-003
4.4649999999999270E+000	2.5810404728869862E-003
4.4699999999999269E+000	2.6303382386885232E-003
4.4749999999999268E+000	2.6787940380903486E-003
4.4799999999999267E+000	2.7047300757865322E-003
4.4849999999999266E+000	2.7593867681949824E-003
4.4899999999999265E+000	2.7921841517395407E-003
4.4949999999999264E+000	2.8449148660771861E-003
4.4949999999999264E+000	2.8449713405973576E-003
4.4999999999999263E+000	2.8926395444992536E-003
4.5049999999999262E+000	2.9207238700736937E-003
4.5099999999999261E+000	2.9705889446298706E-003
4.5149999999999260E+000	3.0168163241057755E-003
4.5199999999999259E+000	3.0611341075421628E-003
4.5249999999999257E+000	3.1039844594547006E-003
4.5299999999999256E+000	3.1455931302657447E-003
4.5349999999999255E+000	3.1860798898830645E-003
4.5399999999999254E+000	3.2255149916591286E-003
4.5449999999999253E+000	3.2639389691180298E-003
4.5499999999999252E+000	3.3013715286398515E-003
4.5549999999999251E+000	3.3378162237780451E-003
4.5599999999999250E+000	3.3732711252549841E-003
4.5649999999999249E+000	3.4077267843604098E-003
4.5699999999999248E+000	3.4411703161056906E-003
4.5749999999999247E+000	3.4735871961415477E-003
4.5799999999999246E+000	3.5049613287547743E-003
4.5849999999999245E+000	3.5352775419390525E-003
4.5899999999999244E+000	3.5645217899586967E-003
4.5949999999999243E+000	3.5926792674727537E-003
4.5999999999999241E+000	3.6197357029457145E-003
4.6049999999999240E+000	3.6456773367592454E-003
4.6099999999999239E+000	3.6704910621336850E-003
4.6149999999999238E+000	3.6941647828228064E-003
4.6199999999999237E+000	3.7166867952924676E-003
4.6249999999999236E+000	3.7380466228928988E-003
4.6299999999999235E+000	3.7582344196573914E-003
4.6349999999999234E+000	3.7772404125950843E-003
4.6399999999999233E+000	3.7950566658944140E-003
4.6449999999999232E+000	3.8116762171984675E-003
4.6499999999999231E+000	3.8270928048858011E-003
4.6549999999999230E+000	3.8413008192681453E-003
4.6599999999999229E+000	3.8542950982241031E-003
4.6649999999999228E+000	3.8660714300400301E-003
4.6699999999999227E+000	3.8766251359056980E-003
4.6749999999999226E+000	3.8859499532071240E-003
4.6799999999999224E+000	3.8940462742624860E-003
4.6849999999999223E+000	3.9009132217784348E-003
4.6899999999999222E+000	3.9065512335860753E-003
4.6949999999999221E+000	3.9109604909723927E-003
4.6999999999999220E+000	3.9141424489148591E-003
4.7049999999999219E+000	3.9161009897199506E-003
4.7099999999999218E+000	3.9168408569438817E-003
4.7149999999999217E+000	3.9163648393381045E-003
4.7199999999999216E+000	3.9146772986864420E-003
4.7249999999999215E+000	3.9117963278028078E-003
4.7299999999999214E+000	3.9077092429349314E-003
4.7349999999999213E+000	3.9024232952269422E-003
4.7399999999999212E+000	3.8959481159226428E-003
4.7449999999999211E+000	3.8882928711156950E-003
4.7499999999999210E+000	3.8794668896646733E-003
4.7549999999999208E+000	3.8694806664953951E-003
4.7599999999999207E+000	3.8583454757334934E-003
4.7649999999999206E+000	3.8460732548268872E-003
4.7699999999999205E+000	3.8326766285026181E-003
4.7749999999999204E+000	3.8181688998784047E-003
4.7799999999999203E+000	3.8025602025792971E-003
4.7849999999999202E+000	3.7858692768710789E-003
4.7899999999999201E+000	3.7681126699324885E-003
4.7949999999999200E+000	3.7493064765299344E-003
4.7999999999999199E+000	3.7294666829659207E-003
4.8049999999999198E+000	3.7086099064800315E-003
4.8099999999999197E+000	3.6867536801947765E-003
4.8149999999999196E+000	3.6639162797618141E-003
4.8199999999999195E+000	3.6401165455304252E-003
4.8249999999999194E+000	3.6153738710167360E-003
4.8299999999999192E+000	3.5897081989810786E-003
4.8349999999999191E+000	3.5631400009386027E-003
4.8399999999999190E+000	3.5356897921432484E-003
4.8449999999999189E+000	3.5073794809155068E-003
4.8499999999999188E+000	3.4782309803822464E-003
4.8549999999999187E+000	3.4482666878807855E-003
4.8599999999999186E+000	3.4175093972366177E-003
4.8649999999999185E+000	3.3859822993957955E-003
4.8699999999999184E+000	3.3537101161069671E-003
4.8749999999999183E+000	3.3207183048240552E-003
4.8799999999999182E+000	3.2870295959441798E-003
4.8849999999999181E+000	3.2526676912123520E-003
4.8899999999999180E+000	3.2176534935368650E-003
4.8949999999999179E+000	3.1820161573410388E-003
4.8999999999999178E+000	3.1457808562933565E-003
4.9049999999999176E+000	3.1089739927541160E-003
4.9099999999999175E+000	3.0716214774990647E-003
4.9149999999999174E+000	3.0337493286372030E-003
4.9199999999999173E+000	2.9953839045617769E-003
4.9249999999999172E+000	2.9565518331762242E-003
4.9299999999999171E+000	2.9172826953871578E-003
4.9349999999999170E+000	2.8777171185727646E-003
4.9399999999999169E+000	2.8377543319879628E-003
4.9449999999999168E+000	2.7974296250308228E-003
4.9499999999999167E+000	2.7492830135549262E-003
4.9549999999999166E+000	2.7122304124049812E-003
4.9599999999999165E+000	2.6678062968095162E-003
4.9649999999999164E+000	2.6284194378685122E-003
4.9699999999999163E+000	2.5870760669852721E-003
4.9749999999999162E+000	2.5463362484772212E-003
4.9799999999999160E+000	2.5105333520087925E-003
4.9849999999999159E+000	2.4716082276721174E-003
4.9899999999999158E+000	2.4314720496554365E-003
4.9949999999999157E+000	2.3813181502050362E-003
4.9999999999999156E+000	2.3433121057627737E-003
5.0049999999999155E+000	2.3022524629023877E-003
5.0099999999999154E+000	2.2609389461085705E-003
5.0149999999999153E+000	2.2194787133407168E-003
5.0199999999999152E+000	2.1779583333088048E-003
5.0249999999999151E+000	2.1364415457059138E-003
5.0299999999999150E+000	2.0949080455889835E-003
5.0349999999999149E+000	2.0534489517083365E-003
5.0399999999999148E+000	2.0120975644690731E-003
5.0449999999999147E+000	1.9709110972412347E-003
5.0499999999999146E+000	1.9299032907174052E-003
5.0549999999999145E+000	1.8890941013207652E-003
5.0599999999999143E+000	1.8485145522468827E-003
5.0649999999999142E+000	1.8081954968747205E-003
5.0699999999999141E+000	1.7681656956600733E-003
5.0749999999999140E+000	1.7284524539316060E-003
5.0799999999999139E+000	1.6890818257424556E-003
5.0849999999999138E+000	1.6500951104454487E-003
5.0899999999999137E+000	1.6114874508934562E-003
5.0949999999999136E+000	1.5732654535698387E-003
5.0999999999999135E+000	1.5354951319759280E-003
5.1049999999999134E+000	1.4981845337218580E-003
5.1099999999999133E+000	1.4613579467486204E-003
5.1149999999999132E+000	1.4250278664533766E-003
5.1199999999999131E+000	1.3892123091081565E-003
5.1249999999999130E+000	1.3539298626419338E-003
5.1299999999999129E+000	1.3191976770530189E-003
5.1349999999999127E+000	1.2850333941005765E-003
5.1399999999999126E+000	1.2514543983770388E-003
5.1449999999999125E+000	1.2184776756165583E-003
5.1499999999999124E+000	1.1861198172926635E-003
5.1549999999999123E+000	1.1543970062577458E-003
5.1599999999999122E+000	1.1233249902882214E-003
5.1649999999999121E+000	1.0929190518074172E-003
5.1699999999999120E+000	1.0631939772620669E-003
5.1749999999999119E+000	1.0341640275122188E-003
5.1799999999999118E+000	1.0058429111556855E-003
5.1849999999999117E+000	9.7824376105881683E-004
5.1899999999999116E+000	9.5137911516829377E-004
5.1949999999999115E+000	9.2526090155775620E-004
5.1999999999999114E+000	8.9990042610610388E-004
5.2049999999999113E+000	8.7530836353311159E-004
5.2099999999999111E+000	8.5149475491563820E-004
5.2149999999999110E+000	8.2846777732870081E-004
5.2199999999999109E+000	8.0623617260311420E-004
5.2249999999999108E+000	7.8480910751776989E-004
5.2299999999999107E+000	7.6419387173931597E-004
5.2349999999999106E+000	7.4439412937188365E-004
5.2399999999999105E+000	7.2541935747727493E-004
5.2449999999999104E+000	7.0727478382259790E-004
5.2499999999999103E+000	6.8996531034981601E-004
5.2549999999999102E+000	6.7349546853501252E-004
5.2599999999999101E+000	6.5786903004161346E-004
5.2649999999999100E+000	6.4308903688825581E-004
5.2699999999999099E+000	6.2915786359907244E-004
5.2749999999999098E+000	6.1607723484558008E-004
5.2799999999999097E+000	6.0384822505188396E-004
5.2849999999999095E+000	5.9247127231332186E-004
5.2899999999999094E+000	5.8194617006979144E-004
5.2949999999999093E+000	5.7227207509491507E-004
5.2999999999999092E+000	5.6344751204573384E-004
5.3049999999999091E+000	5.5547037811054523E-004
5.3099999999999090E+000	5.4833794775710487E-004
5.3149999999999089E+000	5.4204687796266526E-004
5.3199999999999088E+000	5.3659321356480660E-004
5.3249999999999087E+000	5.3197239291158382E-004
5.3299999999999086E+000	5.2817925388248810E-004
5.3349999999999085E+000	5.2520804067279769E-004
5.3399999999999084E+000	5.2305240974970246E-004
5.3449999999999083E+000	5.2174837599938684E-004
5.3499999999999082E+000	5.2132369831259240E-004
5.3549999999999081E+000	5.2172396385774533E-004
5.3599999999999079E+000	5.2289355743795340E-004
5.3649999999999078E+000	5.2483490400367927E-004
5.3699999999999077E+000	5.2754523465603498E-004
5.3749999999999076E+000	5.3101281531331423E-004
5.3799999999999075E+000	5.3522564397123773E-004
5.3849999999999074E+000	5.4017225313973682E-004
5.3899999999999073E+000	5.4584067505647482E-004
5.3949999999999072E+000	5.5221836882468622E-004
5.3999999999999071E+000	5.5929106500851589E-004
5.4049999999999070E+000	5.6704320982481349E-004
5.4099999999999069E+000	5.7546032945188230E-004
5.4149999999999068E+000	5.8452711958612014E-004
5.4199999999999067E+000	5.9423650577494769E-004
5.4249999999999066E+000	6.0457380723155651E-004
5.4299999999999065E+000	6.1552334862202684E-004
5.4349999999999064E+000	6.2706942679868760E-004
5.4399999999999062E+000	6.3919610255869230E-004
5.4449999999999061E+000	6.5188190360876419E-004
5.4499999999999060E+000	6.6511707232619344E-004
5.4549999999999059E+000	6.7888495590429088E-004
5.4599999999999058E+000	6.9316713799638663E-004
5.4649999999999057E+000	7.0794536623131066E-004
5.4699999999999056E+000	7.2320141649617753E-004
5.4749999999999055E+000	7.3891750091137354E-004
5.4799999999999054E+000	7.5507526045370810E-004
5.4849999999999053E+000	7.7164971936882765E-004
5.4899999999999052E+000	7.8864146011436986E-004
5.4949999999999051E+000	8.0603454193894919E-004
5.4999999999999050E+000	8.2379204968097142E-004
5.5049999999999049E+000	8.4189268863932298E-004
5.5099999999999048E+000	8.6031826465537975E-004
5.5149999999999046E+000	8.7904966921481531E-004
5.5199999999999045E+000	8.9806730897556974E-004
5.5249999999999044E+000	9.1735140409276994E-004
5.5299999999999043E+000	9.3688204278175036E-004
5.5349999999999042E+000	9.5816684671712338E-004
5.5399999999999041E+000	9.7840500031898259E-004
5.5449999999999040E+000	9.8844208151138702E-004
5.5499999999999039E+000	1.0065521401001476E-003
5.5549999999999038E+000	1.0270443407320862E-003
5.5599999999999037E+000	1.0482859937996913E-003
5.5649999999999036E+000	1.0697787289664085E-003
5.5699999999999035E+000	1.0913475235221348E-003
5.5749999999999034E+000	1.1129285103010922E-003
5.5799999999999033E+000	1.1344949004916671E-003
5.5849999999999032E+000	1.1560303066877609E-003
5.5899999999999030E+000	1.1775210399962432E-003
5.5949999999999029E+000	1.1989535421226272E-003
5.5999999999999028E+000	1.2203146974805179E-003
5.6049999999999027E+000	1.2415910245340278E-003
5.6099999999999026E+000	1.2627682906307669E-003
5.6149999999999025E+000	1.2838314718357502E-003
5.6199999999999024E+000	1.3047648497930275E-003
5.6249999999999023E+000	1.3255522040553913E-003
5.6299999999999022E+000	1.3461769286617908E-003
5.6349999999999021E+000	1.3666225457114045E-003
5.6399999999999020E+000	1.3868728015435927E-003
5.6449999999999019E+000	1.4202636879292463E-003
5.6499999999999018E+000	1.4411786039612018E-003
5.6549999999999017E+000	1.4507802559662331E-003
5.6599999999999016E+000	1.4750325124164299E-003
5.6649999999999014E+000	1.4858666571950785E-003
5.6699999999999013E+000	1.5016071960949340E-003
5.6749999999999012E+000	1.5191114752610702E-003
5.6799999999999011E+000	1.5370020647127447E-003
5.6849999999999010E+000	1.5548195161687595E-003
5.6899999999999009E+000	1.5723937289662260E-003
5.6949999999999008E+000	1.5896503457861755E-003
5.6999999999999007E+000	1.6186740678785227E-003
5.7049999999999006E+000	1.6351218015726587E-003
5.7099999999999005E+000	1.6418651574539034E-003
5.7149999999999004E+000	1.6535616713992951E-003
5.7199999999999003E+000	1.6672372992876383E-003
5.7249999999999002E+000	1.6813486141722400E-003
5.7299999999999001E+000	1.6953605845029251E-003
5.7349999999999000E+000	1.7090666901675711E-003
5.7399999999998998E+000	1.7223781838540120E-003
5.7449999999998997E+000	1.7352514089363780E-003
5.7499999999998996E+000	1.7476612092846011E-003
5.7549999999998995E+000	1.7595911481396165E-003
5.7599999999998994E+000	1.7710295131574405E-003
5.7649999999998993E+000	1.7819674087302673E-003
5.7699999999998992E+000	1.7923976831752952E-003
5.7749999999998991E+000	1.8023144565049165E-003
5.7799999999998990E+000	1.8117120202876258E-003
5.7849999999998989E+000	1.8205847034473699E-003
5.7899999999998988E+000	1.8289271373110871E-003
5.7949999999998987E+000	1.8367343645713241E-003
5.7999999999998986E+000	1.8440014399971894E-003
5.8049999999998985E+000	1.8507237072977745E-003
5.8099999999998984E+000	1.8568972779786641E-003
5.8149999999998983E+000	1.8625188456313779E-003
5.8199999999998981E+000	1.8675859416061869E-003
5.8249999999998980E+000	1.8720963991243345E-003
5.8299999999998979E+000	1.8760485325945986E-003
5.8349999999998978E+000	1.8794416113299128E-003
5.8399999999998977E+000	1.8822756852259204E-003
5.8449999999998976E+000	1.8845505308524579E-003
5.8499999999998975E+000	1.8862664290844045E-003
5.8549999999998974E+000	1.8874246507514236E-003
5.8599999999998973E+000	1.8880270373093921E-003
5.8649999999998972E+000	1.8880755607146860E-003
5.8699999999998971E+000	1.8875732807135392E-003
5.8749999999998970E+000	1.8865236588578860E-003
5.8799999999998969E+000	1.8849295860814408E-003
5.8849999999998968E+000	1.8827947187376459E-003
5.8899999999998967E+000	1.8801234346890183E-003
5.8949999999998965E+000	1.8769207895399376E-003
5.8999999999998964E+000	1.8731920983028338E-003
5.9049999999998963E+000	1.8689429479108455E-003
5.9099999999998962E+000	1.8641791928515339E-003
5.9149999999998961E+000	1.8589069640970735E-003
5.9199999999998960E+000	1.8531328225392940E-003
5.9249999999998959E+000	1.8468637511177555E-003
5.9299999999998958E+000	1.8401071119051871E-003
5.9349999999998957E+000	1.8328706088550639E-003
5.9399999999998956E+000	1.8251622741498608E-003
5.9449999999998955E+000	1.8169904719891328E-003
5.9499999999998954E+000	1.8083638801953406E-003
5.9549999999998953E+000	1.7992914865971876E-003
5.9599999999998952E+000	1.7897825760164743E-003
5.9649999999998951E+000	1.7798467190948131E-003
5.9699999999998949E+000	1.7694937616594686E-003
5.9749999999998948E+000	1.7587338142357467E-003
5.9799999999998947E+000	1.7475772415163071E-003
5.9849999999998946E+000	1.7360346517478753E-003
5.9899999999998945E+000	1.7241168860149259E-003
5.9949999999998944E+000	1.7118350074083466E-003
5.9999999999998943E+000	1.6992002903766235E-003
6.0049999999998942E+000	1.6862242096014057E-003
6.0099999999998941E+000	1.6729184290986687E-003
6.0149999999998940E+000	1.6592947911493461E-003
6.0199999999998939E+000	1.6453653051344830E-003
6.0249999999998938E+000	1.6311421363162104E-003
6.0299999999998937E+000	1.6166375946520262E-003
6.0349999999998936E+000	1.6018402871829096E-003
6.0399999999998935E+000	1.6015039551282584E-003
6.0449999999998933E+000	1.5757456642191414E-003
6.0499999999998932E+000	1.5560244484649211E-003
6.0549999999998931E+000	1.5386934498877736E-003
6.0599999999998930E+000	1.5221803785729904E-003
6.0649999999998929E+000	1.5058986202980407E-003
6.0699999999998928E+000	1.4896061859888121E-003
6.0749999999998927E+000	1.4732073238774568E-003
6.0799999999998926E+000	1.4725103405082152E-003
6.0849999999998925E+000	1.4453673051404436E-003
6.0899999999998924E+000	1.4400554868321258E-003
6.0949999999998923E+000	1.4224674978104979E-003
6.0999999999998922E+000	1.3915521141321108E-003
6.1049999999998921E+000	1.3708893546779954E-003
6.1099999999998920E+000	1.3530052760928335E-003
6.1149999999998919E+000	1.3358475815139492E-003
6.1199999999998917E+000	1.3188475037311242E-003
6.1249999999998916E+000	1.3018367760437854E-003
6.1299999999998915E+000	1.2847725940350330E-003
6.1349999999998914E+000	1.2676538063862708E-003
6.1399999999998913E+000	1.2504930911174661E-003
6.1449999999998912E+000	1.2333073962560448E-003
6.1499999999998911E+000	1.2161144839994975E-003
6.1549999999998910E+000	1.1989316227216662E-003
6.1599999999998909E+000	1.1817751309917135E-003
6.1649999999998908E+000	1.1646603055495142E-003
6.1699999999998907E+000	1.1476015199449741E-003
6.1749999999998906E+000	1.1306124026475572E-003
6.1799999999998905E+000	1.1137059585015763E-003
6.1849999999998904E+000	1.0968946796623413E-003
6.1899999999998903E+000	1.0801906504016578E-003
6.1949999999998902E+000	1.0636056209500921E-003
6.1999999999998900E+000	1.0471510513894167E-003
6.2049999999998899E+000	1.0308381380355058E-003
6.2099999999998898E+000	1.0146778271038492E-003
6.2149999999998897E+000	9.9868082023135685E-004
6.2199999999998896E+000	9.8285757345362157E-004
6.2249999999998895E+000	9.6721829337687026E-004
6.2299999999998894E+000	9.5183306678725543E-004
6.2349999999998893E+000	9.4191830796663822E-004
6.2399999999998892E+000	9.1532987502818131E-004
6.2449999999998891E+000	8.9809520709582813E-004
6.2499999999998890E+000	8.8359438464680196E-004
6.2549999999998889E+000	8.6997175668335203E-004
6.2599999999998888E+000	8.5672376739998057E-004
6.2649999999998887E+000	8.4368477354779259E-004
6.2699999999998886E+000	8.3080533382595689E-004
6.2749999999998884E+000	8.1810904840828869E-004
6.2799999999998883E+000	8.0561503013099056E-004
6.2849999999998882E+000	7.9334079779069810E-004
6.2899999999998881E+000	7.8130379018803708E-004
6.2949999999998880E+000	7.6952002773422734E-004
6.2999999999998879E+000	7.5800361455957699E-004
6.3049999999998878E+000	7.4676460237066422E-004
6.3099999999998877E+000	7.3581518966925330E-004
6.3149999999998876E+000	7.2516465480543246E-004
6.3199999999998875E+000	7.1482070992168190E-004
6.3249999999998874E+000	7.0478995311074044E-004
6.3299999999998873E+000	6.9507812505076316E-004
6.3349999999998872E+000	6.8569028272502663E-004
6.3399999999998871E+000	6.7663090644387580E-004
6.3449999999998870E+000	6.6790397361415899E-004
6.3499999999998868E+000	6.5951301443289978E-004
6.3549999999998867E+000	6.5146115202097121E-004
6.3599999999998866E+000	6.4375112856041028E-004
6.3649999999998865E+000	6.3638532321652619E-004
6.3699999999998864E+000	6.2936576577321546E-004
6.3749999999998863E+000	6.2269414810867119E-004
6.3799999999998862E+000	6.1637183450713451E-004
6.3849999999998861E+000	6.1039987053268518E-004
6.3899999999998860E+000	6.0477899111877065E-004
6.3949999999998859E+000	5.9950962796895269E-004
6.3999999999998858E+000	5.9459682808027381E-004
6.4049999999998857E+000	5.9003642836996661E-004
6.4099999999998856E+000	5.8582914133475938E-004
6.4149999999998855E+000	5.8197271339910372E-004
6.4199999999998854E+000	5.7847522004239593E-004
6.4249999999998852E+000	5.7532622287359558E-004
6.4299999999998851E+000	5.7252344478309070E-004
6.4349999999998850E+000	5.7007159422939324E-004
6.4399999999998849E+000	5.6796652800228387E-004
6.4449999999998848E+000	5.6620207320312588E-004
6.4499999999998847E+000	5.6477549785860504E-004
6.4549999999998846E+000	5.6368833127917739E-004
6.4599999999998845E+000	5.6293541481577947E-004
6.4649999999998844E+000	5.6251158351239283E-004
6.4699999999998843E+000	5.6241321031791358E-004
6.4749999999998842E+000	5.6263658547228701E-004
6.4799999999998841E+000	5.6317767334679303E-004
6.4849999999998840E+000	5.6404312385938127E-004
6.4899999999998839E+000	5.6521531114173129E-004
6.4949999999998838E+000	5.6656818921441143E-004
6.4999999999998836E+000	5.6816858591890451E-004
6.5049999999998835E+000	5.7001598726280633E-004
6.5099999999998834E+000	5.7216700684659116E-004
6.5149999999998833E+000	5.7461222982180260E-004
6.5199999999998832E+000	5.7734191200831120E-004
6.5249999999998831E+000	5.8034883914448443E-004
6.5299999999998830E+000	5.8362659753985469E-004
6.5349999999998829E+000	5.8716889379750725E-004
6.5399999999998828E+000	5.9096935601665734E-004
6.5449999999998827E+000	5.9502150063428516E-004
6.5499999999998826E+000	5.9931874300733767E-004
6.5549999999998825E+000	6.0385441201260548E-004
6.5599999999998824E+000	6.0862175555476128E-004
6.5649999999998823E+000	6.1361394366077349E-004
6.5699999999998822E+000	6.1882407052848976E-004
6.5749999999998820E+000	6.2424516074210956E-004
6.5799999999998819E+000	6.2987016976912003E-004
6.5849999999998818E+000	6.3569198752588818E-004
6.5899999999998817E+000	6.4170344213998476E-004
6.5949999999998816E+000	6.4789730292114101E-004
6.5999999999998815E+000	6.5426628312925672E-004
6.6049999999998814E+000	6.6080304424964709E-004
6.6099999999998813E+000	6.6750019903105695E-004
6.6149999999998812E+000	6.7435031664508926E-004
6.6199999999998811E+000	6.8134592738955391E-004
6.6249999999998810E+000	6.8847952628603437E-004
6.6299999999998809E+000	6.9574357220014704E-004
6.6349999999998808E+000	7.0313051150394656E-004
6.6399999999998807E+000	7.1063277455118978E-004
6.6449999999998806E+000	7.1824277879928289E-004
6.6499999999998805E+000	7.2595293517530024E-004
6.6549999999998803E+000	7.3375565059041747E-004
6.6599999999998802E+000	7.4164332749759865E-004
6.6649999999998801E+000	7.4961082763058684E-004
6.6699999999998800E+000	7.5764797263078165E-004
6.6749999999998799E+000	7.6574722898481440E-004
6.6799999999998798E+000	7.7390118199760494E-004
6.6849999999998797E+000	7.8210236448139625E-004
6.6899999999998796E+000	7.9034327153992834E-004
6.6949999999998795E+000	7.9861665815750271E-004
6.6999999999998794E+000	8.0691527580611933E-004
6.7049999999998793E+000	8.1523179624864994E-004
6.7099999999998792E+000	8.2355892189056590E-004
6.7149999999998791E+000	8.3188944070089477E-004
6.7199999999998790E+000	8.4021622238461546E-004
6.7249999999998789E+000	8.4853220331337909E-004
6.7299999999998787E+000	8.5683040388095932E-004
6.7349999999998786E+000	8.6510391962324462E-004
6.7399999999998785E+000	8.7334592169385772E-004
6.7449999999998784E+000	8.8154967507492188E-004
6.7499999999998783E+000	8.8970854332748317E-004
6.7549999999998782E+000	8.9781598155980191E-004
6.7599999999998781E+000	9.0586553274230042E-004
6.7649999999998780E+000	9.1385083789274901E-004
6.7699999999998779E+000	9.2176565257551246E-004
6.7749999999998778E+000	9.2960385651741362E-004
6.7799999999998777E+000	9.3736112569287044E-004
6.7849999999998776E+000	9.4502991279998838E-004
6.7899999999998775E+000	9.5260468126179276E-004
6.7949999999998774E+000	9.6007980390133696E-004
6.7999999999998773E+000	9.6744962060135720E-004
6.8049999999998771E+000	9.7470866396287548E-004
6.8099999999998770E+000	9.8185164617126119E-004
6.8149999999998769E+000	9.8887341790687699E-004
6.8199999999998768E+000	9.9576896057307351E-004
6.8249999999998767E+000	1.0025333934882141E-003
6.8299999999998766E+000	1.0091637801465936E-003
6.8349999999998765E+000	1.0156538041066199E-003
6.8399999999998764E+000	1.0219991343993762E-003
6.8449999999998763E+000	1.0281954462505460E-003
6.8499999999998762E+000	1.0342384374348867E-003
6.8549999999998761E+000	1.0401240370763176E-003
6.8599999999998760E+000	1.0458483806883301E-003
6.8649999999998759E+000	1.0514077741419214E-003
6.8699999999998758E+000	1.0567986468705826E-003
6.8749999999998757E+000	1.0620175702014123E-003
6.8799999999998755E+000	1.0670612374887867E-003
6.8849999999998754E+000	1.0719264596521505E-003
6.8899999999998753E+000	1.0766102121730903E-003
6.8949999999998752E+000	1.0811096455243252E-003
6.8999999999998751E+000	1.0854220902798417E-003
6.9049999999998750E+000	1.0895461242177440E-003
6.9099999999998749E+000	1.0934783834879447E-003
6.9149999999998748E+000	1.0972168901082213E-003
6.9149999999998748E+000	1.0812478250565860E-003
6.9199999999998747E+000	1.0875124401810154E-003
6.9249999999998746E+000	1.0929661820391345E-003
6.9299999999998745E+000	1.0977177765560953E-003
6.9349999999998744E+000	1.1019563361363005E-003
6.9399999999998743E+000	1.1057650646759676E-003
6.9449999999998742E+000	1.1091827901195117E-003
6.9499999999998741E+000	1.1122394223308518E-003
6.9549999999998739E+000	1.1149633589857544E-003
6.9599999999998738E+000	1.1173803038939667E-003
6.9649999999998737E+000	1.1195115373472397E-003
6.9699999999998736E+000	1.1213736128694585E-003
6.9749999999998735E+000	1.1229794489344691E-003
6.9799999999998734E+000	1.1243392400728247E-003
6.9849999999998733E+000	1.1254605685633301E-003
6.9899999999998732E+000	1.1263494069240210E-003
6.9949999999998731E+000	1.1270104338079179E-003
6.9999999999998730E+000	1.1274472667439639E-003
6.9999999999998730E+000	1.1131730427882403E-003
7.0049999999998729E+000	1.1160488053407747E-003
7.0099999999998728E+000	1.1181225224938807E-003
7.0149999999998727E+000	1.1194732189077072E-003
7.0199999999998726E+000	1.1202708461865996E-003
7.0249999999998725E+000	1.1206074404515043E-003
7.0299999999998724E+000	1.1205376773228970E-003
7.0349999999998722E+000	1.1201042170316811E-003
7.0399999999998721E+000	1.1193442321104641E-003
7.0449999999998720E+000	1.1182887311944611E-003
7.0499999999998719E+000	1.1169625894189572E-003
7.0549999999998718E+000	1.1153852219698557E-003
7.0599999999998717E+000	1.1135717348196295E-003
7.0649999999998716E+000	1.1115340063363455E-003
7.0699999999998715E+000	1.1092815215540952E-003
7.0749999999998714E+000	1.1068220349255142E-003
7.0799999999998713E+000	1.1041620297369548E-003
7.0849999999998712E+000	1.1013071330938651E-003
7.0899999999998711E+000	1.0982624155015941E-003
7.0949999999998710E+000	1.0950349166778395E-003
7.0999999999998709E+000	1.0916265670926073E-003
7.1049999999998708E+000	1.0880409508868816E-003
7.1099999999998706E+000	1.0842835516386984E-003
7.1149999999998705E+000	1.0803586318344216E-003
7.1199999999998704E+000	1.0762705942135575E-003
7.1249999999998703E+000	1.0720239433190670E-003
7.1299999999998702E+000	1.0676231457464880E-003
7.1349999999998701E+000	1.0630726364646570E-003
7.1399999999998700E+000	1.0583768387011361E-003
7.1449999999998699E+000	1.0535401707199021E-003
7.1499999999998698E+000	1.0485670473143749E-003
7.1549999999998697E+000	1.0434618819310515E-003
7.1599999999998696E+000	1.0382280044791692E-003
7.1649999999998695E+000	1.0328708713367440E-003
7.1699999999998694E+000	1.0273948182182302E-003
7.1749999999998693E+000	1.0218042919620807E-003
7.1799999999998692E+000	1.0161038403939671E-003
7.1849999999998690E+000	1.0102979951511770E-003
7.1899999999998689E+000	1.0043912862021109E-003
7.1949999999998688E+000	9.9838826256837265E-004
7.1999999999998687E+000	9.9229349753793272E-004
7.2049999999998686E+000	9.8611158871575455E-004
7.2099999999998685E+000	9.7984715715604409E-004
7.2149999999998684E+000	9.7350484564184825E-004
7.2199999999998683E+000	9.6708735902373277E-004
7.2249999999998682E+000	9.6060157291777415E-004
7.2299999999998681E+000	9.5405402948056661E-004
7.2349999999998680E+000	9.4744715643235722E-004
7.2399999999998679E+000	9.4078398061236967E-004
7.2449999999998678E+000	9.3406653930516725E-004
7.2499999999998677E+000	9.2730995311374187E-004
7.2549999999998676E+000	9.2051600479514661E-004
7.2599999999998674E+000	9.1368539607206145E-004
7.2649999999998673E+000	9.0682443191258955E-004
7.2699999999998672E+000	8.9993767428397931E-004
7.2749999999998671E+000	8.9302958849479808E-004
7.2799999999998670E+000	8.8610705474145846E-004
7.2849999999998669E+000	8.7917220342337288E-004
7.2899999999998668E+000	8.7222946877130170E-004
7.2949999999998667E+000	8.6528358143134199E-004
7.2999999999998666E+000	8.5833923452494076E-004
7.3049999999998665E+000	8.5139737880224331E-004
7.3099999999998664E+000	8.4446624645018176E-004
7.3149999999998663E+000	8.3755002331464823E-004
7.3199999999998662E+000	8.3065298990891989E-004
7.3249999999998661E+000	8.2377961062674032E-004
7.3299999999998660E+000	8.1693423301665291E-004
7.3349999999998658E+000	8.1012109727129911E-004
7.3399999999998657E+000	8.0334437809392867E-004
7.3449999999998656E+000	7.9660819530413818E-004
7.3499999999998655E+000	7.8991661019056636E-004
7.3549999999998654E+000	7.8327362146746182E-004
7.3599999999998653E+000	7.7668316297296869E-004
7.3649999999998652E+000	7.7014910200423614E-004
7.3699999999998651E+000	7.6367523764497847E-004
7.3749999999998650E+000	7.5726529863562320E-004
7.3799999999998649E+000	7.5092294145440164E-004
7.3849999999998648E+000	7.4465174797255784E-004
7.3899999999998647E+000	7.3845522353943593E-004
7.3949999999998646E+000	7.3233679456707890E-004
7.3999999999998645E+000	7.2629980699101537E-004
7.4049999999998644E+000	7.2034752389038559E-004
7.4099999999998643E+000	7.1448312384481127E-004
7.4149999999998641E+000	7.0870969882408374E-004
7.4199999999998640E+000	7.0303025259388363E-004
7.4249999999998639E+000	6.9744769895407899E-004
7.4299999999998638E+000	6.9196245621983010E-004
7.4349999999998637E+000	6.8657964821472461E-004
7.4399999999998636E+000	6.8130210962413784E-004
7.4449999999998635E+000	6.7613230645235944E-004
7.4499999999998634E+000	6.7107259508247807E-004
7.4549999999998633E+000	6.6612527680431910E-004
7.4599999999998632E+000	6.6129258952329906E-004
7.4649999999998631E+000	6.5657668005769665E-004
7.4699999999998630E+000	6.5197958955387492E-004
7.4749999999998629E+000	6.4750325263807085E-004
7.4799999999998628E+000	6.4314950005739391E-004
7.4849999999998627E+000	6.3892005901466931E-004
7.4899999999998625E+000	6.3481655278030402E-004
7.4949999999998624E+000	6.3084049919881480E-004
7.4999999999998623E+000	6.2699331057247676E-004
7.5049999999998622E+000	6.2327629282998842E-004
7.5099999999998621E+000	6.1969064563305309E-004
7.5149999999998620E+000	6.1623746170802463E-004
7.5199999999998619E+000	6.1291772732285921E-004
7.5249999999998618E+000	6.0973232147754075E-004
7.5299999999998617E+000	6.0668201638147679E-004
7.5349999999998616E+000	6.0376747736468062E-004
7.5399999999998615E+000	6.0098926325835578E-004
7.5449999999998614E+000	5.9834782633538808E-004
7.5499999999998613E+000	5.9584351307639949E-004
7.5549999999998612E+000	5.9347656421904205E-004
7.5599999999998611E+000	5.9124711542901665E-004
7.5649999999998609E+000	5.8915547792937062E-004
7.5699999999998608E+000	5.8720109238219464E-004
7.5749999999998607E+000	5.8538390291662523E-004
7.5799999999998606E+000	5.8370372900728995E-004
7.5849999999998605E+000	5.8216020086021558E-004
7.5899999999998604E+000	5.8075283917036202E-004
7.5949999999998603E+000	5.7948106944660793E-004
7.5999999999998602E+000	5.7834421303626371E-004
7.6049999999998601E+000	5.7734148568622246E-004
7.6099999999998600E+000	5.7652773483374276E-004
7.6149999999998599E+000	5.7584171400248962E-004
7.6199999999998598E+000	5.7528222920710803E-004
7.6249999999998597E+000	5.7495230378190598E-004
7.6299999999998596E+000	5.7479235529322992E-004
7.6349999999998595E+000	5.7474833604409525E-004
7.6399999999998593E+000	5.7482557843169246E-004
7.6449999999998592E+000	5.7503174138417990E-004
7.6499999999998591E+000	5.7536666148605420E-004
7.6549999999998590E+000	5.7582603595340842E-004
7.6599999999998589E+000	5.7640655911761485E-004
7.6649999999998588E+000	5.7710601381266713E-004
7.6699999999998587E+000	5.7792227959518883E-004
7.6749999999998586E+000	5.7885310217908881E-004
7.6799999999998585E+000	5.7989620547171938E-004
7.6849999999998584E+000	5.8104893479304920E-004
7.6899999999998583E+000	5.8230962048932966E-004
7.6949999999998582E+000	5.8367587640750784E-004
7.6999999999998581E+000	5.8514555305899663E-004
7.7049999999998580E+000	5.8671186289593891E-004
7.7099999999998579E+000	5.8837662467770002E-004
7.7149999999998577E+000	5.9013785869810320E-004
7.7199999999998576E+000	5.9199285264188717E-004
7.7249999999998575E+000	5.9394264990375589E-004
7.7299999999998574E+000	5.9598157100415605E-004
7.7349999999998573E+000	5.9809695700607790E-004
7.7399999999998572E+000	6.0029543528772322E-004
7.7449999999998571E+000	6.0257491525206319E-004
7.7499999999998570E+000	6.0493100134895172E-004
7.7549999999998569E+000	6.0736152837659318E-004
7.7599999999998568E+000	6.0986374843663427E-004
7.7649999999998567E+000	6.1243390419596366E-004
7.7699999999998566E+000	6.1506972022185025E-004
7.7749999999998565E+000	6.1776832800619630E-004
7.7799999999998564E+000	6.2052670335166482E-004
7.7849999999998563E+000	6.2334182512957526E-004
7.7899999999998562E+000	6.2621065353907213E-004
7.7949999999998560E+000	6.2913012652199285E-004
7.7999999999998559E+000	6.3209716636070112E-004
7.8049999999998558E+000	6.3510868583893654E-004
7.8099999999998557E+000	6.3816159003149409E-004
7.8149999999998556E+000	6.4125277846693862E-004
7.8199999999998555E+000	6.4437914584258849E-004
7.8249999999998554E+000	6.4753759084457130E-004
7.8299999999998553E+000	6.5072501112917180E-004
7.8349999999998552E+000	6.5393830915638773E-004
7.8399999999998551E+000	6.5717439528567567E-004
7.8449999999998550E+000	6.6043018841721590E-004
7.8499999999998549E+000	6.6370262181081330E-004
7.8549999999998548E+000	6.6698864506697930E-004
7.8599999999998547E+000	6.7028522567502691E-004
7.8649999999998546E+000	6.7358934625749711E-004
7.8699999999998544E+000	6.7689800424641788E-004
7.8749999999998543E+000	6.8020821727987624E-004
7.8799999999998542E+000	6.8351702174451745E-004
7.8849999999998541E+000	6.8682147516252456E-004
7.8899999999998540E+000	6.9011866239376829E-004
7.8949999999998539E+000	6.9340570085651976E-004
7.8999999999998538E+000	6.9667974442921832E-004
7.9049999999998537E+000	6.9993798311340782E-004
7.9099999999998536E+000	7.0317764553351481E-004
7.9149999999998535E+000	7.0639600620303611E-004
7.9199999999998534E+000	7.0959039232842969E-004
7.9249999999998533E+000	7.1275817755012127E-004
7.9299999999998532E+000	7.1589677737371460E-004
7.9349999999998531E+000	7.1900364608046274E-004
7.9399999999998530E+000	7.2207628088571951E-004
7.9449999999998528E+000	7.2511222476379089E-004
7.9499999999998527E+000	7.2810907043896478E-004
7.9549999999998526E+000	7.3106446119108881E-004
7.9599999999998525E+000	7.3397609038750034E-004
7.9649999999998524E+000	7.3684170230503554E-004
7.9699999999998523E+000	7.3965909844897482E-004
7.9749999999998522E+000	7.4242614004527141E-004
7.9799999999998521E+000	7.4514075322751339E-004
7.9849999999998520E+000	7.4780092439752366E-004
7.9899999999998519E+000	7.5040470214382538E-004
7.9949999999998518E+000	7.5295019589249890E-004
7.9999999999998517E+000	7.5543557509449855E-004
8.0049999999998516E+000	7.5785908350756159E-004
8.0099999999998523E+000	7.6021902290035470E-004
8.0149999999998531E+000	7.6251377049674218E-004
8.0199999999998539E+000	7.6473731668746936E-004
8.0249999999998547E+000	7.6688891273990478E-004
8.0299999999998555E+000	7.6897172213152842E-004
8.0349999999998563E+000	7.7098477517401065E-004
8.0399999999998570E+000	7.7292617190671820E-004
8.0449999999998578E+000	7.7479436054828099E-004
8.0499999999998586E+000	7.7658807950742315E-004
8.0549999999998594E+000	7.7830624117547487E-004
8.0599999999998602E+000	7.7994792615276864E-004
8.0649999999998609E+000	7.8151235581547240E-004
8.0699999999998617E+000	7.8299877091314585E-004
8.0749999999998625E+000	7.8440640708876685E-004
8.0799999999998633E+000	7.8573097585588059E-004
8.0849999999998641E+000	7.8697536191896234E-004
8.0899999999998649E+000	7.8813973047564545E-004
8.0949999999998656E+000	7.8922337987519242E-004
8.0999999999998664E+000	7.9022574167542103E-004
8.1049999999998672E+000	7.9114633644961074E-004
8.1099999999998680E+000	7.9198472392461028E-004
8.1149999999998688E+000	7.9274067402534953E-004
8.1199999999998695E+000	7.9341407884125914E-004
8.1249999999998703E+000	7.9400491177095134E-004
8.1299999999998711E+000	7.9451309775935286E-004
8.1349999999998719E+000	7.9493878111902561E-004
8.1399999999998727E+000	7.9528226000302737E-004
8.1449999999998735E+000	7.9554396157544005E-004
8.1499999999998742E+000	7.9572415415407605E-004
8.1549999999998750E+000	7.9582303859870862E-004
8.1599999999998758E+000	7.9584067196813990E-004
8.1649999999998766E+000	7.9577751469583902E-004
8.1699999999998774E+000	7.9563384980074758E-004
8.1749999999998781E+000	7.9541011576012011E-004
8.1799999999998789E+000	7.9510714200248245E-004
8.1849999999998797E+000	7.9472577792261134E-004
8.1899999999998805E+000	7.9426678284422181E-004
8.1949999999998813E+000	7.9373099066737396E-004
8.1999999999998820E+000	7.9312297758749040E-004
8.2049999999998828E+000	7.9244002762823840E-004
8.2099999999998836E+000	7.9168244318816861E-004
8.2149999999998844E+000	7.9085152864211139E-004
8.2199999999998852E+000	7.8994856897196541E-004
8.2249999999998860E+000	7.8897483201112451E-004
8.2299999999998867E+000	7.8793161193058125E-004
8.2349999999998875E+000	7.8682023166054549E-004
8.2399999999998883E+000	7.8564205051812053E-004
8.2449999999998891E+000	7.8439846765698817E-004
8.2499999999998899E+000	7.8309092286721338E-004
8.2549999999998906E+000	7.8172089618444573E-004
8.2599999999998914E+000	7.8028990686984656E-004
8.2649999999998922E+000	7.7879951232251443E-004
8.2699999999998930E+000	7.7725519691229650E-004
8.2749999999998938E+000	7.7565475528063033E-004
8.2799999999998946E+000	7.7399911109354846E-004
8.2849999999998953E+000	7.7229018122348947E-004
8.2899999999998961E+000	7.7052983665959474E-004
8.2949999999998969E+000	7.6871991039473286E-004
8.2999999999998977E+000	7.6686223984445689E-004
8.3049999999998985E+000	7.6495867107473359E-004
8.3099999999998992E+000	7.6301106190523882E-004
8.3149999999999000E+000	7.6102128663579904E-004
8.3199999999999008E+000	7.5899123739198160E-004
8.3249999999999016E+000	7.5692282386130572E-004
8.3299999999999024E+000	7.5481797216125912E-004
8.3349999999999032E+000	7.5267862342931480E-004
8.3399999999999039E+000	7.5050673239074328E-004
8.3449999999999047E+000	7.4830426584782117E-004
8.3499999999999055E+000	7.4607320104647101E-004
8.3549999999999063E+000	7.4381552400959450E-004
8.3599999999999071E+000	7.4153322781400632E-004
8.3649999999999078E+000	7.3922831100592390E-004
8.3699999999999086E+000	7.3690277583304820E-004
8.3749999999999094E+000	7.3455862670668282E-004
8.3799999999999102E+000	7.3219786849776369E-004
8.3849999999999110E+000	7.2982250493858203E-004
8.3899999999999118E+000	7.2743453704093852E-004
8.3949999999999125E+000	7.2503596152673211E-004
8.3999999999999133E+000	7.2262876923634423E-004
8.4049999999999141E+000	7.2021494358631699E-004
8.4099999999999149E+000	7.1779645907765754E-004
8.4149999999999157E+000	7.1537527976772708E-004
8.4199999999999164E+000	7.1295335776921931E-004
8.4249999999999172E+000	7.1053263173581627E-004
8.4299999999999180E+000	7.0811502562762030E-004
8.4349999999999188E+000	7.0570244691081641E-004
8.4399999999999196E+000	7.0329678549319041E-004
8.4449999999999203E+000	7.0089991211341740E-004
8.4499999999999211E+000	6.9851367706430523E-004
8.4549999999999219E+000	6.9613990891959077E-004
8.4599999999999227E+000	6.9378041316348060E-004
8.4649999999999235E+000	6.9143697083484668E-004
8.4699999999999243E+000	6.8911133746052400E-004
8.4749999999999250E+000	6.8680524173947433E-004
8.4799999999999258E+000	6.8452038431576767E-004
8.4849999999999266E+000	6.8225843675318032E-004
8.4899999999999274E+000	6.8002104025799426E-004
8.4949999999999282E+000	6.7780980477927244E-004
8.4999999999999289E+000	6.7562630789330669E-004
8.5049999999999297E+000	6.7347209375867578E-004
8.5099999999999305E+000	6.7134867219431626E-004
8.5149999999999313E+000	6.6925751772251019E-004
8.5199999999999321E+000	6.6720006872023063E-004
8.5249999999999329E+000	6.6517772649277163E-004
8.5299999999999336E+000	6.6319185451835239E-004
8.5349999999999344E+000	6.6124377760878872E-004
8.5399999999999352E+000	6.5933478126423140E-004
8.5449999999999360E+000	6.5746611084360751E-004
8.5499999999999368E+000	6.5563897099663038E-004
8.5549999999999375E+000	6.5385452508337494E-004
8.5599999999999383E+000	6.5211389443486922E-004
8.5649999999999391E+000	6.5041815788058344E-004
8.5699999999999399E+000	6.4876835126570498E-004
8.5749999999999407E+000	6.4716546701593103E-004
8.5799999999999415E+000	6.4561250865269315E-004
8.5849999999999422E+000	6.4410868564168666E-004
8.5899999999999430E+000	6.4265737757729369E-004
8.5949999999999438E+000	6.4125711855878009E-004
8.5999999999999446E+000	6.3990823695636578E-004
8.6049999999999454E+000	6.3861147299038024E-004
8.6099999999999461E+000	6.3736746499598596E-004
8.6149999999999469E+000	6.3617680455596570E-004
8.6199999999999477E+000	6.3504005557568632E-004
8.6249999999999485E+000	6.3395774514862779E-004
8.6299999999999493E+000	6.3293035791422980E-004
8.6349999999999500E+000	6.3195833430818027E-004
8.6399999999999508E+000	6.3104206989272882E-004
8.6449999999999516E+000	6.3018191573060989E-004
8.6499999999999524E+000	6.2938198968032211E-004
8.6549999999999532E+000	6.2863742553576074E-004
8.6599999999999540E+000	6.2794859168713302E-004
8.6649999999999547E+000	6.2731663855064568E-004
8.6699999999999555E+000	6.2674180558364156E-004
8.6749999999999563E+000	6.2622413535917687E-004
8.6799999999999571E+000	6.2576369771250029E-004
8.6849999999999579E+000	6.2536051725681219E-004
8.6899999999999586E+000	6.2501456081198725E-004
8.6949999999999594E+000	6.2472574731442521E-004
8.6999999999999602E+000	6.2449395115882211E-004
8.7049999999999610E+000	6.2431900285586650E-004
8.7099999999999618E+000	6.2420068955093555E-004
8.7149999999999626E+000	6.2413875594380386E-004
8.7199999999999633E+000	6.2413290517815412E-004
8.7249999999999641E+000	6.2418279947618061E-004
8.7299999999999649E+000	6.2428806084247057E-004
8.7349999999999657E+000	6.2446130765225760E-004
8.7399999999999665E+000	6.2468930884751472E-004
8.7449999999999672E+000	6.2497060480826150E-004
8.7499999999999680E+000	6.2530527189608165E-004
8.7549999999999688E+000	6.2569298001724505E-004
8.7599999999999696E+000	6.2613311479609024E-004
8.7649999999999704E+000	6.2662499356980206E-004
8.7699999999999712E+000	6.2716792247297093E-004
8.7749999999999719E+000	6.2773784683445299E-004
8.7799999999999727E+000	6.2834342157414014E-004
8.7849999999999735E+000	6.2899527936988164E-004
8.7899999999999743E+000	6.2969442149807264E-004
8.7949999999999751E+000	6.3044045089988288E-004
8.7999999999999758E+000	6.3122716228347642E-004
8.8049999999999766E+000	6.3193762213575866E-004
8.8099999999999774E+000	6.3270034584839152E-004
8.8149999999999782E+000	6.3351420876722742E-004
8.8199999999999790E+000	6.3437981085190387E-004
8.8249999999999797E+000	6.3528816255331577E-004
8.8299999999999805E+000	6.3617704417762155E-004
8.8349999999999813E+000	6.3710974465891468E-004
8.8399999999999821E+000	6.3808579767243856E-004
8.8449999999999829E+000	6.3910152416912780E-004
8.8499999999999837E+000	6.4008361846168427E-004
8.8549999999999844E+000	6.4110697311781095E-004
8.8599999999999852E+000	6.4217100272845329E-004
8.8649999999999860E+000	6.4327145139264630E-004
8.8699999999999868E+000	6.4440596760340085E-004
8.8749999999999876E+000	6.4557294683531552E-004
8.8799999999999883E+000	6.4677100482857242E-004
8.8849999999999891E+000	6.4799880286292577E-004
8.8899999999999899E+000	6.4925500489110277E-004
8.8949999999999907E+000	6.5053827249128560E-004
8.8999999999999915E+000	6.5184726769373924E-004
8.9049999999999923E+000	6.5318065769259803E-004
8.9099999999999930E+000	6.5453711184071395E-004
8.9149999999999938E+000	6.5591530066066994E-004
8.9199999999999946E+000	6.5731389532253104E-004
8.9249999999999954E+000	6.5873157008855543E-004
8.9299999999999962E+000	6.6016700039028819E-004
8.9349999999999969E+000	6.6161886648163915E-004
8.9399999999999977E+000	6.6308585247565333E-004
8.9449999999999985E+000	6.6456664405745158E-004
8.9499999999999993E+000	6.6605993429513788E-004
8.9550000000000001E+000	6.6756441882009909E-004
8.9600000000000009E+000	6.6907879947342153E-004
8.9650000000000016E+000	6.7060178303002260E-004
8.9700000000000024E+000	6.7213208057514962E-004
8.9750000000000032E+000	6.7366841161620172E-004
8.9800000000000040E+000	6.7520950234412069E-004
8.9850000000000048E+000	6.7675408733514075E-004
8.9900000000000055E+000	6.7830090944998034E-004
8.9950000000000063E+000	6.7984871875648167E-004
9.0000000000000071E+000	6.8139627456398344E-004
9.0050000000000079E+000	6.8294234529542308E-004
9.0100000000000087E+000	6.8448225700556975E-004
9.0150000000000095E+000	6.8602086594049538E-004
9.0200000000000102E+000	6.8755687716270941E-004
9.0250000000000110E+000	6.8908781017862353E-004
9.0300000000000118E+000	6.9061169024120517E-004
9.0350000000000126E+000	6.9212708258792333E-004
9.0400000000000134E+000	6.9363277005018986E-004
9.0450000000000141E+000	6.9512758494871818E-004
9.0500000000000149E+000	6.9661038761825722E-004
9.0550000000000157E+000	6.9808008148086742E-004
9.0600000000000165E+000	6.9953561769020567E-004
9.0650000000000173E+000	7.0097597286844504E-004
9.0700000000000180E+000	7.0240013830558112E-004
9.0750000000000188E+000	7.0380711160655807E-004
9.0800000000000196E+000	7.0519590547624134E-004
9.0850000000000204E+000	7.0656554963743901E-004
9.0900000000000212E+000	7.0791509444623202E-004
9.0950000000000220E+000	7.0924360742363746E-004
9.1000000000000227E+000	7.1055018287680127E-004
9.1050000000000235E+000	7.1183394428198099E-004
9.1100000000000243E+000	7.1309403189490084E-004
9.1150000000000251E+000	7.1432960803408108E-004
9.1200000000000259E+000	7.1553986274075498E-004
9.1250000000000266E+000	7.1672401266109631E-004
9.1300000000000274E+000	7.1788128935423856E-004
9.1350000000000282E+000	7.1901095881932164E-004
9.1400000000000290E+000	7.2011230971913420E-004
9.1450000000000298E+000	7.2118465352621897E-004
9.1500000000000306E+000	7.2222732636628706E-004
9.1550000000000313E+000	7.2323969154464152E-004
9.1600000000000321E+000	7.2422115209702653E-004
9.1650000000000329E+000	7.2517112726089294E-004
9.1700000000000337E+000	7.2608907269211542E-004
9.1750000000000345E+000	7.2697446330316495E-004
9.1800000000000352E+000	7.2782678713245730E-004
9.1850000000000360E+000	7.2864557898633109E-004
9.1900000000000368E+000	7.2943042298545535E-004
9.1950000000000376E+000	7.3018092254439892E-004
9.2000000000000384E+000	7.3089669859438544E-004
9.2050000000000392E+000	7.3157740369289570E-004
9.2100000000000399E+000	7.3222268846073746E-004
9.2150000000000407E+000	7.3283227663445416E-004
9.2200000000000415E+000	7.3340590867942979E-004
9.2250000000000423E+000	7.3394335685961209E-004
9.2300000000000431E+000	7.3444441973435914E-004
9.2350000000000438E+000	7.3490893834105009E-004
9.2400000000000446E+000	7.3533673096282115E-004

 
