0.	0.04952709960961954
0.02	0.04938818591782557
0.04	0.04897720443785403
0.06	0.04830545853480217
0.08	0.04738730338802277
0.1	0.046239521481121315
0.12	0.04488072993950709
0.14	0.04333084469825543
0.16	0.04161061601446292
0.18	0.039741242391365006
0.2	0.03774406496756377
0.22	0.03564034075353639
0.24	0.033451089763120834
0.26	0.03119700754154664
0.28	0.028898430858681934
0.3	0.026575340897911914
0.32	0.02424738581982666
0.34	0.021933903744329797
0.36	0.019653928326915704
0.38	0.017426162180832705
0.4	0.015268908030115824
0.42	0.013199953027301703
0.44	0.01123640738641285
0.46	0.00939450366414718
0.48	0.007689367125930602
0.5	0.006134770336256423
0.52	0.004742886319171191
0.54	0.0035240544447407984
0.56	0.002486571847910568
0.58	0.0016365209880113696
0.6	0.000977641240385907
0.62	0.00051124948494774
0.64	0.00023621178379507057
0.66	0.00014896562931276947
0.68	0.0002435900456791984
0.7000000000000001	0.0005119191345084317
0.72	0.0009436935115516576
0.74	0.001526743478631687
0.76	0.0022471976624220957
0.78	0.0030897111423300316
0.8	0.004037707667908563
0.8200000000000001	0.005073631304920667
0.84	0.006179203619934626
0.86	0.007335683205385024
0.88	0.008524124876126749
0.9	0.009725636188010256
0.92	0.010921629030367086
0.9400000000000001	0.01209406395581425
0.96	0.013225684688618955
0.98	0.01430023997172114
1.	0.015302689650800616
1.02	0.01621939172534148
1.04	0.017038267078175906
1.06	0.017748938761563693
1.08	0.01834284308100287
1.1	0.01881331026408084
1.12	0.019155613199494326
1.1400000000000001	0.019366983533750215
1.16	0.019446595266627398
1.18	0.01939551683659957
1.2	0.01921663348312208
1.22	0.01891454237312651
1.24	0.01849542355376954
1.26	0.01796689022494391
1.28	0.017337822108174805
1.3	0.016618185827898202
1.32	0.015818846230578387
1.34	0.014951372466208923
1.36	0.014027842466035167
1.3800000000000001	0.013060649194224894
1.4000000000000001	0.01206231174868222
1.42	0.011045294056732047
1.44	0.010021833568035987
1.46	0.009003782000979399
1.48	0.008002459856299993
1.5	0.007028526076895858
1.52	0.00609186390752825
1.54	0.005201483693126008
1.56	0.004365443050419415
1.58	0.003590784555406401
1.6	0.0028834908104524715
1.62	0.0022484564922216066
1.6400000000000001	0.0016894767389743492
1.6600000000000001	0.001209251016465629
1.68	0.0008094014103292579
1.7	0.0004905041332197158
1.72	0.0002521329099742786
1.74	0.00009291281516610184
1.76	0.000010583086048399082
1.78	2.067417634421531e-6
1.8	0.00006355026404492037
1.82	0.00019055771668696764
1.84	0.0003780416009444565
1.86	0.0006204655231094591
1.8800000000000001	0.0009118917024526496
1.9000000000000001	0.001246067534387052
1.92	0.0016165109440322567
1.94	0.0020165937011817903
1.96	0.0024396219735791647
1.98	0.0028789134940137018
2.	0.003327870805550859
2.02	0.0037800501284372956
2.04	0.004229225461930497
2.06	0.004669447595395226
2.08	0.005095097756976585
2.1	0.005500935676845842
2.12	0.0058821418865004915
2.14	0.0062343541186038465
2.16	0.0065536977133966445
2.18	0.0068368099800384385
2.2	0.0070808585043060646
2.22	0.007283553438332646
2.24	0.007443153853513351
2.2600000000000002	0.007558468283884068
2.2800000000000002	0.007628849633208645
2.3000000000000003	0.007654184664582786
2.32	0.007634878334641826
2.34	0.007571833275532569
2.36	0.007466424765070201
2.38	0.00732047155864457
2.4	0.007136202984870721
2.42	0.006916222730161792
2.44	0.006663469755711304
2.46	0.006381176803094135
2.48	0.006072826953063881
2.5	0.005742108705707238
2.52	0.00539287004986555
2.54	0.005029071985887867
2.56	0.0046547419591824735
2.58	0.004273927652828746
2.6	0.00389065157615498
2.62	0.0035088668730374195
2.64	0.003132414758924895
2.66	0.0027649839786878516
2.68	0.002410072659287721
2.7	0.0020709529102997948
2.72	0.001750638502631574
2.74	0.001451855929891721
2.7600000000000002	0.0011770191280895403
2.7800000000000002	0.0009282080971502182
2.8000000000000003	0.0007071516316976556
2.82	0.0005152143291855538
2.84	0.00035338799990647374
2.86	0.00022228755658559862
2.88	0.00012215141117444261
2.9	0.0000528463537925461
2.92	0.000013876833991233184
2.94	4.398508753666874e-6
2.96	0.00002323586577546166
2.98	0.00006890367543910259
3.	0.00013963197212163436
3.02	0.00023339421546531014
3.04	0.00034793823702372606
3.06	0.0004808195373602331
3.08	0.0006294364650845097
3.1	0.000791066782541705
3.12	0.0009629051041759595
3.14	0.0011421006831504599
3.16	0.0013257950200209478
3.18	0.0015111587742797639
3.2	0.0016954274752212228
3.22	0.001875935552806851
3.24	0.002050148240995142
3.2600000000000002	0.0022156909453876494
3.2800000000000002	0.002370375712706263
3.3000000000000003	0.002512224490745396
3.3200000000000003	0.0026394889231013963
3.34	0.002750666481873054
3.36	0.0028445128026088895
3.38	0.002920050147729114
3.4	0.002976571986277321
3.42	0.0030136437382157766
3.44	0.0030310997890925506
3.46	0.0030290369351266833
3.48	0.0030078044685364347
3.5	0.0029679911573730067
3.52	0.002910409412915982
3.54	0.0028360769698920762
3.56	0.002746196430589265
3.58	0.0026421330425971945
3.6	0.0025253910919147415
3.62	0.002397589298189118
3.64	0.0022604355975772705
3.66	0.002115701690849292
3.68	0.0019651977212848948
3.7	0.0018107474282320624
3.72	0.001654164099077704
3.74	0.0014972276157667608
3.7600000000000002	0.0013416628613427406
3.7800000000000002	0.0011891197199496162
3.8000000000000003	0.0010411548689805983
3.8200000000000003	0.0008992155269584856
3.84	0.0007646252847344215
3.86	0.0006385721122104115
3.88	0.0005220985979264015
3.9	0.0004160944454127957
3.92	0.0003212912184835659
3.94	0.0002382592980474385
3.96	0.00016740698568007417
3.98	0.00010898166472905757
4.	0.00006307290783702513