Grouping:m2_Oh01_eta05 totalEnergy J686
# x 	 y
0.0000000000000000E+000	2.6649790737093371E-001
5.0000000000000001E-003	2.6655559573162879E-001
1.0000000000000000E-002	2.6659974629920935E-001
1.4999999999999999E-002	2.6662371309066835E-001
2.0000000000000000E-002	2.6662300576665343E-001
2.5000000000000001E-002	2.6659595778035605E-001
3.0000000000000002E-002	2.6654282326705125E-001
3.5000000000000003E-002	2.6646721875514423E-001
4.0000000000000001E-002	2.6636551860655233E-001
4.4999999999999998E-002	2.6624174738326811E-001
4.9999999999999996E-002	2.6609605859185326E-001
5.4999999999999993E-002	2.6593217200594887E-001
5.9999999999999991E-002	2.6575010414557987E-001
6.4999999999999988E-002	2.6555103033246086E-001
6.9999999999999993E-002	2.6533607683862392E-001
7.4999999999999997E-002	2.6510632190869021E-001
8.0000000000000002E-002	2.6486279026918691E-001
8.5000000000000006E-002	2.6460644832186597E-001
9.0000000000000011E-002	2.6433817061554699E-001
9.5000000000000015E-002	2.6405970004510948E-001
1.0000000000000002E-001	2.6376995027494621E-001
1.0500000000000002E-001	2.6347045356018928E-001
1.1000000000000003E-001	2.6316181176901265E-001
1.1500000000000003E-001	2.6284455705998955E-001
1.2000000000000004E-001	2.6251916543668363E-001
1.2500000000000003E-001	2.6218606265381039E-001
1.3000000000000003E-001	2.6184562810114720E-001
1.3500000000000004E-001	2.6149820733926310E-001
1.4000000000000004E-001	2.6114455537578385E-001
1.4500000000000005E-001	2.6078451651335222E-001
1.5000000000000005E-001	2.6041849595313815E-001
1.5500000000000005E-001	2.6004642490195362E-001
1.6000000000000006E-001	2.5966862969334548E-001
1.6500000000000006E-001	2.5928524782756224E-001
1.7000000000000007E-001	2.5889642411730351E-001
1.7500000000000007E-001	2.5850230350366443E-001
1.8000000000000008E-001	2.5810301067541053E-001
1.8500000000000008E-001	2.5769864825913125E-001
1.9000000000000009E-001	2.5728929652842991E-001
1.9500000000000009E-001	2.5687502358002190E-001
2.0000000000000009E-001	2.5645588740151259E-001
2.0500000000000010E-001	2.5603193759961806E-001
2.1000000000000010E-001	2.5560321423701282E-001
2.1500000000000011E-001	2.5516976026444826E-001
2.2000000000000011E-001	2.5473158778506244E-001
2.2500000000000012E-001	2.5428863006108005E-001
2.3000000000000012E-001	2.5384079912139690E-001
2.3500000000000013E-001	2.5338804616222976E-001
2.4000000000000013E-001	2.5293142264161306E-001
2.4500000000000013E-001	2.5247474065227626E-001
2.5000000000000011E-001	2.5200730912568847E-001
2.5500000000000012E-001	2.5153856592099899E-001
2.6000000000000012E-001	2.5106098572801994E-001
2.6500000000000012E-001	2.5057088101982794E-001
2.7000000000000013E-001	2.5008376088286655E-001
2.7500000000000013E-001	2.4959151526785472E-001
2.8000000000000014E-001	2.4909584066112300E-001
2.8500000000000014E-001	2.4859493014465306E-001
2.9000000000000015E-001	2.4808880311057901E-001
2.9500000000000015E-001	2.4757780030938026E-001
3.0000000000000016E-001	2.4706120065264026E-001
3.0500000000000016E-001	2.4653922654225191E-001
3.1000000000000016E-001	2.4600916463543765E-001
3.1500000000000017E-001	2.4547813741874025E-001
3.2000000000000017E-001	2.4493679823131220E-001
3.2500000000000018E-001	2.4439316987795090E-001
3.3000000000000018E-001	2.4384391980317055E-001
3.3500000000000019E-001	2.4328901554591287E-001
3.4000000000000019E-001	2.4272842012211093E-001
3.4500000000000020E-001	2.4216206707919818E-001
3.5000000000000020E-001	2.4158989236310857E-001
3.5500000000000020E-001	2.4101185615227783E-001
3.6000000000000021E-001	2.4042792813595160E-001
3.6500000000000021E-001	2.3983809357648189E-001
3.7000000000000022E-001	2.3924220230075788E-001
3.7500000000000022E-001	2.3864011624467985E-001
3.8000000000000023E-001	2.3803168658123708E-001
3.8500000000000023E-001	2.3741594453349490E-001
3.9000000000000024E-001	2.3679378841729726E-001
3.9500000000000024E-001	2.3616519391198842E-001
4.0000000000000024E-001	2.3553019648094242E-001
4.0500000000000025E-001	2.3488873143867384E-001
4.1000000000000025E-001	2.3424080708524464E-001
4.1500000000000026E-001	2.3358642836093502E-001
4.2000000000000026E-001	2.3292560170882348E-001
4.2500000000000027E-001	2.3225900839134983E-001
4.3000000000000027E-001	2.3158585181272606E-001
4.3500000000000028E-001	2.3090637038080963E-001
4.4000000000000028E-001	2.3021746563431966E-001
4.4500000000000028E-001	2.2952577064061197E-001
4.5000000000000029E-001	2.2882778489906519E-001
4.5500000000000029E-001	2.2812263129679256E-001
4.6000000000000030E-001	2.2741117020862278E-001
4.6500000000000030E-001	2.2669573815425270E-001
4.7000000000000031E-001	2.2597164639590872E-001
4.7500000000000031E-001	2.2521713704192114E-001
4.8000000000000032E-001	2.2447708148876133E-001
4.8500000000000032E-001	2.2372992477815767E-001
4.9000000000000032E-001	2.2297574885763805E-001
4.9500000000000033E-001	2.2221446032246739E-001
5.0000000000000033E-001	2.2144647772425374E-001
5.0500000000000034E-001	2.2067119199879404E-001
5.1000000000000034E-001	2.1988832019039206E-001
5.1500000000000035E-001	2.1911330580958222E-001
5.2000000000000035E-001	2.1830893516955197E-001
5.2500000000000036E-001	2.1750035380859023E-001
5.3000000000000036E-001	2.1668270406770462E-001
5.3500000000000036E-001	2.1585489904214317E-001
5.4000000000000037E-001	2.1500327399301566E-001
5.4500000000000037E-001	2.1415046498395407E-001
5.5000000000000038E-001	2.1328760767760579E-001
5.5500000000000038E-001	2.1241336366316732E-001
5.6000000000000039E-001	2.1152732004672448E-001
5.6500000000000039E-001	2.1062904521700565E-001
5.7000000000000040E-001	2.0971807000024434E-001
5.7500000000000040E-001	2.0879388980617142E-001
5.8000000000000040E-001	2.0785614803707375E-001
5.8500000000000041E-001	2.0690436983029681E-001
5.9000000000000041E-001	2.0593817547433080E-001
5.9500000000000042E-001	2.0496532156192693E-001
6.0000000000000042E-001	2.0395087968863113E-001
6.0500000000000043E-001	2.0294238886482940E-001
6.1000000000000043E-001	2.0191679416172104E-001
6.1500000000000044E-001	2.0087573620394616E-001
6.2000000000000044E-001	1.9981910387492263E-001
6.2500000000000044E-001	1.9874667886755892E-001
6.3000000000000045E-001	1.9765841874427847E-001
6.3500000000000045E-001	1.9655420031002491E-001
6.4000000000000046E-001	1.9543387044933436E-001
6.4500000000000046E-001	1.9429731110543935E-001
6.5000000000000047E-001	1.9314441648737990E-001
6.5500000000000047E-001	1.9197470938573646E-001
6.6000000000000048E-001	1.9079029521989677E-001
6.6500000000000048E-001	1.8958815429734299E-001
6.7000000000000048E-001	1.8836777368748692E-001
6.7500000000000049E-001	1.8713321022396023E-001
6.8000000000000049E-001	1.8586946192046794E-001
6.8500000000000050E-001	1.8460311866803192E-001
6.9000000000000050E-001	1.8332174353451380E-001
6.9500000000000051E-001	1.8202629602814024E-001
7.0000000000000051E-001	1.8071691469971363E-001
7.0500000000000052E-001	1.7939406911486921E-001
7.1000000000000052E-001	1.7806002208341676E-001
7.1500000000000052E-001	1.7671406280114033E-001
7.2000000000000053E-001	1.7535708852678278E-001
7.2500000000000053E-001	1.7398987602544080E-001
7.3000000000000054E-001	1.7261304461665583E-001
7.3500000000000054E-001	1.7121544006257894E-001
7.4000000000000055E-001	1.6981438776512281E-001
7.4500000000000055E-001	1.6841038455910251E-001
7.5000000000000056E-001	1.6700216669092738E-001
7.5500000000000056E-001	1.6558818726494451E-001
7.6000000000000056E-001	1.6416899969505039E-001
7.6500000000000057E-001	1.6274528298755975E-001
7.7000000000000057E-001	1.6131915981429268E-001
7.7500000000000058E-001	1.5989974030754039E-001
7.8000000000000058E-001	1.5845379621753697E-001
7.8500000000000059E-001	1.5702531286961818E-001
7.9000000000000059E-001	1.5559590920148603E-001
7.9500000000000060E-001	1.5416790366026722E-001
8.0000000000000060E-001	1.5276573737732990E-001
8.0500000000000060E-001	1.5135554853356803E-001
8.1000000000000061E-001	1.4992846306449081E-001
8.1500000000000061E-001	1.4852425841443972E-001
8.2000000000000062E-001	1.4712310931650396E-001
8.2500000000000062E-001	1.4572710994111393E-001
8.3000000000000063E-001	1.4433795398233018E-001
8.3500000000000063E-001	1.4295689225730568E-001
8.4000000000000064E-001	1.4158476617182725E-001
8.4500000000000064E-001	1.4022230293103499E-001
8.5000000000000064E-001	1.3887036591150714E-001
8.5500000000000065E-001	1.3752976624147450E-001
8.6000000000000065E-001	1.3620130264460606E-001
8.6500000000000066E-001	1.3488573714111185E-001
8.7000000000000066E-001	1.3358388380416386E-001
8.7500000000000067E-001	1.3229713653298214E-001
8.8000000000000067E-001	1.3102566257137926E-001
8.8500000000000068E-001	1.2977231672661738E-001
8.9000000000000068E-001	1.2853307232141153E-001
8.9500000000000068E-001	1.2731578385033959E-001
9.0000000000000069E-001	1.2611153387739238E-001
9.0500000000000069E-001	1.2492462586937503E-001
9.1000000000000070E-001	1.2375561339676722E-001
9.1500000000000070E-001	1.2260497400259673E-001
9.2000000000000071E-001	1.2147324616272837E-001
9.2500000000000071E-001	1.2036079284091450E-001
9.3000000000000071E-001	1.1926523369696262E-001
9.3500000000000072E-001	1.1819415323016047E-001
9.4000000000000072E-001	1.1714368147503329E-001
9.4500000000000073E-001	1.1611434246960739E-001
9.5000000000000073E-001	1.1510673896134804E-001
9.5500000000000074E-001	1.1412109032323059E-001
9.6000000000000074E-001	1.1315774446465010E-001
9.6500000000000075E-001	1.1221700451887839E-001
9.7000000000000075E-001	1.1129922709009543E-001
9.7500000000000075E-001	1.1037603103185445E-001
9.8000000000000076E-001	1.0949460703923375E-001
9.8500000000000076E-001	1.0863919388803689E-001
9.9000000000000077E-001	1.0780750337114231E-001
9.9500000000000077E-001	1.0699966219049628E-001
1.0000000000000007E+000	1.0621737309659451E-001
1.0050000000000006E+000	1.0544368184652297E-001
1.0100000000000005E+000	1.0471496337401742E-001
1.0150000000000003E+000	1.0401342508958633E-001
1.0200000000000002E+000	1.0333339966393318E-001
1.0250000000000001E+000	1.0265348195901902E-001
1.0300000000000000E+000	1.0203273644180433E-001
1.0349999999999999E+000	1.0138264813473130E-001
1.0399999999999998E+000	1.0077416385379001E-001
1.0449999999999997E+000	1.0018307723759312E-001
1.0499999999999996E+000	9.9609611664591036E-002
1.0549999999999995E+000	9.9053705080401233E-002
1.0599999999999994E+000	9.8515253026941085E-002
1.0649999999999993E+000	9.7994126605487342E-002
1.0699999999999992E+000	9.7490175098434495E-002
1.0749999999999991E+000	9.7003242462648576E-002
1.0799999999999990E+000	9.6533171454960875E-002
1.0849999999999989E+000	9.6079799620399697E-002
1.0899999999999987E+000	9.5636927429777696E-002
1.0949999999999986E+000	9.5215446383735358E-002
1.0999999999999985E+000	9.4810203671752191E-002
1.1049999999999984E+000	9.4420789905094171E-002
1.1099999999999983E+000	9.4047497926234236E-002
1.1149999999999982E+000	9.3689537483855112E-002
1.1199999999999981E+000	9.3346543768798806E-002
1.1249999999999980E+000	9.3018441190476864E-002
1.1299999999999979E+000	9.2704362661049533E-002
1.1349999999999978E+000	9.2404306594063623E-002
1.1399999999999977E+000	9.2118026954615129E-002
1.1449999999999976E+000	9.1845252125982491E-002
1.1499999999999975E+000	9.1585688276875743E-002
1.1549999999999974E+000	9.1356240831356850E-002
1.1599999999999973E+000	9.1163354776368166E-002
1.1649999999999971E+000	9.0945285786201868E-002
1.1699999999999970E+000	9.0735356399565426E-002
1.1749999999999969E+000	9.0536780031023056E-002
1.1799999999999968E+000	9.0352256260133768E-002
1.1849999999999967E+000	9.0176285931087286E-002
1.1899999999999966E+000	9.0010528587411098E-002
1.1949999999999965E+000	8.9855057678910111E-002
1.1999999999999964E+000	8.9709486987594733E-002
1.2049999999999963E+000	8.9573296193858898E-002
1.2099999999999962E+000	8.9446171908573291E-002
1.2149999999999961E+000	8.9327649097281636E-002
1.2199999999999960E+000	8.9217335057730107E-002
1.2249999999999959E+000	8.9114807306153843E-002
1.2299999999999958E+000	8.9019612477577947E-002
1.2349999999999957E+000	8.8931303119856420E-002
1.2399999999999956E+000	8.8849434178543518E-002
1.2449999999999954E+000	8.8773621177399509E-002
1.2499999999999953E+000	8.8703441475475042E-002
1.2549999999999952E+000	8.8638489769552908E-002
1.2599999999999951E+000	8.8578348919046590E-002
1.2649999999999950E+000	8.8522598344708214E-002
1.2699999999999949E+000	8.8470811986196551E-002
1.2749999999999948E+000	8.8422556504157424E-002
1.2799999999999947E+000	8.8377411641344050E-002
1.2849999999999946E+000	8.8334953640960112E-002
1.2899999999999945E+000	8.8294740956050610E-002
1.2949999999999944E+000	8.8256341455977161E-002
1.2999999999999943E+000	8.8219321401866946E-002
1.3049999999999942E+000	8.8183270011826576E-002
1.3099999999999941E+000	8.8147788259900217E-002
1.3149999999999940E+000	8.8112460768168255E-002
1.3199999999999938E+000	8.8078590747781238E-002
1.3249999999999937E+000	8.8042488794010776E-002
1.3299999999999936E+000	8.8005310680945747E-002
1.3349999999999935E+000	8.7966738330539584E-002
1.3399999999999934E+000	8.7926422418327821E-002
1.3449999999999933E+000	8.7881593200063612E-002
1.3499999999999932E+000	8.7836386308593806E-002
1.3549999999999931E+000	8.7788228178733441E-002
1.3599999999999930E+000	8.7736789694871753E-002
1.3649999999999929E+000	8.7681758557547340E-002
1.3699999999999928E+000	8.7622805623828182E-002
1.3749999999999927E+000	8.7559602392336622E-002
1.3799999999999926E+000	8.7491824003223417E-002
1.3849999999999925E+000	8.7419151070731616E-002
1.3899999999999924E+000	8.7341278355028695E-002
1.3949999999999922E+000	8.7257911844474290E-002
1.3999999999999921E+000	8.7168768467266844E-002
1.4049999999999920E+000	8.7073577631685328E-002
1.4099999999999919E+000	8.6972081035137094E-002
1.4149999999999918E+000	8.6864032451563933E-002
1.4199999999999917E+000	8.6749197988691851E-002
1.4249999999999916E+000	8.6627355715989118E-002
1.4299999999999915E+000	8.6498296747140380E-002
1.4349999999999914E+000	8.6361757948072437E-002
1.4399999999999913E+000	8.6217582811939586E-002
1.4449999999999912E+000	8.6065643936899416E-002
1.4499999999999911E+000	8.5905790998261011E-002
1.4549999999999910E+000	8.5737880931267441E-002
1.4599999999999909E+000	8.5561786920072880E-002
1.4649999999999908E+000	8.5377400057382591E-002
1.4699999999999906E+000	8.5184638853945671E-002
1.4749999999999905E+000	8.4983752700008353E-002
1.4799999999999904E+000	8.4774347416447959E-002
1.4849999999999903E+000	8.4556326981620078E-002
1.4899999999999902E+000	8.4329658062693547E-002
1.4949999999999901E+000	8.4094354123825710E-002
1.4999999999999900E+000	8.3874383738058889E-002
1.5049999999999899E+000	8.3621398720711948E-002
1.5099999999999898E+000	8.3358744921814054E-002
1.5149999999999897E+000	8.3084854855959289E-002
1.5199999999999896E+000	8.2778195824832590E-002
1.5249999999999895E+000	8.2491323093571989E-002
1.5299999999999894E+000	8.2195974771258395E-002
1.5349999999999893E+000	8.1892194129641993E-002
1.5399999999999892E+000	8.1580080985727221E-002
1.5449999999999890E+000	8.1259886868909614E-002
1.5499999999999889E+000	8.0931418544835321E-002
1.5549999999999888E+000	8.0594671723620337E-002
1.5599999999999887E+000	8.0249678775454303E-002
1.5649999999999886E+000	7.9896041323332501E-002
1.5699999999999885E+000	7.9534301807560048E-002
1.5749999999999884E+000	7.9164589783424333E-002
1.5799999999999883E+000	7.8786878838623675E-002
1.5849999999999882E+000	7.8401448447285027E-002
1.5899999999999881E+000	7.8006592268844432E-002
1.5949999999999880E+000	7.7606431506461071E-002
1.5999999999999879E+000	7.7198673269027296E-002
1.6049999999999878E+000	7.6783635039540332E-002
1.6099999999999877E+000	7.6361543611710658E-002
1.6149999999999876E+000	7.5932475892212192E-002
1.6199999999999875E+000	7.5496461361801437E-002
1.6249999999999873E+000	7.5053542315538735E-002
1.6299999999999872E+000	7.4603783877732699E-002
1.6349999999999871E+000	7.4147257586667070E-002
1.6399999999999870E+000	7.3683847764805410E-002
1.6449999999999869E+000	7.3213774070155946E-002
1.6499999999999868E+000	7.2737031171820732E-002
1.6549999999999867E+000	7.2252795235780098E-002
1.6599999999999866E+000	7.1765316955039626E-002
1.6649999999999865E+000	7.1323170265115809E-002
1.6699999999999864E+000	7.0828984521000393E-002
1.6749999999999863E+000	7.0331354251271794E-002
1.6799999999999862E+000	6.9831754073649943E-002
1.6849999999999861E+000	6.9320055749403586E-002
1.6899999999999860E+000	6.8817663424927122E-002
1.6949999999999859E+000	6.8313618001168752E-002
1.6999999999999857E+000	6.7807546512064665E-002
1.7049999999999856E+000	6.7298933635233205E-002
1.7099999999999855E+000	6.6788621137725990E-002
1.7149999999999854E+000	6.6276788807216658E-002
1.7199999999999853E+000	6.5764485480193535E-002
1.7249999999999852E+000	6.5257472746083955E-002
1.7299999999999851E+000	6.4741594058837837E-002
1.7349999999999850E+000	6.4225007610132945E-002
1.7399999999999849E+000	6.3707955972759134E-002
1.7449999999999848E+000	6.3190719186178246E-002
1.7499999999999847E+000	6.2673564512777613E-002
1.7549999999999846E+000	6.2156743747117993E-002
1.7599999999999845E+000	6.1640460798829455E-002
1.7649999999999844E+000	6.1125002550321827E-002
1.7699999999999843E+000	6.0610688079688835E-002
1.7749999999999841E+000	6.0097677039587349E-002
1.7799999999999840E+000	5.9586223228356161E-002
1.7849999999999839E+000	5.9076541491268397E-002
1.7899999999999838E+000	5.8569733053805084E-002
1.7949999999999837E+000	5.8065128567300839E-002
1.7999999999999836E+000	5.7553810001680361E-002
1.8049999999999835E+000	5.7054492117601718E-002
1.8099999999999834E+000	5.6558018762955076E-002
1.8149999999999833E+000	5.6064629940943522E-002
1.8199999999999832E+000	5.5574660838305867E-002
1.8249999999999831E+000	5.5088183954440595E-002
1.8299999999999830E+000	5.4605376170158593E-002
1.8349999999999829E+000	5.4126490113515668E-002
1.8399999999999828E+000	5.3651608560075115E-002
1.8449999999999827E+000	5.3180815404064941E-002
1.8499999999999825E+000	5.2722357581378887E-002
1.8549999999999824E+000	5.2258371851632734E-002
1.8599999999999823E+000	5.1811934063882070E-002
1.8649999999999822E+000	5.1357050387170755E-002
1.8699999999999821E+000	5.0903605824890175E-002
1.8749999999999820E+000	5.0458871164081209E-002
1.8799999999999819E+000	5.0019318274125535E-002
1.8849999999999818E+000	4.9585046770268537E-002
1.8899999999999817E+000	4.9156148716467563E-002
1.8949999999999816E+000	4.8732725985662917E-002
1.8999999999999815E+000	4.8314841423389154E-002
1.9049999999999814E+000	4.7902596791251639E-002
1.9099999999999813E+000	4.7495649184228661E-002
1.9149999999999812E+000	4.7094368519290164E-002
1.9199999999999811E+000	4.6698848126619286E-002
1.9249999999999809E+000	4.6309120640657397E-002
1.9299999999999808E+000	4.5925223535547843E-002
1.9349999999999807E+000	4.5547168630267088E-002
1.9399999999999806E+000	4.5174974945661361E-002
1.9449999999999805E+000	4.4808656828304372E-002
1.9499999999999804E+000	4.4448226522765477E-002
1.9549999999999803E+000	4.4093692544660001E-002
1.9599999999999802E+000	4.3745081961807486E-002
1.9649999999999801E+000	4.3402054223896425E-002
1.9699999999999800E+000	4.3065034729932172E-002
1.9749999999999799E+000	4.2733925942807449E-002
1.9799999999999798E+000	4.2420677410100804E-002
1.9849999999999797E+000	4.2101044255255626E-002
1.9899999999999796E+000	4.1786491251289082E-002
1.9949999999999795E+000	4.1473516434643365E-002
1.9999999999999793E+000	4.1171167300497746E-002
2.0049999999999795E+000	4.0874953882972687E-002
2.0099999999999794E+000	4.0584769695723999E-002
2.0149999999999793E+000	4.0300505285304045E-002
2.0199999999999791E+000	4.0022080889446698E-002
2.0249999999999790E+000	3.9749629969735079E-002
2.0299999999999789E+000	3.9478796166723562E-002
2.0349999999999788E+000	3.9217256362486630E-002
2.0399999999999787E+000	3.8965612306913311E-002
2.0449999999999786E+000	3.8716839230789724E-002
2.0499999999999785E+000	3.8474192433593402E-002
2.0549999999999784E+000	3.8235102404133858E-002
2.0599999999999783E+000	3.8004412868049897E-002
2.0649999999999782E+000	3.7779500484383721E-002
2.0699999999999781E+000	3.7552938915287548E-002
2.0749999999999780E+000	3.7339274432794944E-002
2.0799999999999779E+000	3.7131282823635203E-002
2.0849999999999778E+000	3.6929250191901630E-002
2.0899999999999777E+000	3.6737000149395627E-002
2.0949999999999775E+000	3.6545773582291829E-002
2.0999999999999774E+000	3.6359820406210996E-002
2.1049999999999773E+000	3.6182529327606350E-002
2.1099999999999772E+000	3.6007498511205771E-002
2.1149999999999771E+000	3.5829995007417015E-002
2.1199999999999770E+000	3.5655062462113474E-002
2.1249999999999769E+000	3.5495460963444359E-002
2.1299999999999768E+000	3.5340890249281998E-002
2.1349999999999767E+000	3.5196256890593247E-002
2.1399999999999766E+000	3.5050959254124603E-002
2.1449999999999765E+000	3.4910705541497222E-002
2.1499999999999764E+000	3.4774976962808513E-002
2.1549999999999763E+000	3.4640351972605732E-002
2.1599999999999762E+000	3.4513465993503800E-002
2.1649999999999761E+000	3.4390856352562782E-002
2.1699999999999759E+000	3.4271975288795442E-002
2.1749999999999758E+000	3.4157171908031803E-002
2.1799999999999757E+000	3.4046403292773864E-002
2.1849999999999756E+000	3.3939611261446068E-002
2.1899999999999755E+000	3.3836678500657413E-002
2.1949999999999754E+000	3.3737735159327098E-002
2.1999999999999753E+000	3.3663011810646903E-002
2.2049999999999752E+000	3.3571765011465970E-002
2.2099999999999751E+000	3.3485843551007921E-002
2.2149999999999750E+000	3.3400644777342503E-002
2.2199999999999749E+000	3.3318809588789744E-002
2.2249999999999748E+000	3.3239949914462663E-002
2.2299999999999747E+000	3.3164390564045743E-002
2.2349999999999746E+000	3.3092318154310796E-002
2.2399999999999745E+000	3.3023367593587150E-002
2.2449999999999743E+000	3.2957456307936006E-002
2.2499999999999742E+000	3.2894487553980944E-002
2.2549999999999741E+000	3.2834384752319590E-002
2.2599999999999740E+000	3.2777077537517574E-002
2.2649999999999739E+000	3.2722494026215188E-002
2.2699999999999738E+000	3.2670559902939100E-002
2.2749999999999737E+000	3.2621201616735540E-002
2.2799999999999736E+000	3.2574346327130410E-002
2.2849999999999735E+000	3.2529915118724162E-002
2.2899999999999734E+000	3.2487837727470215E-002
2.2949999999999733E+000	3.2448042485333506E-002
2.2999999999999732E+000	3.2410454565198421E-002
2.3049999999999731E+000	3.2374999028148999E-002
2.3099999999999730E+000	3.2341601164040501E-002
2.3149999999999729E+000	3.2310186933212304E-002
2.3199999999999728E+000	3.2278120454744208E-002
2.3249999999999726E+000	3.2249895750120050E-002
2.3299999999999725E+000	3.2223081982056367E-002
2.3349999999999724E+000	3.2197879957153841E-002
2.3399999999999723E+000	3.2174394297027398E-002
2.3449999999999722E+000	3.2152598923290920E-002
2.3499999999999721E+000	3.2132400858662979E-002
2.3549999999999720E+000	3.2120242298127266E-002
2.3599999999999719E+000	3.2103003031277666E-002
2.3649999999999718E+000	3.2087075922795361E-002
2.3699999999999717E+000	3.2072354549216087E-002
2.3749999999999716E+000	3.2058750320310470E-002
2.3799999999999715E+000	3.2046186124105702E-002
2.3849999999999714E+000	3.2034720191706612E-002
2.3899999999999713E+000	3.2024155256066056E-002
2.3949999999999712E+000	3.2014416037741800E-002
2.3999999999999710E+000	3.2005435389039327E-002
2.4049999999999709E+000	3.1997147064252829E-002
2.4099999999999708E+000	3.1989484742534380E-002
2.4149999999999707E+000	3.1982379512636605E-002
2.4199999999999706E+000	3.1975764790916905E-002
2.4249999999999705E+000	3.1969570480255172E-002
2.4299999999999704E+000	3.1963730771179311E-002
2.4349999999999703E+000	3.1958182459917328E-002
2.4399999999999702E+000	3.1952863411184307E-002
2.4449999999999701E+000	3.1947712100112380E-002
2.4499999999999700E+000	3.1942670065556733E-002
2.4549999999999699E+000	3.1937679499876914E-002
2.4599999999999698E+000	3.1932676440094898E-002
2.4649999999999697E+000	3.1927605786367330E-002
2.4699999999999696E+000	3.1922407838037792E-002
2.4749999999999694E+000	3.1917021821791014E-002
2.4799999999999693E+000	3.1911390680903207E-002
2.4849999999999692E+000	3.1905454481981899E-002
2.4899999999999691E+000	3.1899151602077680E-002
2.4949999999999690E+000	3.1892422733720949E-002
2.4999999999999689E+000	3.1885211993530671E-002
2.5049999999999688E+000	3.1877462807687440E-002
2.5099999999999687E+000	3.1869121531866718E-002
2.5149999999999686E+000	3.1860132262675034E-002
2.5199999999999685E+000	3.1850438142752679E-002
2.5249999999999684E+000	3.1839985425896167E-002
2.5299999999999683E+000	3.1828720610654226E-002
2.5349999999999682E+000	3.1816590242933263E-002
2.5399999999999681E+000	3.1803543388246869E-002
2.5449999999999680E+000	3.1789529252614468E-002
2.5499999999999678E+000	3.1774496201021130E-002
2.5549999999999677E+000	3.1758393430255882E-002
2.5599999999999676E+000	3.1741173109481657E-002
2.5649999999999675E+000	3.1722770767451447E-002
2.5699999999999674E+000	3.1703158640309148E-002
2.5749999999999673E+000	3.1682292102467091E-002
2.5799999999999672E+000	3.1660107075289101E-002
2.5849999999999671E+000	3.1636578032756990E-002
2.5899999999999670E+000	3.1611661680655434E-002
2.5949999999999669E+000	3.1585316432695798E-002
2.5999999999999668E+000	3.1550496508661041E-002
2.6049999999999667E+000	3.1521062020706481E-002
2.6099999999999666E+000	3.1490033726825573E-002
2.6149999999999665E+000	3.1457415317033721E-002
2.6199999999999664E+000	3.1423191616716029E-002
2.6249999999999662E+000	3.1387332478028718E-002
2.6299999999999661E+000	3.1358471094753870E-002
2.6349999999999660E+000	3.1318976467371584E-002
2.6399999999999659E+000	3.1277643811483458E-002
2.6449999999999658E+000	3.1234530639089986E-002
2.6499999999999657E+000	3.1189679505873702E-002
2.6549999999999656E+000	3.1143078711376226E-002
2.6599999999999655E+000	3.1094681614974640E-002
2.6649999999999654E+000	3.1044458842584888E-002
2.6699999999999653E+000	3.0992349987016166E-002
2.6749999999999652E+000	3.0938328182247510E-002
2.6799999999999651E+000	3.0882372950153059E-002
2.6849999999999650E+000	3.0824464126965712E-002
2.6899999999999649E+000	3.0764584158593067E-002
2.6949999999999648E+000	3.0702703580923973E-002
2.6999999999999647E+000	3.0638813942685417E-002
2.7049999999999645E+000	3.0572905107805859E-002
2.7099999999999644E+000	3.0504968297416557E-002
2.7149999999999643E+000	3.0434995220377292E-002
2.7199999999999642E+000	3.0362981337473283E-002
2.7249999999999641E+000	3.0288614405713954E-002
2.7299999999999640E+000	3.0212163398700032E-002
2.7349999999999639E+000	3.0134352779780826E-002
2.7399999999999638E+000	3.0053523268209759E-002
2.7449999999999637E+000	2.9970626229987918E-002
2.7499999999999636E+000	2.9880414161677749E-002
2.7549999999999635E+000	2.9793419073235849E-002
2.7599999999999634E+000	2.9704340690170028E-002
2.7649999999999633E+000	2.9613180907283709E-002
2.7699999999999632E+000	2.9519938499251275E-002
2.7749999999999631E+000	2.9424616116447311E-002
2.7799999999999629E+000	2.9327329164095417E-002
2.7849999999999628E+000	2.9227971403267716E-002
2.7899999999999627E+000	2.9126537980680656E-002
2.7949999999999626E+000	2.9023211076185884E-002
2.7999999999999625E+000	2.8917857579187967E-002
2.8049999999999624E+000	2.8810454853340328E-002
2.8099999999999623E+000	2.8701013863686065E-002
2.8149999999999622E+000	2.8590952044187823E-002
2.8199999999999621E+000	2.8477731689718233E-002
2.8249999999999620E+000	2.8362522978440108E-002
2.8299999999999619E+000	2.8245357437779894E-002
2.8349999999999618E+000	2.8123565086747071E-002
2.8399999999999617E+000	2.8002406694351833E-002
2.8449999999999616E+000	2.7879363476286834E-002
2.8499999999999615E+000	2.7754477829694313E-002
2.8549999999999613E+000	2.7627786791311504E-002
2.8599999999999612E+000	2.7500333503759133E-002
2.8649999999999611E+000	2.7370038805732744E-002
2.8699999999999610E+000	2.7238046902211099E-002
2.8749999999999609E+000	2.7104404998645748E-002
2.8799999999999608E+000	2.6969162441969452E-002
2.8849999999999607E+000	2.6832338941425338E-002
2.8899999999999606E+000	2.6693981628839847E-002
2.8949999999999605E+000	2.6554102341608044E-002
2.8999999999999604E+000	2.6412600451036550E-002
2.9049999999999603E+000	2.6269763269218593E-002
2.9099999999999602E+000	2.6125376406242573E-002
2.9149999999999601E+000	2.5980106234230416E-002
2.9199999999999600E+000	2.5842773418593978E-002
2.9249999999999599E+000	2.5697118487422177E-002
2.9299999999999597E+000	2.5549048806122965E-002
2.9349999999999596E+000	2.5400240697761145E-002
2.9399999999999595E+000	2.5233027343686931E-002
2.9449999999999594E+000	2.5082671158474845E-002
2.9499999999999593E+000	2.4922148849037651E-002
2.9549999999999592E+000	2.4769865259403723E-002
2.9599999999999591E+000	2.4616255495160555E-002
2.9649999999999590E+000	2.4461659584838813E-002
2.9699999999999589E+000	2.4306136940651424E-002
2.9749999999999588E+000	2.4149710848149653E-002
2.9799999999999587E+000	2.3992431809685133E-002
2.9849999999999586E+000	2.3834342065588654E-002
2.9899999999999585E+000	2.3675492337921877E-002
2.9949999999999584E+000	2.3518314073085911E-002
2.9999999999999583E+000	2.3362257901677452E-002
3.0049999999999581E+000	2.3201794755228100E-002
3.0099999999999580E+000	2.3040818336103719E-002
3.0149999999999579E+000	2.2886104655303274E-002
3.0199999999999578E+000	2.2724598728371515E-002
3.0249999999999577E+000	2.2562769875046129E-002
3.0299999999999576E+000	2.2394557964435791E-002
3.0349999999999575E+000	2.2232248208608585E-002
3.0399999999999574E+000	2.2069667836700280E-002
3.0449999999999573E+000	2.1907075022835620E-002
3.0499999999999572E+000	2.1744599521825947E-002
3.0549999999999571E+000	2.1582383638772296E-002
3.0599999999999570E+000	2.1420269104975631E-002
3.0649999999999569E+000	2.1258455755653660E-002
3.0699999999999568E+000	2.1096978651849785E-002
3.0749999999999567E+000	2.0935885186373238E-002
3.0799999999999566E+000	2.0775227780461591E-002
3.0849999999999564E+000	2.0615067186727565E-002
3.0899999999999563E+000	2.0455461430269217E-002
3.0949999999999562E+000	2.0296487116763462E-002
3.0999999999999561E+000	2.0138211906586712E-002
3.1049999999999560E+000	1.9980703131522226E-002
3.1099999999999559E+000	1.9824027565596314E-002
3.1149999999999558E+000	1.9668250318094938E-002
3.1199999999999557E+000	1.9513434928114304E-002
3.1249999999999556E+000	1.9359643043442176E-002
3.1299999999999555E+000	1.9206934660720432E-002
3.1349999999999554E+000	1.9055367165059955E-002
3.1399999999999553E+000	1.8905196336363783E-002
3.1449999999999552E+000	1.8756275250963572E-002
3.1499999999999551E+000	1.8608627780278386E-002
3.1549999999999550E+000	1.8462323996388808E-002
3.1599999999999548E+000	1.8317430176253868E-002
3.1649999999999547E+000	1.8174001606889867E-002
3.1699999999999546E+000	1.8032090772905462E-002
3.1749999999999545E+000	1.7891740510565413E-002
3.1799999999999544E+000	1.7753004138592487E-002
3.1849999999999543E+000	1.7615927541314136E-002
3.1899999999999542E+000	1.7480553822762701E-002
3.1949999999999541E+000	1.7348298842965626E-002
3.1999999999999540E+000	1.7216103738793898E-002
3.2049999999999539E+000	1.7086337036922306E-002
3.2099999999999538E+000	1.6958423542585255E-002
3.2149999999999537E+000	1.6832406527077293E-002
3.2199999999999536E+000	1.6708363912921520E-002
3.2249999999999535E+000	1.6590014268070163E-002
3.2299999999999534E+000	1.6469538447262622E-002
3.2349999999999532E+000	1.6346923230718513E-002
3.2399999999999531E+000	1.6236760063793820E-002
3.2449999999999530E+000	1.6121645072029178E-002
3.2499999999999529E+000	1.6008549629098479E-002
3.2549999999999528E+000	1.5897529056351889E-002
3.2599999999999527E+000	1.5788604299504794E-002
3.2649999999999526E+000	1.5681792402855166E-002
3.2699999999999525E+000	1.5577106687747921E-002
3.2749999999999524E+000	1.5474560135314341E-002
3.2799999999999523E+000	1.5374161241722195E-002
3.2849999999999522E+000	1.5275917475901846E-002
3.2899999999999521E+000	1.5179839109402238E-002
3.2949999999999520E+000	1.5085934626450470E-002
3.2999999999999519E+000	1.4994210515801853E-002
3.3049999999999518E+000	1.4904670658120178E-002
3.3099999999999516E+000	1.4817331797915667E-002
3.3149999999999515E+000	1.4732183291829681E-002
3.3199999999999514E+000	1.4649223930355948E-002
3.3249999999999513E+000	1.4568450337625105E-002
3.3299999999999512E+000	1.4489859450768972E-002
3.3349999999999511E+000	1.4413445957716764E-002
3.3399999999999510E+000	1.4339525489193150E-002
3.3449999999999509E+000	1.4267765259936560E-002
3.3499999999999508E+000	1.4199684121403600E-002
3.3549999999999507E+000	1.4132031400341472E-002
3.3599999999999506E+000	1.4066507583971433E-002
3.3649999999999505E+000	1.4003099395885954E-002
3.3699999999999504E+000	1.3941779296432699E-002
3.3749999999999503E+000	1.3882532786856139E-002
3.3799999999999502E+000	1.3825336607526051E-002
3.3849999999999500E+000	1.3770163713102246E-002
3.3899999999999499E+000	1.3716987654244672E-002
3.3949999999999498E+000	1.3666200549083296E-002
3.3999999999999497E+000	1.3617370508183235E-002
3.4049999999999496E+000	1.3570455823515903E-002
3.4099999999999495E+000	1.3525429920434373E-002
3.4149999999999494E+000	1.3482263647579540E-002
3.4199999999999493E+000	1.3440925366116740E-002
3.4249999999999492E+000	1.3401381718489258E-002
3.4299999999999491E+000	1.3363598049218606E-002
3.4349999999999490E+000	1.3327538483400403E-002
3.4399999999999489E+000	1.3293165450531497E-002
3.4449999999999488E+000	1.3260520967451672E-002
3.4499999999999487E+000	1.3229487980338739E-002
3.4549999999999486E+000	1.3200023235947711E-002
3.4599999999999485E+000	1.3172073007173157E-002
3.4649999999999483E+000	1.3145595039736335E-002
3.4699999999999482E+000	1.3120558975301400E-002
3.4749999999999481E+000	1.3096923143646855E-002
3.4799999999999480E+000	1.3074642691373928E-002
3.4849999999999479E+000	1.3053672454784504E-002
3.4899999999999478E+000	1.3033964799233910E-002
3.4949999999999477E+000	1.3015467702529815E-002
3.4999999999999476E+000	1.2998131181526151E-002
3.5049999999999475E+000	1.2981907825354799E-002
3.5099999999999474E+000	1.2966750964884088E-002
3.5149999999999473E+000	1.2952613532317692E-002
3.5199999999999472E+000	1.2939437686606325E-002
3.5249999999999471E+000	1.2927174781947492E-002
3.5299999999999470E+000	1.2915789724038174E-002
3.5349999999999469E+000	1.2905237334677633E-002
3.5399999999999467E+000	1.2895468148641953E-002
3.5449999999999466E+000	1.2886432991023433E-002
3.5499999999999465E+000	1.2878083886880276E-002
3.5549999999999464E+000	1.2870373492432474E-002
3.5599999999999463E+000	1.2863254514330791E-002
3.5649999999999462E+000	1.2856678593104576E-002
3.5699999999999461E+000	1.2850596262527603E-002
3.5749999999999460E+000	1.2844959453807814E-002
3.5799999999999459E+000	1.2839719878864564E-002
3.5849999999999458E+000	1.2834828162323841E-002
3.5899999999999457E+000	1.2830225384638627E-002
3.5949999999999456E+000	1.2825872294977447E-002
3.5999999999999455E+000	1.2821715326186922E-002
3.6049999999999454E+000	1.2817718810359757E-002
3.6099999999999453E+000	1.2813838990291870E-002
3.6149999999999451E+000	1.2810029310376780E-002
3.6199999999999450E+000	1.2806241446035482E-002
3.6249999999999449E+000	1.2802429076772537E-002
3.6299999999999448E+000	1.2798542086775555E-002
3.6349999999999447E+000	1.2794533105228378E-002
3.6399999999999446E+000	1.2790368951142828E-002
3.6449999999999445E+000	1.2786022480200554E-002
3.6499999999999444E+000	1.2781454039357154E-002
3.6549999999999443E+000	1.2776622278572347E-002
3.6599999999999442E+000	1.2771490219475989E-002
3.6649999999999441E+000	1.2766028695075704E-002
3.6699999999999440E+000	1.2760202524133124E-002
3.6749999999999439E+000	1.2753975916665716E-002
3.6799999999999438E+000	1.2747312584322046E-002
3.6849999999999437E+000	1.2740177196381541E-002
3.6899999999999435E+000	1.2732535547604229E-002
3.6949999999999434E+000	1.2724353997666249E-002
3.6999999999999433E+000	1.2715599973207592E-002
3.7049999999999432E+000	1.2706241284911712E-002
3.7099999999999431E+000	1.2696247162149454E-002
3.7149999999999430E+000	1.2685588347898236E-002
3.7199999999999429E+000	1.2674235923688215E-002
3.7249999999999428E+000	1.2662161896655810E-002
3.7299999999999427E+000	1.2649339746756194E-002
3.7249999999999428E+000	1.2662161896655810E-002
3.7299999999999427E+000	1.2649339746756194E-002
3.7349999999999426E+000	1.2635743871661553E-002
3.7399999999999425E+000	1.2621349531559023E-002
3.7449999999999424E+000	1.2606133344874149E-002
3.7499999999999423E+000	1.2590073166980797E-002
3.7549999999999422E+000	1.2573147636166127E-002
3.7599999999999421E+000	1.2555336854034316E-002
3.7649999999999419E+000	1.2536621477497345E-002
3.7699999999999418E+000	1.2516983634309309E-002
3.7749999999999417E+000	1.2496406779023417E-002
3.7799999999999416E+000	1.2474875262237006E-002
3.7849999999999415E+000	1.2452372304210257E-002
3.7899999999999414E+000	1.2428886359369340E-002
3.7949999999999413E+000	1.2404405826960563E-002
3.7999999999999412E+000	1.2378919550932732E-002
3.8049999999999411E+000	1.2352417726791298E-002
3.8099999999999410E+000	1.2324891804928573E-002
3.8149999999999409E+000	1.2296334114229257E-002
3.8199999999999408E+000	1.2266738466697014E-002
3.8249999999999407E+000	1.2236113262463100E-002
3.8299999999999406E+000	1.2204443650426278E-002
3.8349999999999405E+000	1.2171735960653685E-002
3.8399999999999403E+000	1.2137977331703187E-002
3.8449999999999402E+000	1.2103164295533819E-002
3.8499999999999401E+000	1.2067297425215173E-002
3.8549999999999400E+000	1.2030377839483908E-002
3.8599999999999399E+000	1.1992377016425415E-002
3.8649999999999398E+000	1.1953329862989470E-002
3.8699999999999397E+000	1.1913241808427344E-002
3.8749999999999396E+000	1.1872133241402238E-002
3.8799999999999395E+000	1.1830001576182525E-002
3.8849999999999394E+000	1.1786864696177624E-002
3.8899999999999393E+000	1.1742719206216279E-002
3.8949999999999392E+000	1.1697574745161976E-002
3.8999999999999391E+000	1.1651437676052367E-002
3.9049999999999390E+000	1.1604321644959281E-002
3.9099999999999389E+000	1.1556247616873350E-002
3.9149999999999388E+000	1.1507227770686690E-002
3.9199999999999386E+000	1.1457555852948165E-002
3.9249999999999385E+000	1.1406967303021265E-002
3.9299999999999384E+000	1.1355477156713256E-002
3.9349999999999383E+000	1.1303115793719787E-002
3.9399999999999382E+000	1.1249897199263170E-002
3.9449999999999381E+000	1.1195836872506693E-002
3.9499999999999380E+000	1.1140959361623626E-002
3.9549999999999379E+000	1.1085278696573386E-002
3.9599999999999378E+000	1.1028819852048954E-002
3.9649999999999377E+000	1.0974395137668846E-002
3.9699999999999376E+000	1.0916380718140939E-002
3.9749999999999375E+000	1.0857637453925761E-002
3.9799999999999374E+000	1.0798368412586967E-002
3.9849999999999373E+000	1.0738446908547417E-002
3.9899999999999372E+000	1.0677899482730790E-002
3.9949999999999370E+000	1.0616783319835399E-002
3.9999999999999369E+000	1.0555112084995155E-002

 
