Grouping:centerOfMassZ
# x 	 y
3.7000000000000249E-004	5.4301259294142789E-004
3.8000000000000273E-004	5.3741354062920388E-004
3.9000000000000297E-004	5.3182656585384544E-004
4.0000000000000322E-004	5.2625054210657038E-004
4.1000000000000346E-004	5.2066021683558263E-004
4.2000000000000370E-004	5.1505728040849099E-004
4.3000000000000395E-004	5.0946831243701475E-004
4.4000000000000419E-004	5.0387532533431427E-004
4.5000000000000443E-004	4.9829692075188268E-004
4.6000000000000468E-004	4.9270235783144159E-004
4.7000000000000492E-004	4.8713305841680096E-004
4.8000000000000516E-004	4.8157066899224546E-004
4.9000000000000541E-004	4.7599972680992237E-004
5.0000000000000565E-004	4.7035773460719053E-004

 
