Grouping:meanVelocityZ
# x 	 y
0.0000000000000000E+000	-1.1200000000000078E-001
1.0000000000000001E-005	-1.1215155864235099E-001
2.0000000000000005E-005	-1.1227326244451662E-001
3.0000000000000011E-005	-1.1239384027452330E-001
3.9999999999999983E-005	-1.1251257218629265E-001
4.9999999999999955E-005	-1.1263054390592611E-001
5.9999999999999927E-005	-1.1274667716042268E-001
6.9999999999999899E-005	-1.1286402192230567E-001
7.9999999999999871E-005	-1.1298094077438535E-001
8.9999999999999843E-005	-1.1309661926765328E-001
9.9999999999999815E-005	-1.1321290364717534E-001
1.0999999999999979E-004	-1.1332733502804128E-001
1.1999999999999976E-004	-1.1344267852821008E-001
1.2999999999999974E-004	-1.1355750313556058E-001
1.3999999999999972E-004	-1.1367229547859183E-001
1.4999999999999969E-004	-1.1378623273453756E-001
1.5999999999999966E-004	-1.1389974819622600E-001
1.6999999999999963E-004	-1.1401290469825462E-001
1.7999999999999960E-004	-1.1412548414496154E-001
1.8999999999999958E-004	-1.1423776677363096E-001
1.9999999999999955E-004	-1.1434961199913800E-001
2.0999999999999952E-004	-1.1446095283972352E-001
2.1999999999999949E-004	-1.1457224540989967E-001
2.2999999999999946E-004	-1.1468279672248034E-001
2.3999999999999944E-004	-1.1479384556281635E-001
2.4999999999999957E-004	-1.1490456332891810E-001
2.5999999999999981E-004	-1.1501557369188993E-001
2.7000000000000006E-004	-1.1512747863503651E-001
2.8000000000000030E-004	-1.1524008378505510E-001
2.9000000000000054E-004	-1.1534897043798827E-001
3.0000000000000079E-004	-1.1546145291913787E-001
3.1000000000000103E-004	-1.1557344661995492E-001
3.2000000000000127E-004	-1.1568636040197423E-001
3.3000000000000152E-004	-1.1579923716269931E-001
3.4000000000000176E-004	-1.1591215797363096E-001
3.5000000000000200E-004	-1.1602423042554491E-001
3.6000000000000225E-004	-1.1613688107934164E-001
3.7000000000000249E-004	-1.1624994314200500E-001
3.8000000000000273E-004	-1.1636295956327523E-001
3.9000000000000297E-004	-1.1647691551014089E-001
4.0000000000000322E-004	-1.1659093790578523E-001
4.1000000000000346E-004	-1.1670493094261622E-001
4.2000000000000370E-004	-1.1681891984454565E-001
4.3000000000000395E-004	-1.1693223574971928E-001
4.4000000000000419E-004	-1.1704569595426041E-001
4.5000000000000443E-004	-1.1716034325187262E-001
4.6000000000000468E-004	-1.1727733243080911E-001
4.7000000000000492E-004	-1.1739346616354900E-001

 
