Grouping:meanVelocityZ
# x 	 y
0.0000000000000000E+000	-1.1200000000000078E-001
1.0000000000000001E-005	-1.1205354974920630E-001
2.0000000000000005E-005	-1.1207726901314945E-001
3.0000000000000011E-005	-1.1209989493413845E-001
3.9999999999999983E-005	-1.1212072765988307E-001
4.9999999999999955E-005	-1.1214076383302134E-001
5.9999999999999927E-005	-1.1215900576754277E-001
6.9999999999999899E-005	-1.1217839522750581E-001
7.9999999999999871E-005	-1.1219733925991895E-001
8.9999999999999843E-005	-1.1221597260361099E-001
9.9999999999999815E-005	-1.1223396377793261E-001
1.0999999999999979E-004	-1.1225026588905833E-001
1.1999999999999976E-004	-1.1226767275002901E-001
1.2999999999999974E-004	-1.1228469586167150E-001
1.3999999999999972E-004	-1.1230187517934458E-001
1.4999999999999969E-004	-1.1231786980826948E-001
1.5999999999999966E-004	-1.1233346496154625E-001
1.6999999999999963E-004	-1.1234886398457450E-001
1.7999999999999960E-004	-1.1236366764996468E-001
1.8999999999999958E-004	-1.1237816511966928E-001
1.9999999999999955E-004	-1.1239223860643183E-001
2.0999999999999952E-004	-1.1240619278089103E-001
2.1999999999999949E-004	-1.1241934895938747E-001
2.2999999999999946E-004	-1.1243201472645388E-001
2.3999999999999944E-004	-1.1244547414085888E-001
2.4999999999999957E-004	-1.1245835776572874E-001
2.5999999999999981E-004	-1.1247153821701197E-001
2.7000000000000006E-004	-1.1248501644802540E-001
2.8000000000000030E-004	-1.1250026023215237E-001
2.9000000000000054E-004	-1.1251124767746529E-001
3.0000000000000079E-004	-1.1252469450819653E-001
3.1000000000000103E-004	-1.1254237524241205E-001
3.2000000000000127E-004	-1.1255543331071928E-001
3.3000000000000152E-004	-1.1257000478868842E-001
3.4000000000000176E-004	-1.1258562602229399E-001
3.5000000000000200E-004	-1.1260029681556405E-001
3.6000000000000225E-004	-1.1261482050693084E-001
3.7000000000000249E-004	-1.1263017982292911E-001
3.8000000000000273E-004	-1.1264559230937152E-001
3.9000000000000297E-004	-1.1266120836708385E-001
4.0000000000000322E-004	-1.1267755771217837E-001
4.1000000000000346E-004	-1.1269408715533506E-001
4.2000000000000370E-004	-1.1271033655589623E-001
4.3000000000000395E-004	-1.1272685277770873E-001
4.4000000000000419E-004	-1.1274212423129948E-001
4.5000000000000443E-004	-1.1275834021336402E-001
4.6000000000000468E-004	-1.1277574816083459E-001
4.7000000000000492E-004	-1.1279548091963017E-001
4.8000000000000516E-004	-1.1281402746487737E-001
4.9000000000000541E-004	-1.1283214200552637E-001
5.0000000000000565E-004	-1.1285049493786441E-001
5.1000000000000589E-004	-1.1286942998610205E-001
5.2000000000000613E-004	-1.1288964956493366E-001

 
