Grouping:centerOfMassZ
# x 	 y
0.0000000000000000E+000	7.4999747875398759E-004
1.0000000000000001E-005	7.3878281177288091E-004
2.0000000000000005E-005	7.2756627318194822E-004
3.0000000000000011E-005	7.1635149421884960E-004
3.9999999999999983E-005	7.0513002603823168E-004
4.9999999999999955E-005	6.9391125053265145E-004
5.9999999999999927E-005	6.8268231698724667E-004
6.9999999999999899E-005	6.7146287119190784E-004
7.9999999999999871E-005	6.6024428152846053E-004
8.9999999999999843E-005	6.4902709679464504E-004
9.9999999999999815E-005	6.3781230913059967E-004
1.0999999999999979E-004	6.2658590994474578E-004
1.1999999999999976E-004	6.1534952853258592E-004
1.2999999999999974E-004	6.0411809647467813E-004
1.3999999999999972E-004	5.9290568237978269E-004
1.4999999999999969E-004	5.8171879985765738E-004
1.5999999999999966E-004	5.7050500413292416E-004
1.6999999999999963E-004	5.5930669609507966E-004
1.7999999999999960E-004	5.4806763650508199E-004
1.8999999999999958E-004	5.3679078622480498E-004
1.9999999999999955E-004	5.2554375796223785E-004
2.0999999999999952E-004	5.1433840807991506E-004
2.1999999999999949E-004	5.0319217403681639E-004

 
