Grouping:centerOfMassZ
# x 	 y
0.0000000000000000E+000	7.4999747875398759E-004
1.0000000000000001E-005	7.4999446420579872E-004
2.0000000000000005E-005	7.4999115219758123E-004
3.0000000000000011E-005	7.4998844055549187E-004
3.9999999999999983E-005	7.4998627064240314E-004
4.9999999999999955E-005	7.4998413251556393E-004
5.9999999999999927E-005	7.4998185405040487E-004
6.9999999999999899E-005	7.4997918052280884E-004
7.9999999999999871E-005	7.4997612137601174E-004
8.9999999999999843E-005	7.4997271472138972E-004
9.9999999999999815E-005	7.4996902006012225E-004

 
