Grouping:(6, 0) J686
# x 	 y
0.0000000000000000E+000	2.3958039503264327E-006
5.0000000000000001E-003	2.5750736887638932E-006
1.0000000000000000E-002	9.1288008170287179E-007
1.4999999999999999E-002	-1.9768617019884112E-006
2.0000000000000000E-002	-6.1695259172771448E-006
2.5000000000000001E-002	-1.1582280192880281E-005
3.0000000000000002E-002	-1.8099895423458363E-005
3.5000000000000003E-002	-2.5604753265407522E-005
4.0000000000000001E-002	-3.3981400010312179E-005
4.4999999999999998E-002	-4.2378187353683050E-005
4.9999999999999996E-002	-5.2736256612810053E-005
5.4999999999999993E-002	-6.3296226152737106E-005
5.9999999999999991E-002	-7.4180141828368953E-005
6.4999999999999988E-002	-8.5353729916787339E-005
6.9999999999999993E-002	-9.6737169016408798E-005
7.4999999999999997E-002	-1.0824215494288830E-004
8.0000000000000002E-002	-1.1977954613497229E-004
8.5000000000000006E-002	-1.3126212546056288E-004
9.0000000000000011E-002	-1.4260585534974686E-004
9.5000000000000015E-002	-1.5373051185380341E-004
1.0000000000000002E-001	-1.6456005964672577E-004
1.0500000000000002E-001	-1.7502290549028078E-004
1.1000000000000003E-001	-1.8505208693533570E-004
1.1500000000000003E-001	-1.9458542300283992E-004
1.2000000000000004E-001	-2.0356563595246905E-004
1.2500000000000003E-001	-2.1194044451857313E-004
1.3000000000000003E-001	-2.1966274549606793E-004
1.3500000000000004E-001	-2.2669020538138411E-004
1.4000000000000004E-001	-2.3298548144750275E-004
1.4500000000000005E-001	-2.3853288489460544E-004
1.5000000000000005E-001	-2.4329016240534016E-004
1.5500000000000005E-001	-2.4723483517292115E-004
1.6000000000000006E-001	-2.5030359343561299E-004
1.6500000000000006E-001	-2.5252078283791645E-004
1.7000000000000007E-001	-2.5388825828934306E-004
1.7500000000000007E-001	-2.5440627456683014E-004
1.8000000000000008E-001	-2.5407787170875592E-004
1.8500000000000008E-001	-2.5291205125462977E-004
1.9000000000000009E-001	-2.5092112814050442E-004
1.9500000000000009E-001	-2.4811811580590862E-004
2.0000000000000009E-001	-2.4451919454575251E-004
2.0500000000000010E-001	-2.4014336363828426E-004
2.1000000000000010E-001	-2.3501334773157737E-004
2.1500000000000011E-001	-2.2915589766849673E-004
2.2000000000000011E-001	-2.2259989538490123E-004
2.2500000000000012E-001	-2.1542510974846351E-004
2.3000000000000012E-001	-2.0842883125244755E-004
2.3500000000000013E-001	-2.0010978712415274E-004
2.4000000000000013E-001	-1.9104872408360601E-004
2.4500000000000013E-001	-1.8141201201652877E-004
2.5000000000000011E-001	-1.7128288598676871E-004
2.5500000000000012E-001	-1.6072110836331868E-004
2.6000000000000012E-001	-1.4977764817787457E-004
2.6500000000000012E-001	-1.3905345934109322E-004
2.7000000000000013E-001	-1.2821580192806298E-004
2.7500000000000013E-001	-1.1637495131833829E-004
2.8000000000000014E-001	-1.0418560437844531E-004
2.8500000000000014E-001	-9.2536568536791020E-005
2.9000000000000015E-001	-8.0133658670143913E-005
2.9500000000000015E-001	-6.7562068633737936E-005
3.0000000000000016E-001	-5.4952399017846872E-005
3.0500000000000016E-001	-4.2372668868378585E-005
3.1000000000000016E-001	-3.1786698560316191E-005
3.1500000000000017E-001	-1.9219409250216516E-005
3.2000000000000017E-001	-6.7868080428957146E-006
3.2500000000000018E-001	5.4326150324716159E-006
3.3000000000000018E-001	1.7410139041116495E-005
3.3500000000000019E-001	2.8575091840755158E-005
3.4000000000000019E-001	3.9827282408117267E-005
3.4500000000000020E-001	5.0874902077856458E-005
3.5000000000000020E-001	6.1634495368237329E-005
3.5500000000000020E-001	7.1888216675544179E-005
3.6000000000000021E-001	8.1742241603411530E-005
3.6500000000000021E-001	9.1168436167630203E-005
3.7000000000000022E-001	1.0013819122967007E-004
3.7500000000000022E-001	1.0863879161391096E-004
3.8000000000000023E-001	1.1665597148756925E-004
3.8500000000000023E-001	1.2417729462278605E-004
3.9000000000000024E-001	1.3119262781345224E-004
3.9500000000000024E-001	1.3769319004173746E-004
4.0000000000000024E-001	1.4240141626838340E-004
4.0500000000000025E-001	1.4754729543406067E-004
4.1000000000000025E-001	1.5255903056635321E-004
4.1500000000000026E-001	1.5708301865927896E-004
4.2000000000000026E-001	1.6106301449788729E-004
4.2500000000000027E-001	1.6449389007270064E-004
4.3000000000000027E-001	1.6738556082990114E-004
4.3500000000000028E-001	1.6975193844037193E-004
4.4000000000000028E-001	1.7160803896731005E-004
4.4500000000000028E-001	1.7296992285486463E-004
4.5000000000000029E-001	1.7393129890421036E-004
4.5500000000000029E-001	1.7351369099457816E-004
4.6000000000000030E-001	1.7354533218162077E-004
4.6500000000000030E-001	1.7315852771000945E-004
4.7000000000000031E-001	1.7275757559022655E-004
4.7500000000000031E-001	1.7029470621567923E-004
4.8000000000000032E-001	1.6871854644363217E-004
4.8500000000000032E-001	1.6686501783518107E-004
4.9000000000000032E-001	1.6464846121302942E-004
4.9500000000000033E-001	1.6208327532549798E-004
5.0000000000000033E-001	1.5920901694725680E-004
5.0500000000000034E-001	1.5607552825639234E-004
5.1000000000000034E-001	1.5268879833061491E-004
5.1500000000000035E-001	1.4921195226638451E-004
5.2000000000000035E-001	1.4555502086784148E-004
5.2500000000000036E-001	1.4174734084260556E-004
5.3000000000000036E-001	1.3781709372453750E-004
5.3500000000000036E-001	1.3378115628621571E-004
5.4000000000000037E-001	1.2966138202344363E-004
5.4500000000000037E-001	1.2547800372769748E-004
5.5000000000000038E-001	1.2125242366540416E-004
5.5500000000000038E-001	1.1700386332365850E-004
5.6000000000000039E-001	1.1275155280242789E-004
5.6500000000000039E-001	1.0851403451596808E-004
5.7000000000000040E-001	1.0430823981650707E-004
5.7500000000000040E-001	1.0015101379082369E-004
5.8000000000000040E-001	9.6057280739081591E-005
5.8500000000000041E-001	9.2041750203201002E-005
5.9000000000000041E-001	8.8117279200179764E-005
5.9500000000000042E-001	8.4296107243519817E-005
6.0000000000000042E-001	8.0589088725354277E-005
6.0500000000000043E-001	7.7006624605347167E-005
6.1000000000000043E-001	7.3556798277030739E-005
6.1500000000000044E-001	7.0247354135339834E-005
6.2000000000000044E-001	6.7084585641477706E-005
6.2500000000000044E-001	6.4074321979670705E-005
6.3000000000000045E-001	6.1220262821886758E-005
6.3500000000000045E-001	5.8525829763198174E-005
6.4000000000000046E-001	5.5993036750276810E-005
6.4500000000000046E-001	5.3623185747863242E-005
6.5000000000000047E-001	5.1416914188497015E-005
6.5500000000000047E-001	4.9335805399216782E-005
6.6000000000000048E-001	4.7403545055622964E-005
6.6500000000000048E-001	4.5633112580310364E-005
6.7000000000000048E-001	4.4017336426860378E-005
6.7500000000000049E-001	4.2551447907463343E-005
6.8000000000000049E-001	4.1231414175115935E-005
6.8500000000000050E-001	4.0053545508768383E-005
6.9000000000000050E-001	3.9013076630004582E-005
6.9500000000000051E-001	3.8105137809330050E-005
7.0000000000000051E-001	3.7324396722757365E-005
7.0500000000000052E-001	3.6664905941872932E-005
7.1000000000000052E-001	3.6120164379422576E-005
7.1500000000000052E-001	3.5683194904837817E-005
7.2000000000000053E-001	3.5346622782072667E-005
7.2500000000000053E-001	3.5102777327456082E-005
7.3000000000000054E-001	3.4943763114918906E-005
7.3500000000000054E-001	3.4861517340217862E-005
7.4000000000000055E-001	3.5708051029188637E-005
7.4500000000000055E-001	3.5880625532891858E-005
7.5000000000000056E-001	3.4291365903859777E-005
7.5500000000000056E-001	3.4249327553247482E-005
7.6000000000000056E-001	3.4498766290822985E-005
7.6500000000000057E-001	3.4795159080864633E-005
7.7000000000000057E-001	3.5088294535841470E-005
7.7500000000000058E-001	3.5369945315653270E-005
7.8000000000000058E-001	3.5636829624058236E-005
7.8500000000000059E-001	3.5804794714139661E-005
7.9000000000000059E-001	3.5913185470735809E-005
7.9500000000000060E-001	3.4343934660826457E-005
8.0000000000000060E-001	3.4229365389247939E-005
8.0500000000000060E-001	3.5900902319558215E-005
8.1000000000000061E-001	3.3813824859908008E-005
8.1500000000000061E-001	3.3911638434947115E-005
8.2000000000000062E-001	3.4231757444559098E-005
8.2500000000000062E-001	3.4535371556416758E-005
8.3000000000000063E-001	3.4786026874668468E-005
8.3500000000000063E-001	3.4981919918944089E-005
8.4000000000000064E-001	3.5125272076692861E-005
8.4500000000000064E-001	3.5217492788560024E-005
8.5000000000000064E-001	3.5259109423727297E-005
8.5500000000000065E-001	3.5250150556480202E-005
8.6000000000000065E-001	3.5190463011109176E-005
8.6500000000000066E-001	3.5079915167636579E-005
8.7000000000000066E-001	3.4918493651602174E-005
8.7500000000000067E-001	3.4706316083566997E-005
8.8000000000000067E-001	3.4443606835350079E-005
8.8500000000000068E-001	3.4130710072196144E-005
8.9000000000000068E-001	3.3768044553646484E-005
8.9500000000000068E-001	3.3356113569989436E-005
9.0000000000000069E-001	3.2895492560561595E-005
9.0500000000000069E-001	3.2386800640828400E-005
9.1000000000000070E-001	3.1831084633576271E-005
9.1500000000000070E-001	3.1228746598091523E-005
9.2000000000000071E-001	3.0580024706432418E-005
9.2500000000000071E-001	2.9886503257555815E-005
9.3000000000000071E-001	2.9148503216285640E-005
9.3500000000000072E-001	2.8366986134181982E-005
9.4000000000000072E-001	2.7543363429694678E-005
9.4500000000000073E-001	2.6679074494575805E-005
9.5000000000000073E-001	2.5757073990566726E-005
9.5500000000000074E-001	2.4799558149312539E-005
9.6000000000000074E-001	2.3807346406044692E-005
9.6500000000000075E-001	2.2780244535594260E-005
9.7000000000000075E-001	2.1719243838840829E-005
9.7500000000000075E-001	2.0626784442753114E-005
9.8000000000000076E-001	1.9504549202022037E-005
9.8500000000000076E-001	1.8354981673829822E-005
9.9000000000000077E-001	1.7181263599823288E-005
9.9500000000000077E-001	1.5986820315057956E-005
1.0000000000000007E+000	1.4775167543911455E-005
1.0050000000000006E+000	1.3549861666805575E-005
1.0100000000000005E+000	1.2314461089733344E-005
1.0150000000000003E+000	1.1072481793817221E-005
1.0200000000000002E+000	9.8273747671627182E-006
1.0250000000000001E+000	8.5825646603318437E-006
1.0300000000000000E+000	7.3268640989572109E-006
1.0349999999999999E+000	6.0438955420432190E-006
1.0399999999999998E+000	4.7744480999158413E-006
1.0449999999999997E+000	3.5215064563380756E-006
1.0499999999999996E+000	2.2863608007359581E-006
1.0549999999999995E+000	1.0742121214978727E-006
1.0599999999999994E+000	-1.1183909597001731E-007
1.0649999999999993E+000	4.3191512067954363E-006
1.0699999999999992E+000	-1.8967342277679734E-006
1.0749999999999991E+000	-3.7284860905349565E-006
1.0799999999999990E+000	-4.6899645286355458E-006
1.0849999999999989E+000	-5.4580558994729482E-006
1.0899999999999987E+000	-6.1720010678419500E-006
1.0949999999999986E+000	-6.8606204092603295E-006
1.0999999999999985E+000	-7.5354770348660289E-006
1.1049999999999984E+000	-8.1962899627229685E-006
1.1099999999999983E+000	-8.8415798615648353E-006
1.1149999999999982E+000	-9.4698561609132090E-006
1.1199999999999981E+000	-1.0080336619634341E-005
1.1249999999999980E+000	-1.0672438835035461E-005
1.1299999999999979E+000	-1.1246630574903977E-005
1.1349999999999978E+000	-1.1806005381737113E-005
1.1399999999999977E+000	-1.2351343581173082E-005
1.1449999999999976E+000	-1.2881872234300756E-005
1.1499999999999975E+000	-1.3396523560248087E-005
1.1549999999999974E+000	-1.3894285186082045E-005
1.1599999999999973E+000	-1.4374620012868576E-005
1.1649999999999971E+000	-1.4836931265940024E-005
1.1699999999999970E+000	-1.5278625713882307E-005
1.1749999999999969E+000	-1.5698050618991848E-005
1.1799999999999968E+000	-1.6094534463526098E-005
1.1849999999999967E+000	-1.6467691960968932E-005
1.1899999999999966E+000	-1.6817304044669943E-005
1.1949999999999965E+000	-1.7143196849940250E-005
1.1999999999999964E+000	-1.7445254470721564E-005
1.2049999999999963E+000	-1.7723393105805489E-005
1.2099999999999962E+000	-1.7977565022969538E-005
1.2149999999999961E+000	-1.8207783619836670E-005
1.2199999999999960E+000	-1.8414095108176848E-005
1.2249999999999959E+000	-1.8596584328729096E-005
1.2299999999999958E+000	-1.8755382846948916E-005
1.2349999999999957E+000	-1.8890663152576049E-005
1.2399999999999956E+000	-1.9002634412809184E-005
1.2449999999999954E+000	-1.9091551923507139E-005
1.2499999999999953E+000	-1.9177021260181315E-005
1.2549999999999952E+000	-1.9236960526989574E-005
1.2599999999999951E+000	-1.5054070359512677E-005
1.2649999999999950E+000	-1.9589885673564465E-005
1.2699999999999949E+000	-2.0047984767516027E-005
1.2749999999999948E+000	-1.9871095353534784E-005
1.2799999999999947E+000	-1.9572844151937735E-005
1.2849999999999946E+000	-1.9251728223360078E-005
1.2899999999999945E+000	-1.8928659453441550E-005
1.2949999999999944E+000	-1.8608313760928055E-005
1.2999999999999943E+000	-1.8300595295652370E-005
1.3049999999999942E+000	-1.7999409132793655E-005
1.3099999999999941E+000	-1.7715121489293993E-005
1.3149999999999940E+000	-1.7438276394526551E-005
1.3199999999999938E+000	-1.7169203761742475E-005
1.3249999999999937E+000	-1.6946646775518786E-005
1.3299999999999936E+000	-1.6740017413306971E-005
1.3349999999999935E+000	-1.6536290722823449E-005
1.3399999999999934E+000	-1.6334475109193978E-005
1.3449999999999933E+000	-1.6134073057257101E-005
1.3499999999999932E+000	-1.5933771792349449E-005
1.3549999999999931E+000	-1.5732493312175100E-005
1.3599999999999930E+000	-1.5529593490011533E-005
1.3649999999999929E+000	-1.5324764228565137E-005
1.3699999999999928E+000	-1.5117912532673158E-005
1.3749999999999927E+000	-1.4909192301863443E-005
1.3799999999999926E+000	-1.4698974077556746E-005
1.3849999999999925E+000	-1.4487789348612719E-005
1.3899999999999924E+000	-1.4276286385787465E-005
1.3949999999999922E+000	-1.4065013728123591E-005
1.3999999999999921E+000	-1.3855990774589460E-005
1.4049999999999920E+000	-1.3649583467201165E-005
1.4099999999999919E+000	-1.3443642186432507E-005
1.4149999999999918E+000	-1.3243037854002407E-005
1.4199999999999917E+000	-1.3047016744041333E-005
1.4249999999999916E+000	-1.2854227946073078E-005
1.4299999999999915E+000	-1.2664170714611216E-005
1.4349999999999914E+000	-1.2476978279383607E-005
1.4399999999999913E+000	-1.2293117112558796E-005
1.4449999999999912E+000	-1.2113118219711253E-005
1.4499999999999911E+000	-1.1937533357411226E-005
1.4549999999999910E+000	-1.1766932346353441E-005
1.4599999999999909E+000	-1.1601882240048758E-005
1.4649999999999908E+000	-1.1442986243604348E-005
1.4699999999999906E+000	-1.1290798676527485E-005
1.4749999999999905E+000	-1.1145844585833211E-005
1.4799999999999904E+000	-1.1008612585582821E-005
1.4849999999999903E+000	-1.0879546033454731E-005
1.4899999999999902E+000	-1.0759038416676659E-005
1.4949999999999901E+000	-1.0647430790922631E-005
1.4999999999999900E+000	-1.0545009779870474E-005
1.5049999999999899E+000	-1.0452006162711952E-005
1.5099999999999898E+000	-1.0368594324330673E-005
1.5149999999999897E+000	-1.0294892267773532E-005
1.5199999999999896E+000	-1.0230962276858836E-005
1.5249999999999895E+000	-1.0176812317150472E-005
1.5299999999999894E+000	-1.0132397935359661E-005
1.5349999999999893E+000	-1.0097623993071825E-005
1.5399999999999892E+000	-1.0072346384189399E-005
1.5449999999999890E+000	-1.0056373463674213E-005
1.5499999999999889E+000	-1.0049467792332224E-005
1.5549999999999888E+000	-1.0051348058070793E-005
1.5599999999999887E+000	-8.0306091014194191E-006
1.5649999999999886E+000	-9.9551270244809440E-006
1.5699999999999885E+000	-7.7256899962482884E-006
1.5749999999999884E+000	-7.5671874482815592E-006
1.5799999999999883E+000	-9.1692292141902374E-006
1.5849999999999882E+000	-9.1250673278762724E-006
1.5899999999999881E+000	-1.1412748829401477E-005
1.5949999999999880E+000	-1.1782543515694148E-005
1.5999999999999879E+000	-1.1815834321508902E-005
1.6049999999999878E+000	-1.1758936813730212E-005
1.6099999999999877E+000	-1.1678636035003227E-005
1.6149999999999876E+000	-1.1593668976418051E-005
1.6199999999999875E+000	-1.1508794454135684E-005
1.6249999999999873E+000	-1.1424393669575243E-005
1.6299999999999872E+000	-1.1339471680508868E-005
1.6349999999999871E+000	-1.1252804572683359E-005
1.6399999999999870E+000	-1.0879181374507731E-005
1.6449999999999869E+000	-1.2063247371262893E-005
1.6499999999999868E+000	-1.2161944539899116E-005
1.6549999999999867E+000	-1.2047513705183895E-005
1.6599999999999866E+000	-1.1864269473993076E-005
1.6649999999999865E+000	-1.1665252331636308E-005
1.6699999999999864E+000	-1.1467473060286834E-005
1.6749999999999863E+000	-1.1275281109914488E-005
1.6799999999999862E+000	-1.1088152481181716E-005
1.6849999999999861E+000	-1.0905245260263772E-005
1.6899999999999860E+000	-1.0725256697006428E-005
1.6949999999999859E+000	-1.0547112094016509E-005
1.6999999999999857E+000	-1.0370125266660493E-005
1.7049999999999856E+000	-1.0193955981037076E-005
1.7099999999999855E+000	-1.0018532578652968E-005
1.7149999999999854E+000	-9.8439673553924587E-006
1.7199999999999853E+000	-9.6704787323697074E-006
1.7249999999999852E+000	-9.4983295563927322E-006
1.7299999999999851E+000	-9.3277838692871803E-006
1.7349999999999850E+000	-9.1590800466909806E-006
1.7399999999999849E+000	-8.9931796291811569E-006
1.7449999999999848E+000	-8.8293707419054742E-006
1.7499999999999847E+000	-8.6682660792724041E-006
1.7549999999999846E+000	-8.5102872335050182E-006
1.7599999999999845E+000	-8.3554109907321176E-006
1.7649999999999844E+000	-8.2034677006394434E-006
1.7699999999999843E+000	-8.0543522864799605E-006
1.7749999999999841E+000	-7.9281238410381096E-006
1.7799999999999840E+000	-7.8043800803026448E-006
1.7849999999999839E+000	-7.6829170131203680E-006
1.7899999999999838E+000	-7.5644339871209145E-006
1.7949999999999837E+000	-7.4493627073738224E-006
1.7999999999999836E+000	-7.3370939262588776E-006
1.8049999999999835E+000	-7.2266652376291166E-006
1.8099999999999834E+000	-7.1170873672465624E-006
1.8149999999999833E+000	-7.0074936096863688E-006
1.8199999999999832E+000	-6.8971745306304258E-006
1.8249999999999831E+000	-6.7856410607533259E-006
1.8299999999999830E+000	-6.6725497733705126E-006
1.8349999999999829E+000	-6.5576797752101471E-006
1.8399999999999828E+000	-6.4409151565579931E-006
1.8449999999999827E+000	-6.3222043965525472E-006
1.8499999999999825E+000	-6.2015529038467161E-006
1.8549999999999824E+000	-6.0789956423169705E-006
1.8599999999999823E+000	-5.9545825755146798E-006
1.8649999999999822E+000	-5.8283677828346724E-006
1.8699999999999821E+000	-5.7004054324370435E-006
1.8749999999999820E+000	-5.5707485301092888E-006
1.8799999999999819E+000	-5.4394424251069566E-006
1.8849999999999818E+000	-5.3065341112489393E-006
1.8899999999999817E+000	-5.1720747001706866E-006
1.8949999999999816E+000	-5.0361167058471336E-006
1.8999999999999815E+000	-4.8987203671897380E-006
1.9049999999999814E+000	-4.7599576094789785E-006
1.9099999999999813E+000	-4.6210039279677172E-006
1.9149999999999812E+000	-4.4812572673011099E-006
1.9199999999999811E+000	-4.3405884019566155E-006
1.9249999999999809E+000	-4.1992596347720770E-006
1.9299999999999808E+000	-4.0574789762436512E-006
1.9349999999999807E+000	-3.9153708642279306E-006
1.9399999999999806E+000	-3.7730282190587554E-006
1.9449999999999805E+000	-3.6305423989915085E-006
1.9499999999999804E+000	-3.4880146038073347E-006
1.9549999999999803E+000	-3.3455573446976918E-006
1.9599999999999802E+000	-3.2033022483518748E-006
1.9649999999999801E+000	-3.0614008541560751E-006
1.9699999999999800E+000	-2.9200163450439287E-006
1.9749999999999799E+000	-2.7793245001986675E-006
1.9799999999999798E+000	-2.6395134393481729E-006
1.9849999999999797E+000	-2.5007894601759124E-006
1.9899999999999796E+000	-2.3633592216006212E-006
1.9949999999999795E+000	-2.2276440310495262E-006
1.9999999999999793E+000	-2.0942211335716639E-006
2.0049999999999795E+000	-1.9636716172644231E-006
2.0099999999999794E+000	-1.8366313059839826E-006
2.0149999999999793E+000	-1.7138462751026213E-006
2.0199999999999791E+000	-1.5959405066141438E-006
2.0249999999999790E+000	-1.4834996539001050E-006
2.0299999999999789E+000	-1.3770596931522651E-006
2.0349999999999788E+000	-1.2771235508974921E-006
2.0399999999999787E+000	-1.1841304503809528E-006
2.0449999999999786E+000	-1.0984609443765385E-006
2.0499999999999785E+000	-1.0204475726317178E-006
2.0549999999999784E+000	-8.9639036276330775E-007
2.0599999999999783E+000	-7.8089241780667726E-007
2.0649999999999782E+000	-6.8478365071242784E-007
2.0699999999999781E+000	-5.9807956728495198E-007
2.0749999999999780E+000	-5.2124997418672566E-007
2.0799999999999779E+000	-4.5458815949207859E-007
2.0849999999999778E+000	-3.9828879431977169E-007
2.0899999999999777E+000	-3.5246375280822346E-007
2.0949999999999775E+000	-3.1716382852557805E-007
2.0949999999999775E+000	-1.1150118541438244E-006
2.0999999999999774E+000	-3.1037698076944908E-007
2.1049999999999773E+000	4.5388416077912542E-008
2.1099999999999772E+000	2.3289625565450198E-007
2.1149999999999771E+000	3.3099877331867834E-007
2.1199999999999770E+000	3.7383951131083901E-007
2.1249999999999769E+000	3.7940616618741498E-007
2.1299999999999768E+000	3.5771343746030673E-007
2.1349999999999767E+000	3.1452986759088763E-007
2.1399999999999766E+000	2.5334216153426436E-007
2.1449999999999765E+000	1.7645687490604478E-007
2.1499999999999764E+000	8.5617822364121791E-008
2.1549999999999763E+000	-1.4173415251466121E-008
2.1599999999999762E+000	-1.2472813003292375E-007
2.1649999999999761E+000	-2.4474422460866822E-007
2.1699999999999759E+000	-3.7305364371477198E-007
2.1749999999999758E+000	-5.0852632231766823E-007
2.1799999999999757E+000	-6.5019557960515918E-007
2.1849999999999756E+000	-7.9716472942572810E-007
2.1899999999999755E+000	-9.4856454476394339E-007
2.1949999999999754E+000	-1.1035107696369799E-006
2.1999999999999753E+000	-1.2611152034623854E-006
2.2049999999999752E+000	-1.4204587905757010E-006
2.2099999999999751E+000	-1.5806522485428212E-006
2.2149999999999750E+000	-1.7408159512557356E-006
2.2199999999999749E+000	-1.9001556224473672E-006
2.2249999999999748E+000	-2.0579031055304336E-006
2.2299999999999747E+000	-2.2131897612802754E-006
2.2349999999999746E+000	-2.3652489641662001E-006
2.2399999999999745E+000	-2.5133026081128539E-006
2.2449999999999743E+000	-2.6564762114800399E-006
2.2499999999999742E+000	-2.7941382123312439E-006
2.2549999999999741E+000	-2.9254834801600574E-006
2.2599999999999740E+000	-3.0501579826992230E-006
2.2649999999999739E+000	-3.1678706435469954E-006
2.2699999999999738E+000	-3.2783001645598915E-006
2.2749999999999737E+000	-3.3810945122393733E-006
2.2799999999999736E+000	-3.4754876137867622E-006
2.2849999999999735E+000	-3.5606089982739602E-006
2.2899999999999734E+000	-3.6364197525067028E-006
2.2949999999999733E+000	-3.7037690287731089E-006
2.2999999999999732E+000	-3.7629047708882917E-006
2.3049999999999731E+000	-3.8139325134297059E-006
2.3099999999999730E+000	-3.8572198866855322E-006
2.3149999999999729E+000	-3.8932242680768341E-006
2.3199999999999728E+000	-3.9221352501573227E-006
2.3249999999999726E+000	-3.9439074740282463E-006
2.3299999999999725E+000	-3.9584402482795662E-006
2.3349999999999724E+000	-3.9656476165513250E-006
2.3399999999999723E+000	-3.9654654839351555E-006
2.3449999999999722E+000	-3.9578611697030762E-006
2.3499999999999721E+000	-3.9428243772109946E-006
2.3549999999999720E+000	-3.9203650046794927E-006
2.3599999999999719E+000	-3.8905079008802186E-006
2.3649999999999718E+000	-3.8532982757111814E-006
2.3699999999999717E+000	-3.8087958579866023E-006
2.3749999999999716E+000	-3.7570786424555896E-006
2.3799999999999715E+000	-3.6982391411221549E-006
2.3849999999999714E+000	-3.6323816803175554E-006
2.3899999999999713E+000	-3.5596233087962767E-006
2.3949999999999712E+000	-3.4800928321141493E-006
2.3999999999999710E+000	-3.3939299020164990E-006
2.4049999999999709E+000	-3.3012841638968045E-006
2.4099999999999708E+000	-3.2023144040108738E-006
2.4149999999999707E+000	-3.0971877500645930E-006
2.4199999999999706E+000	-2.9860788849448840E-006
2.4249999999999705E+000	-2.8691692809114832E-006
2.4299999999999704E+000	-2.7466464808473736E-006
2.4349999999999703E+000	-2.6187034110347569E-006
2.4399999999999702E+000	-2.4855377362957317E-006
2.4449999999999701E+000	-2.3473512456212786E-006
2.4499999999999700E+000	-2.2043492545790431E-006
2.4549999999999699E+000	-2.0561852870273308E-006
2.4599999999999698E+000	-1.9035298012973281E-006
2.4649999999999697E+000	-1.7464916590327245E-006
2.4699999999999696E+000	-1.5805426744753877E-006
2.4749999999999694E+000	-1.4114024157054890E-006
2.4799999999999693E+000	-1.2386317298480165E-006
2.4849999999999692E+000	-1.0624819253670395E-006
2.4899999999999691E+000	-8.8325295149135352E-007
2.4949999999999690E+000	-7.0117409355790629E-007
2.4999999999999689E+000	-5.1646024417324835E-007
2.5049999999999688E+000	-3.2932584732072317E-007
2.5099999999999687E+000	-1.3998026437457141E-007
2.5149999999999686E+000	5.1372190624572938E-008
2.5199999999999685E+000	2.4452978984168543E-007
2.5249999999999684E+000	4.3929194818263845E-007
2.5299999999999683E+000	6.3545878827318856E-007
2.5349999999999682E+000	8.3283092671156977E-007
2.5399999999999681E+000	1.0312091605122139E-006
2.5449999999999680E+000	1.2303940861099536E-006
2.5499999999999678E+000	1.4301857610551836E-006
2.5549999999999677E+000	1.6303835491460562E-006
2.5599999999999676E+000	1.8257132729800635E-006
2.5649999999999675E+000	2.0536555626326013E-006
2.5699999999999674E+000	2.2799630694226567E-006
2.5749999999999673E+000	2.5064368561769186E-006
2.5799999999999672E+000	2.7303659634698157E-006
2.5849999999999671E+000	2.9524646248494924E-006
2.5899999999999670E+000	3.1732734096890018E-006
2.5949999999999669E+000	3.3928366580190304E-006
2.5999999999999668E+000	3.6109657875375753E-006
2.6049999999999667E+000	3.8274284225645254E-006
2.6099999999999666E+000	4.0419831602983474E-006
2.6149999999999665E+000	4.2543829184155674E-006
2.6199999999999664E+000	4.4643798583403764E-006
2.6249999999999662E+000	4.6716701967823853E-006
2.6299999999999661E+000	4.8760142604029311E-006
2.6349999999999660E+000	5.0771757036566741E-006
2.6399999999999659E+000	5.2749241938418517E-006
2.6449999999999658E+000	5.4690364653143552E-006
2.6499999999999657E+000	5.6592970371147987E-006
2.6549999999999656E+000	5.8454988995449866E-006
2.6599999999999655E+000	6.0274440697103631E-006
2.6649999999999654E+000	6.2049439847066296E-006
2.6699999999999653E+000	6.3778198293195914E-006
2.6749999999999652E+000	6.5459027659067895E-006
2.6799999999999651E+000	6.7090340744006849E-006
2.6849999999999650E+000	6.8670652241033041E-006
2.6899999999999649E+000	7.0198578861748727E-006
2.6949999999999648E+000	7.1672839280865144E-006
2.6999999999999647E+000	7.3092253777593171E-006
2.7049999999999645E+000	7.4456047435378535E-006
2.7099999999999644E+000	7.5763285476457958E-006
2.7149999999999643E+000	7.7013098583832445E-006
2.7199999999999642E+000	7.8204680274567423E-006
2.7249999999999641E+000	7.9337309133137213E-006
2.7299999999999640E+000	8.0410366047224894E-006
2.7349999999999639E+000	8.1423328852675376E-006
2.7399999999999638E+000	8.2376115245575234E-006
2.7449999999999637E+000	8.3267961847484453E-006
2.7499999999999636E+000	8.4098548052657236E-006
2.7549999999999635E+000	8.4867774757652912E-006
2.7599999999999634E+000	8.5575629657374509E-006
2.7649999999999633E+000	8.6222192493557124E-006
2.7699999999999632E+000	8.6807642716638897E-006
2.7749999999999631E+000	8.7332253764670864E-006
2.7799999999999629E+000	8.7796386253744119E-006
2.7849999999999628E+000	8.8200484592844946E-006
2.7899999999999627E+000	8.8545075742312064E-006
2.7949999999999626E+000	8.8830767246913461E-006
2.7999999999999625E+000	8.9058244427873449E-006
2.8049999999999624E+000	8.9228267989603850E-006
2.8099999999999623E+000	8.9341671014903727E-006
2.8149999999999622E+000	8.9399356192987573E-006
2.8199999999999621E+000	8.9402292818280689E-006
2.8249999999999620E+000	8.9351513602226326E-006
2.8299999999999619E+000	8.9248110861697304E-006
2.8349999999999618E+000	8.9093171447299797E-006
2.8399999999999617E+000	8.8887905539722662E-006
2.8449999999999616E+000	8.8633571871131809E-006
2.8499999999999615E+000	8.8331476196697416E-006
2.8549999999999613E+000	8.7982968690793268E-006
2.8599999999999612E+000	8.7589440443714386E-006
2.8649999999999611E+000	8.7152320233966188E-006
2.8699999999999610E+000	8.6673071149014982E-006
2.8749999999999609E+000	8.6153187246617039E-006
2.8799999999999608E+000	8.5594190146211423E-006
2.8849999999999607E+000	8.4997625681783361E-006
2.8899999999999606E+000	8.4365060513508619E-006
2.8949999999999605E+000	8.3698078861816394E-006
2.8999999999999604E+000	8.2998279045638115E-006
2.9049999999999603E+000	8.2267270466850722E-006
2.9099999999999602E+000	8.1506670155162302E-006
2.9149999999999601E+000	8.0718042076862416E-006
2.9199999999999600E+000	7.9902486798778610E-006
2.9249999999999599E+000	7.9061693751248046E-006
2.9299999999999597E+000	7.8197317867957017E-006
2.9349999999999596E+000	7.7230094644930054E-006
2.9399999999999595E+000	7.6138594920219755E-006
2.9449999999999594E+000	7.4973504683673233E-006
2.9499999999999593E+000	7.3775640750229780E-006
2.9549999999999592E+000	7.2553672863463409E-006
2.9599999999999591E+000	7.1310019458056272E-006
2.9649999999999590E+000	7.0046279746276597E-006
2.9699999999999589E+000	6.8767192772386262E-006
2.9749999999999588E+000	6.7475360929321659E-006
2.9799999999999587E+000	6.6174725219538238E-006
2.9849999999999586E+000	6.4868399179806839E-006
2.9899999999999585E+000	6.3559072963928969E-006
2.9949999999999584E+000	6.2249219247040112E-006
2.9999999999999583E+000	6.0940484138648246E-006
3.0049999999999581E+000	5.9634834564949483E-006
3.0099999999999580E+000	5.8334492664442481E-006
3.0149999999999579E+000	5.7041388811826390E-006
3.0199999999999578E+000	5.5757307808057334E-006
3.0249999999999577E+000	5.4483994869550418E-006
3.0299999999999576E+000	5.3223168396739414E-006
3.0349999999999575E+000	5.1976534616723822E-006
3.0399999999999574E+000	5.0745748964130116E-006
3.0449999999999573E+000	4.9532415266450134E-006
3.0499999999999572E+000	4.8338098159361052E-006
3.0549999999999571E+000	4.7164288596963763E-006
3.0599999999999570E+000	4.6012403788193475E-006
3.0649999999999569E+000	4.4883774419563136E-006
3.0699999999999568E+000	4.3779616954558900E-006
3.0749999999999567E+000	4.2701013613822882E-006
3.0799999999999566E+000	4.1648894631935438E-006
3.0849999999999564E+000	4.0624057640164888E-006
3.0899999999999563E+000	3.9627160259699046E-006
3.0949999999999562E+000	3.8658732116475584E-006
3.0999999999999561E+000	3.7719177664872440E-006
3.1049999999999560E+000	3.6808762204186205E-006
3.1099999999999559E+000	3.5927602034293723E-006
3.1149999999999558E+000	3.5075703884829742E-006
3.1199999999999557E+000	3.4252983268294902E-006
3.1249999999999556E+000	3.3459248004618627E-006
3.1299999999999555E+000	3.2694198164358762E-006
3.1349999999999554E+000	3.1957457383777486E-006
3.1399999999999553E+000	3.1248575541920697E-006
3.1449999999999552E+000	3.0567019778595832E-006
3.1499999999999551E+000	2.9913062696524790E-006
3.1549999999999550E+000	2.9287553444867094E-006
3.1599999999999548E+000	2.8691683273983888E-006
3.1649999999999547E+000	2.8126633164604714E-006
3.1699999999999546E+000	2.7594023345952198E-006
3.1749999999999545E+000	2.7094103548843218E-006
3.1799999999999544E+000	2.6627209779219053E-006
3.1849999999999543E+000	2.6193519755465440E-006
3.1899999999999542E+000	2.5792999919468250E-006
3.1949999999999541E+000	2.5425451844312306E-006
3.1999999999999540E+000	9.6532483186770528E-007
3.2049999999999539E+000	6.5921166073858639E-007
3.2099999999999538E+000	2.0032483775864570E-007
3.2149999999999537E+000	4.3626022288739510E-007
3.2199999999999536E+000	7.0404635973819714E-007
3.2249999999999535E+000	9.2965851039266586E-007
3.2299999999999534E+000	1.1107858540542660E-006
3.2349999999999532E+000	1.2569787956514031E-006
3.2399999999999531E+000	1.3765602234982359E-006
3.2449999999999530E+000	1.4756606481936049E-006
3.2499999999999529E+000	1.5588667313807518E-006
3.2549999999999528E+000	1.6296365458212297E-006
3.2599999999999527E+000	1.6905589636070677E-006
3.2649999999999526E+000	1.7435555583572836E-006
3.2699999999999525E+000	1.7900344190384894E-006
3.2749999999999524E+000	1.8310238474276639E-006
3.2799999999999523E+000	1.8672617991409161E-006
3.2849999999999522E+000	1.8992729199309122E-006
3.2899999999999521E+000	1.9274283518832775E-006
3.2949999999999520E+000	1.9519862534499978E-006
3.2999999999999519E+000	1.9731253044316616E-006
3.3049999999999518E+000	1.9909746639503902E-006
3.3099999999999516E+000	2.0056602953458831E-006
3.3149999999999515E+000	2.0173294217699911E-006
3.3199999999999514E+000	2.0261293596234712E-006
3.3249999999999513E+000	2.0321991659431916E-006
3.3299999999999512E+000	2.0356714121787861E-006
3.3349999999999511E+000	2.0366597767740836E-006
3.3399999999999510E+000	2.0352622669698743E-006
3.3449999999999509E+000	2.0315671588334510E-006
3.3499999999999508E+000	2.0256619768904604E-006
3.3549999999999507E+000	2.0176274994555376E-006
3.3599999999999506E+000	2.0075335230944840E-006
3.3649999999999505E+000	1.9954220831283282E-006
3.3699999999999504E+000	1.9813331749215874E-006
3.3749999999999503E+000	1.9653078678094538E-006
3.3799999999999502E+000	1.9473588118187844E-006
3.3849999999999500E+000	1.9275081040498974E-006
3.3899999999999499E+000	1.9058008132204197E-006
3.3949999999999498E+000	1.8823404521869806E-006
3.3999999999999497E+000	1.8572269950321112E-006
3.4049999999999496E+000	1.8304880511786249E-006
3.4099999999999495E+000	1.8020436336354454E-006
3.4149999999999494E+000	1.7717474583718734E-006
3.4199999999999493E+000	1.7394357598147477E-006
3.4249999999999492E+000	1.7051409267646410E-006
3.4299999999999491E+000	1.6691661818768054E-006
3.4349999999999490E+000	1.6315806105063270E-006
3.4399999999999489E+000	1.5922318475005615E-006
3.4449999999999488E+000	1.5510485014823320E-006
3.4499999999999487E+000	1.5079713276598995E-006
3.4549999999999486E+000	1.4630607792893299E-006
3.4599999999999485E+000	1.4164146708275982E-006
3.4649999999999483E+000	1.3678462314135108E-006
3.4699999999999482E+000	1.3173911550940519E-006
3.4749999999999481E+000	1.2650985021404906E-006
3.4799999999999480E+000	1.2110270903134426E-006
3.4849999999999479E+000	1.1552468780048988E-006
3.4899999999999478E+000	1.0978395345453865E-006
3.4949999999999477E+000	1.0388916212901779E-006
3.4999999999999476E+000	9.7849640476886865E-007
3.5049999999999475E+000	9.1675234657609854E-007
3.5099999999999474E+000	8.5376450455832682E-007
3.5149999999999473E+000	7.8963790385443589E-007
3.5199999999999472E+000	7.2448297146236804E-007
3.5249999999999471E+000	6.5840865606147445E-007
3.5299999999999470E+000	5.9152539745635635E-007
3.5349999999999469E+000	5.2394462068489141E-007
3.5399999999999467E+000	4.5577816490748080E-007
3.5449999999999466E+000	3.8713789873338729E-007
3.5499999999999465E+000	3.1813531262200150E-007
3.5549999999999464E+000	2.4888111518850089E-007
3.5599999999999463E+000	1.7948491289443889E-007
3.5649999999999462E+000	1.1005478830540449E-007
3.5699999999999461E+000	4.0697010407895850E-008
3.5749999999999460E+000	-2.8484282257376880E-008
3.5799999999999459E+000	-9.7387372474347884E-008
3.5849999999999458E+000	-1.6591322318863066E-007
3.5899999999999457E+000	-2.3396574635711671E-007
3.5949999999999456E+000	-3.0145201087666372E-007
3.5999999999999455E+000	-3.6828245080421554E-007
3.6049999999999454E+000	-4.3437199508495886E-007
3.6099999999999453E+000	-4.9964069449309236E-007
3.6149999999999451E+000	-5.6401418301618247E-007
3.6199999999999450E+000	-6.2742257669730851E-007
3.6249999999999449E+000	-6.8979903895455420E-007
3.6299999999999448E+000	-7.5107982082874165E-007
3.6349999999999447E+000	-8.1120480277893246E-007
3.6399999999999446E+000	-8.7011777163050001E-007
3.6449999999999445E+000	-9.2776649001357807E-007
3.6499999999999444E+000	-9.8410268692437746E-007
3.6549999999999443E+000	-1.0390820242185946E-006
3.6599999999999442E+000	-1.0926640837763080E-006
3.6649999999999441E+000	-1.1448123246256383E-006
3.6699999999999440E+000	-1.1954940405361285E-006
3.6749999999999439E+000	-1.2446802856485592E-006
3.6799999999999438E+000	-1.2923458032968799E-006
3.6849999999999437E+000	-1.3384689371899953E-006
3.6899999999999435E+000	-1.3830315431476759E-006
3.6949999999999434E+000	-1.4260188967205429E-006
3.6999999999999433E+000	-1.4674195620829554E-006
3.7049999999999432E+000	-1.5072253280997438E-006
3.7099999999999431E+000	-1.5454310381324296E-006
3.7149999999999430E+000	-1.5820345215831824E-006
3.7199999999999429E+000	-2.4967812148975489E-006
3.7249999999999428E+000	-2.8923312697882510E-006
3.7299999999999427E+000	-2.6031581314639438E-006
3.7349999999999426E+000	-2.3255426374356621E-006
3.7399999999999425E+000	-2.1073264770329305E-006
3.7449999999999424E+000	-1.9435489751038860E-006
3.7499999999999423E+000	-1.8216014536599237E-006
3.7549999999999422E+000	-1.7311745248462911E-006
3.7599999999999421E+000	-1.6647896313318721E-006
3.7649999999999419E+000	-1.6168945267853039E-006
3.7699999999999418E+000	-1.5832925294648276E-006
3.7749999999999417E+000	-1.5608156251459387E-006
3.7799999999999416E+000	-1.5470818526376883E-006
3.7849999999999415E+000	-1.5403060965662485E-006
3.7899999999999414E+000	-1.5391534046533794E-006
3.7949999999999413E+000	-1.5426215779199990E-006
3.7999999999999412E+000	-1.5499465870489133E-006
3.8049999999999411E+000	-1.5605295153907737E-006
3.8099999999999410E+000	-1.5738831234925174E-006
3.8149999999999409E+000	-1.5895947385988537E-006
3.8199999999999408E+000	-1.6073016555709214E-006
3.8249999999999407E+000	-1.6266756626245873E-006
3.8299999999999406E+000	-1.6474138993419457E-006
3.8349999999999405E+000	-1.6692338587371790E-006
3.8399999999999403E+000	-1.6918731301463842E-006
3.8449999999999402E+000	-1.7150837378372394E-006
3.8499999999999401E+000	-1.7386330806030810E-006
3.8549999999999400E+000	-1.7623038286698986E-006
3.8599999999999399E+000	-1.7858932403073037E-006
3.8649999999999398E+000	-1.8092124055919267E-006
3.8699999999999397E+000	-1.8320855198143484E-006
3.8749999999999396E+000	-1.8543491961812470E-006
3.8799999999999395E+000	-1.8758518829912217E-006
3.8849999999999394E+000	-1.8964534514399370E-006
3.8899999999999393E+000	-1.9160249073673465E-006
3.8949999999999392E+000	-1.9344482575407840E-006
3.8999999999999391E+000	-1.9516164993716521E-006
3.9049999999999390E+000	-1.9674336712884061E-006
3.9099999999999389E+000	-1.9818149588657647E-006
3.9149999999999388E+000	-1.9946867671978230E-006
3.9199999999999386E+000	-2.0059867760581304E-006
3.9249999999999385E+000	-2.0156639557821340E-006
3.9299999999999384E+000	-2.0236784878681734E-006
3.9349999999999383E+000	-2.0300015974300677E-006
3.9399999999999382E+000	-2.0346153370358719E-006
3.9449999999999381E+000	-2.0375122339833165E-006
3.9499999999999380E+000	-2.0386949081839631E-006
3.9549999999999379E+000	-2.0381755668543834E-006
3.9599999999999378E+000	-2.0359754774707394E-006
3.9649999999999377E+000	-2.0321243518108955E-006
3.9699999999999376E+000	-2.0266597154466109E-006
3.9749999999999375E+000	-2.0196262120211723E-006
3.9799999999999374E+000	-2.0110748967566097E-006
3.9849999999999373E+000	-2.0010625404564850E-006
3.9899999999999372E+000	-1.9910319974926496E-006
3.9949999999999370E+000	-1.9800351298508085E-006
3.9999999999999369E+000	-1.9676835666538138E-006
4.0049999999999368E+000	-1.9547056331339003E-006
4.0099999999999367E+000	-1.9411407469670314E-006
4.0149999999999366E+000	-1.9270136979914872E-006
4.0199999999999365E+000	-1.9123650993841974E-006
4.0249999999999364E+000	-1.8972258644928989E-006
4.0299999999999363E+000	-1.8819550971852677E-006
4.0349999999999362E+000	-1.8664178644634550E-006
4.0399999999999361E+000	-1.8505997327401187E-006
4.0449999999999360E+000	-1.8345158708463942E-006
4.0499999999999359E+000	-1.8181771814570005E-006
4.0549999999999358E+000	-1.8016096269099717E-006
4.0599999999999357E+000	-1.7848415487376094E-006
4.0649999999999356E+000	-1.7678138664560338E-006
4.0699999999999354E+000	-1.7541123275293365E-006
4.0749999999999353E+000	-1.7412111752089464E-006
4.0799999999999352E+000	-1.7229426447765244E-006
4.0849999999999351E+000	-1.7022816766137582E-006
4.0899999999999350E+000	-1.6794012148496258E-006
4.0949999999999349E+000	-1.6546680852976444E-006
4.0999999999999348E+000	-1.6283436544693180E-006
4.1049999999999347E+000	-1.6006641081911518E-006
4.1099999999999346E+000	-1.5718688930149328E-006
4.1149999999999345E+000	-1.5421748140085505E-006
4.1199999999999344E+000	-1.5117917220262168E-006
4.1249999999999343E+000	-1.4809227971582678E-006
4.1299999999999342E+000	-1.4497569385935140E-006
4.1349999999999341E+000	-1.4184648442272399E-006
4.1349999999999341E+000	-3.8984993571797168E-006
4.1399999999999340E+000	-3.2767349870676295E-006
4.1449999999999338E+000	-2.8830746617709747E-006
4.1499999999999337E+000	-2.5675643800295925E-006
4.1549999999999336E+000	-2.2943974884977070E-006
4.1599999999999335E+000	-2.0508833207608632E-006
4.1649999999999334E+000	-1.8307233613914529E-006
4.1699999999999333E+000	-1.6305264193550198E-006
4.1749999999999332E+000	-1.4483789931903390E-006
4.1799999999999331E+000	-1.2829165571049229E-006
4.1849999999999330E+000	-1.1328969888159264E-006
4.1899999999999329E+000	-9.9712533038194551E-007
4.1949999999999328E+000	-8.7448722714008251E-007
4.1999999999999327E+000	-7.6397697549175443E-007
4.2049999999999326E+000	-6.6470065063159085E-007
4.2099999999999325E+000	-5.7587202987549615E-007
4.2149999999999324E+000	-4.9680025409255013E-007
4.2199999999999322E+000	-4.2687412349812651E-007
4.2249999999999321E+000	-3.6554441889691780E-007
4.2299999999999320E+000	-3.1230678683933195E-007
4.2349999999999319E+000	-2.6668741519534433E-007
4.2399999999999318E+000	-2.2823273644351206E-007
4.2449999999999317E+000	-1.9650144568791553E-007
4.2499999999999316E+000	-1.7106077349441884E-007
4.2549999999999315E+000	-1.5148097697925646E-007
4.2599999999999314E+000	-1.3733637622391485E-007
4.2649999999999313E+000	-1.2820822195629269E-007
4.2699999999999312E+000	-1.2368325476511314E-007
4.2749999999999311E+000	-1.2335821414774075E-007
4.2799999999999310E+000	-1.2687406450445425E-007
4.2849999999999309E+000	-1.3390544371642377E-007
4.2899999999999308E+000	-1.4414756771546715E-007
4.2949999999999307E+000	-1.5731220787606345E-007
4.2999999999999305E+000	-1.7312122444884675E-007
4.3049999999999304E+000	-1.9130371642665503E-007
4.3099999999999303E+000	-2.1159901734534211E-007
4.3149999999999302E+000	-2.3374583241635183E-007
4.3199999999999301E+000	-2.5749021441192678E-007
4.3249999999999300E+000	-2.8258599190632208E-007
4.3299999999999299E+000	-3.0879364682399280E-007
4.3349999999999298E+000	-3.3588126214862610E-007
4.3399999999999297E+000	-3.6362024624347111E-007
4.3449999999999296E+000	-3.9179009599344123E-007
4.3499999999999295E+000	-4.2017725260050012E-007
4.3549999999999294E+000	-4.4857605257905172E-007
4.3599999999999293E+000	-4.7678739126994144E-007
4.3649999999999292E+000	-5.0461974718866575E-007
4.3699999999999291E+000	-5.3188829640280995E-007
4.3749999999999289E+000	-5.5834753232948847E-007
4.3799999999999288E+000	-5.8387855165685102E-007
4.3849999999999287E+000	-6.0834159534408243E-007
4.3899999999999286E+000	-6.3135894591232812E-007
4.3949999999999285E+000	-6.5286382063838710E-007
4.3999999999999284E+000	-6.7283112628575544E-007
4.4049999999999283E+000	-6.9118219442660258E-007
4.4099999999999282E+000	-7.0783145736582262E-007
4.4149999999999281E+000	-7.2270273662861010E-007
4.4199999999999280E+000	-7.3573115977978611E-007
4.4249999999999279E+000	-7.4686191964762141E-007
4.4299999999999278E+000	-7.5605336056224137E-007
4.4349999999999277E+000	-7.6327639613567011E-007
4.4399999999999276E+000	-7.6850854424675997E-007
4.4449999999999275E+000	-7.7172307990170726E-007
4.4499999999999273E+000	-7.7290299824907175E-007
4.4549999999999272E+000	-7.7204185551890771E-007
4.4599999999999271E+000	-7.6914401625303169E-007
4.4649999999999270E+000	-7.6422843869725418E-007
4.4699999999999269E+000	-7.5733171499529811E-007
4.4749999999999268E+000	-7.4851285691960711E-007
4.4799999999999267E+000	-7.3783681213069176E-007
4.4849999999999266E+000	-7.2537117384927421E-007
4.4899999999999265E+000	-7.1117628157785678E-007
4.4949999999999264E+000	-6.9531664199240514E-007
4.4999999999999263E+000	-6.7785616592236088E-007
4.5049999999999262E+000	-6.5887420205528125E-007
4.5099999999999261E+000	-6.3846690939588375E-007
4.5149999999999260E+000	-6.1673165369881913E-007
4.5199999999999259E+000	-5.9374539084249141E-007
4.5249999999999257E+000	-5.6960096907742033E-007
4.5299999999999256E+000	-5.4437697657088109E-007
4.5349999999999255E+000	-5.1813858490007241E-007
4.5399999999999254E+000	-4.9098854535533264E-007
4.5449999999999253E+000	-4.6301098103317418E-007
4.5499999999999252E+000	-4.3429008869175810E-007
4.5549999999999251E+000	-4.0495989491825029E-007
4.5599999999999250E+000	-3.7518301110410783E-007
4.5649999999999249E+000	-3.4512094969178235E-007
4.5699999999999248E+000	-3.1478082831444838E-007
4.5749999999999247E+000	-2.8427059690056054E-007
4.5799999999999246E+000	-2.5363474997817980E-007
4.5849999999999245E+000	-2.2294459461614796E-007
4.5899999999999244E+000	-1.9228688412102397E-007
4.5949999999999243E+000	-1.6172690535266818E-007
4.5999999999999241E+000	-1.3134832973026813E-007
4.6049999999999240E+000	-1.0116974779232062E-007
4.6099999999999239E+000	-7.1209932415688875E-008
4.6149999999999238E+000	-4.1522284204163690E-008
4.6199999999999237E+000	-1.2132373719260018E-008
4.6249999999999236E+000	1.6936095584009756E-008
4.6299999999999235E+000	4.5661196699296092E-008
4.6349999999999234E+000	7.4022235673209178E-008
4.6399999999999233E+000	1.0200267153018136E-007
4.6449999999999232E+000	1.2958968572563381E-007
4.6499999999999231E+000	1.5677587194286555E-007
4.6549999999999230E+000	1.8355599694159591E-007
4.6599999999999229E+000	2.0992966004241990E-007
4.6649999999999228E+000	2.3589803852224101E-007
4.6699999999999227E+000	2.6146620969259532E-007
4.6749999999999226E+000	2.8664256097625359E-007
4.6799999999999224E+000	3.1143838494684752E-007
4.6849999999999223E+000	3.3586765765183100E-007
4.6899999999999222E+000	3.5994681947038841E-007
4.6949999999999221E+000	3.8369453316644684E-007
4.6999999999999220E+000	4.0713144944330913E-007
4.7049999999999219E+000	4.3027996956368413E-007
4.7099999999999218E+000	4.5316399498178265E-007
4.7149999999999217E+000	4.7580869860462203E-007
4.7199999999999216E+000	4.9824027838833342E-007
4.7249999999999215E+000	5.2048572937957679E-007
4.7299999999999214E+000	5.4257260937902581E-007
4.7349999999999213E+000	5.6452881465734116E-007
4.7399999999999212E+000	5.8638236091658862E-007
4.7449999999999211E+000	6.0816116375084886E-007
4.7499999999999210E+000	6.2989284536081272E-007
4.7549999999999208E+000	6.5160452425575962E-007
4.7599999999999207E+000	6.7330668117129491E-007
4.7649999999999206E+000	6.9513158657098421E-007
4.7699999999999205E+000	7.1713965024135222E-007
4.7749999999999204E+000	7.3923842230353191E-007
4.7799999999999203E+000	7.6141341764223255E-007
4.7849999999999202E+000	7.8368029902455645E-007
4.7899999999999201E+000	8.0606165106477453E-007
4.7949999999999200E+000	8.2857868663229641E-007
4.7999999999999199E+000	8.5123129542375832E-007
4.8049999999999198E+000	8.7414524049588265E-007
4.8099999999999197E+000	8.9737284371073480E-007
4.8149999999999196E+000	9.2080547570252743E-007
4.8199999999999195E+000	9.4441418192221728E-007
4.8249999999999194E+000	9.6820054451408798E-007
4.8299999999999192E+000	9.9217283947353848E-007
4.8349999999999191E+000	1.0163375685572132E-006
4.8399999999999190E+000	1.0406977850289077E-006
4.8449999999999189E+000	1.0652535577491907E-006
4.8499999999999188E+000	1.0899804095652926E-006
4.8549999999999187E+000	1.1150122377157839E-006
4.8599999999999186E+000	1.1402488972388046E-006
4.8649999999999185E+000	1.1656484556369228E-006
4.8699999999999184E+000	1.1911933611460275E-006
4.8749999999999183E+000	1.2168724892264936E-006
4.8799999999999182E+000	1.2426742284971189E-006
4.8849999999999181E+000	1.2685845257100068E-006
4.8899999999999180E+000	1.2945871067360897E-006
4.8949999999999179E+000	1.3206639133722102E-006
4.8999999999999178E+000	1.3467684781853572E-006
4.9049999999999176E+000	1.3730317205809224E-006
4.9099999999999175E+000	1.3993318547938126E-006
4.9149999999999174E+000	1.4256102152270782E-006
4.9199999999999173E+000	1.4518352688196090E-006
4.9249999999999172E+000	1.4779836015771068E-006
4.9299999999999171E+000	1.5040325255102800E-006
4.9349999999999170E+000	1.5299578963730156E-006
4.9399999999999169E+000	1.5557343238332347E-006
4.9449999999999168E+000	1.5813357085360973E-006
4.9499999999999167E+000	1.6067030364516774E-006
4.9549999999999166E+000	1.6319752226223614E-006
4.9599999999999165E+000	1.6570185099702556E-006
4.9649999999999164E+000	1.6817681461832689E-006
4.9699999999999163E+000	1.7061894265698050E-006
4.9749999999999162E+000	1.7302575349071226E-006
4.9799999999999160E+000	1.7539495926831022E-006
4.9849999999999159E+000	1.7772422232395863E-006
4.9899999999999158E+000	1.8000743573727982E-006
4.9949999999999157E+000	1.8225999722195315E-006
4.9999999999999156E+000	1.8446850934901906E-006
5.0049999999999155E+000	1.8662673726911592E-006
5.0099999999999154E+000	1.8873167196642372E-006
5.0149999999999153E+000	1.9078140594897168E-006
5.0199999999999152E+000	1.9277429370994789E-006
5.0249999999999151E+000	1.9470868509715984E-006
5.0299999999999150E+000	1.9658293841686770E-006
5.0349999999999149E+000	1.9839113674663399E-006
5.0399999999999148E+000	2.0015095379838326E-006
5.0449999999999147E+000	2.0184933047684114E-006
5.0499999999999146E+000	2.0348074226316935E-006
5.0549999999999145E+000	2.0504310969981720E-006
5.0599999999999143E+000	2.0651557042250651E-006
5.0649999999999142E+000	2.0790115036988905E-006
5.0699999999999141E+000	2.0920819850641907E-006
5.0749999999999140E+000	2.1043921777670680E-006
5.0799999999999139E+000	2.1159501199705500E-006
5.0849999999999138E+000	2.1267629038076107E-006
5.0899999999999137E+000	2.1368375436203321E-006
5.0949999999999136E+000	2.1461874996021104E-006
5.0999999999999135E+000	2.1548145443031971E-006
5.1049999999999134E+000	2.1627241665501287E-006
5.1099999999999133E+000	2.1699237570230070E-006
5.1149999999999132E+000	2.1764211964165762E-006
5.1199999999999131E+000	2.1822244935487446E-006
5.1249999999999130E+000	2.1873418591629354E-006
5.1299999999999129E+000	2.1917818119015824E-006
5.1349999999999127E+000	2.1955532218988987E-006
5.1399999999999126E+000	2.1986653156071573E-006
5.1449999999999125E+000	2.2011276610289612E-006
5.1499999999999124E+000	2.2029501593270175E-006
5.1549999999999123E+000	2.2041430646999763E-006
5.1599999999999122E+000	2.2047169727473583E-006
5.1649999999999121E+000	2.2046813759927041E-006
5.1699999999999120E+000	2.2040391821863337E-006
5.1749999999999119E+000	2.2028028507633887E-006
5.1799999999999118E+000	2.2009175077121807E-006
5.1849999999999117E+000	2.1985754589461554E-006
5.1899999999999116E+000	2.1958970727535057E-006
5.1949999999999115E+000	2.1927045369604974E-006
5.1999999999999114E+000	2.1889470273063146E-006
5.2049999999999113E+000	2.1836604801898380E-006
5.2099999999999111E+000	2.1721830578842829E-006
5.2149999999999110E+000	2.1580558438218974E-006
5.2199999999999109E+000	2.1365803189721994E-006
5.2249999999999108E+000	2.1092490072144756E-006
5.2299999999999107E+000	2.0795641823236240E-006
5.2349999999999106E+000	2.0492821385695253E-006
5.2399999999999105E+000	2.0185306824487457E-006
5.2449999999999104E+000	1.9871352342369745E-006
5.2499999999999103E+000	1.9547314739265984E-006
5.2549999999999102E+000	1.9214460489391703E-006
5.2599999999999101E+000	1.8870074453441056E-006
5.2649999999999100E+000	1.8514362403389183E-006
5.2699999999999099E+000	1.8149882070280079E-006
5.2749999999999098E+000	1.7777617649100104E-006
5.2799999999999097E+000	1.7398579816815210E-006
5.2849999999999095E+000	1.7014061948017783E-006
5.2899999999999094E+000	1.6625472761920371E-006
5.2949999999999093E+000	1.6234011845602545E-006
5.2999999999999092E+000	1.5841084057966808E-006
5.3049999999999091E+000	1.5448028480572060E-006
5.3099999999999090E+000	1.5056151594694211E-006
5.3149999999999089E+000	1.4666727240482254E-006
5.3199999999999088E+000	1.4279268339698247E-006
5.3249999999999087E+000	1.3894346418885068E-006
5.3299999999999086E+000	1.3514407794850631E-006
5.3349999999999085E+000	1.3140378795131515E-006
5.3399999999999084E+000	1.2783022828400768E-006
5.3449999999999083E+000	1.2436253971862862E-006
5.3499999999999082E+000	1.2102987184208706E-006
5.3549999999999081E+000	1.1784746965565876E-006
5.3599999999999079E+000	1.1482100399289787E-006
5.3649999999999078E+000	1.1195676823752899E-006
5.3699999999999077E+000	1.0925983194547577E-006
5.3749999999999076E+000	1.0673313213102306E-006
5.3799999999999075E+000	1.0437830822596890E-006
5.3849999999999074E+000	1.0219865983650998E-006
5.3899999999999073E+000	1.0019383523610847E-006
5.3949999999999072E+000	9.8361208047634272E-007
5.3999999999999071E+000	9.6698221716188535E-007
5.4049999999999070E+000	9.5201575010488440E-007
5.4099999999999069E+000	9.3864840501521720E-007
5.4149999999999068E+000	9.2683336898316351E-007
5.4199999999999067E+000	9.1653082627986640E-007
5.4249999999999066E+000	9.0768703640729811E-007
5.4299999999999065E+000	9.0025276529486451E-007
5.4349999999999064E+000	8.9418456862485174E-007
5.4399999999999062E+000	8.8940946724594305E-007
5.4449999999999061E+000	8.8588030154846725E-007
5.4499999999999060E+000	8.8359515061338990E-007
5.4549999999999059E+000	8.8248848414247281E-007
5.4599999999999058E+000	8.8247737760496598E-007
5.4649999999999057E+000	8.8348921991822528E-007
5.4699999999999056E+000	8.8541346112770943E-007
5.4749999999999055E+000	8.8818785226468107E-007
5.4799999999999054E+000	8.9175733280470671E-007
5.4849999999999053E+000	8.9605205672628927E-007
5.4899999999999052E+000	9.0099838090220516E-007
5.4949999999999051E+000	9.0651956547820140E-007
5.4999999999999050E+000	9.1253782344873130E-007
5.5049999999999049E+000	9.1897608880321729E-007
5.5099999999999048E+000	9.2581671214641150E-007
5.5149999999999046E+000	9.3296325486579876E-007
5.5199999999999045E+000	9.4031742555174130E-007
5.5249999999999044E+000	9.4779674967341853E-007
5.5299999999999043E+000	9.5526853582996215E-007
5.5349999999999042E+000	9.6267858260543833E-007
5.5399999999999041E+000	9.6998085477662633E-007
5.5449999999999040E+000	9.7711667077593368E-007
5.5499999999999039E+000	9.8402492194463010E-007
5.5549999999999038E+000	9.9064536349242812E-007
5.5599999999999037E+000	9.9692144016855468E-007
5.5649999999999036E+000	1.0027991602853892E-006
5.5699999999999035E+000	1.0082640938823189E-006
5.5749999999999034E+000	1.0133130903508236E-006
5.5799999999999033E+000	1.0178563316485732E-006
5.5849999999999032E+000	1.0218207994957045E-006
5.5899999999999030E+000	1.0251589381189125E-006
5.5949999999999029E+000	1.0277625936984073E-006
5.5999999999999028E+000	1.0296336110819654E-006
5.6049999999999027E+000	1.0307828486174279E-006
5.6099999999999026E+000	1.0312074635205549E-006
5.6149999999999025E+000	1.0309016548509009E-006
5.6199999999999024E+000	1.0298607172042558E-006
5.6249999999999023E+000	1.0280491099049218E-006
5.6299999999999022E+000	1.0254891564873798E-006
5.6349999999999021E+000	1.0221993570248577E-006
5.6399999999999020E+000	1.0182001275033919E-006
5.6449999999999019E+000	1.0135026927531702E-006
5.6499999999999018E+000	1.0082037603518643E-006
5.6549999999999017E+000	1.0022658777986660E-006
5.6599999999999016E+000	9.9566593576235913E-007
5.6649999999999014E+000	9.8843770668347270E-007
5.6699999999999013E+000	9.8046284498638096E-007
5.6749999999999012E+000	9.7177496685055638E-007
5.6799999999999011E+000	9.6242765378345267E-007
5.6849999999999010E+000	9.5246446511584736E-007
5.6899999999999009E+000	9.4194286264717328E-007
5.6949999999999008E+000	9.3088314709341081E-007
5.6999999999999007E+000	9.1931475837247892E-007
5.7049999999999006E+000	9.0728027024952551E-007
5.7099999999999005E+000	8.9483523919680739E-007
5.7149999999999004E+000	8.8204524314396541E-007
5.7199999999999003E+000	8.6894789515945326E-007
5.7249999999999002E+000	8.5551448858632303E-007
5.7299999999999001E+000	8.4175187088341337E-007
5.7349999999999000E+000	8.2767534186801538E-007
5.7399999999998998E+000	8.1343434878473547E-007
5.7449999999998997E+000	7.9900537687221059E-007
5.7499999999998996E+000	7.8413888980800545E-007
5.7549999999998995E+000	7.6888097170002918E-007
5.7599999999998994E+000	7.5329108709079485E-007
5.7649999999998993E+000	7.3741243452350059E-007
5.7699999999998992E+000	7.2125270239913456E-007
5.7749999999998991E+000	7.0490195878324885E-007
5.7799999999998990E+000	6.8834865699173417E-007
5.7849999999998989E+000	6.7164780975759691E-007
5.7899999999998988E+000	6.5487079526037858E-007
5.7949999999998987E+000	6.3802482036765995E-007
5.7999999999998986E+000	6.2112963797871556E-007
5.8049999999998985E+000	6.0421076530778642E-007
5.8099999999998984E+000	5.8729937353402815E-007
5.8149999999998983E+000	5.7042773622559092E-007
5.8199999999998981E+000	5.5362547607713989E-007
5.8249999999998980E+000	5.3691978139862182E-007
5.8299999999998979E+000	5.2033644856510798E-007
5.8349999999998978E+000	5.0390011451735644E-007
5.8399999999998977E+000	4.8763409690180656E-007
5.8449999999998976E+000	4.7156027083999320E-007
5.8499999999998975E+000	4.5569901208542798E-007
5.8549999999998974E+000	4.4006917814973746E-007
5.8599999999998973E+000	4.2468808427070835E-007
5.8649999999998972E+000	4.0957148336211427E-007
5.8699999999998971E+000	3.9473356153610413E-007
5.8749999999998970E+000	3.8018693694358228E-007
5.8799999999998969E+000	3.6594267590365442E-007
5.8849999999998968E+000	3.5201030416605385E-007
5.8899999999998967E+000	3.3839783813271577E-007
5.8949999999998965E+000	3.2511181722586415E-007
5.8999999999998964E+000	3.1215735045737088E-007
5.9049999999998963E+000	2.9953815291627812E-007
5.9099999999998962E+000	2.8725659946538160E-007
5.9149999999998961E+000	2.7531377527212260E-007
5.9199999999998960E+000	2.6370954405282728E-007
5.9249999999998959E+000	2.5244260086516370E-007
5.9299999999998958E+000	2.4151054739568230E-007
5.9349999999998957E+000	2.3090994934706515E-007
5.9399999999998956E+000	2.2063640856070975E-007
5.9449999999998955E+000	2.1068464047364457E-007
5.9499999999998954E+000	2.0104854078900663E-007
5.9549999999998953E+000	1.9172125523052311E-007
5.9599999999998952E+000	1.8269526884632229E-007
5.9649999999998951E+000	1.7396245781534825E-007
5.9699999999998949E+000	1.6551417683517055E-007
5.9749999999998948E+000	1.5734132889297287E-007
5.9799999999998947E+000	1.4943443454102157E-007
5.9849999999998946E+000	1.4178370046896923E-007
5.9899999999998945E+000	1.3437909048307734E-007
5.9949999999998944E+000	1.2721039044178536E-007
5.9999999999998943E+000	1.2026726786793371E-007
6.0049999999998942E+000	1.1353934428110343E-007
6.0099999999998941E+000	1.0701623729794092E-007
6.0149999999998940E+000	1.0068762945760136E-007
6.0199999999998939E+000	9.4543315356910838E-008
6.0249999999998938E+000	8.8573248557317419E-008
6.0299999999998937E+000	8.2767592463562596E-008
6.0349999999998936E+000	7.7116760132767416E-008
6.0399999999998935E+000	7.1611454664735520E-008
6.0449999999998933E+000	6.6242700984780069E-008
6.0499999999998932E+000	6.1001879815805824E-008
6.0549999999998931E+000	5.5880754861687243E-008
6.0599999999998930E+000	5.0871506446807903E-008
6.0649999999998929E+000	4.5966740903574316E-008
6.0699999999998928E+000	4.1159518784694073E-008

 
