Grouping:(2, 0) J686
# x 	 y
0.0000000000000000E+000	1.9999717147177698E-001
5.0000000000000001E-003	1.9999721614364760E-001
1.0000000000000000E-002	1.9996421231130482E-001
1.4999999999999999E-002	1.9989846861977489E-001
2.0000000000000000E-002	1.9980014241335814E-001
2.5000000000000001E-002	1.9966944674956344E-001
3.0000000000000002E-002	1.9950664400197482E-001
3.5000000000000003E-002	1.9931200548283315E-001
4.0000000000000001E-002	1.9908580441343651E-001
4.4999999999999998E-002	1.9882831573165285E-001
4.9999999999999996E-002	1.9853981665212497E-001
5.4999999999999993E-002	1.9822058698365067E-001
5.9999999999999991E-002	1.9787090924089892E-001
6.4999999999999988E-002	1.9749106848125020E-001
6.9999999999999993E-002	1.9708136157833281E-001
7.4999999999999997E-002	1.9664198437232708E-001
8.0000000000000002E-002	1.9617336806100721E-001
8.5000000000000006E-002	1.9567576505269924E-001
9.0000000000000011E-002	1.9514944811233476E-001
9.5000000000000015E-002	1.9459471336763723E-001
1.0000000000000002E-001	1.9401185862653336E-001
1.0500000000000002E-001	1.9340118103350465E-001
1.1000000000000003E-001	1.9276297697746367E-001
1.1500000000000003E-001	1.9209754204744522E-001
1.2000000000000004E-001	1.9140517102631166E-001
1.2500000000000003E-001	1.9068615784738405E-001
1.3000000000000003E-001	1.8994081552079981E-001
1.3500000000000004E-001	1.8916941607499213E-001
1.4000000000000004E-001	1.8837222022774713E-001
1.4500000000000005E-001	1.8754954694308176E-001
1.5000000000000005E-001	1.8670168468899084E-001
1.5500000000000005E-001	1.8582892060242961E-001
1.6000000000000006E-001	1.8493153821388678E-001
1.6500000000000006E-001	1.8400982054238119E-001
1.7000000000000007E-001	1.8306404849458482E-001
1.7500000000000007E-001	1.8209464863074892E-001
1.8000000000000008E-001	1.8110175341215318E-001
1.8500000000000008E-001	1.8008563680616654E-001
1.9000000000000009E-001	1.7904657129497861E-001
1.9500000000000009E-001	1.7798621470649437E-001
2.0000000000000009E-001	1.7690149392463878E-001
2.0500000000000010E-001	1.7579498596593526E-001
2.1000000000000010E-001	1.7466669688760680E-001
2.1500000000000011E-001	1.7351681731221599E-001
2.2000000000000011E-001	1.7234559070163186E-001
2.2500000000000012E-001	1.7115327006128928E-001
2.3000000000000012E-001	1.6994010909966828E-001
2.3500000000000013E-001	1.6870780083832890E-001
2.4000000000000013E-001	1.6745282143635462E-001
2.4500000000000013E-001	1.6617823988162053E-001
2.5000000000000011E-001	1.6488399450918881E-001
2.5500000000000012E-001	1.6357022456200151E-001
2.6000000000000012E-001	1.6223713654185848E-001
2.6500000000000012E-001	1.6088505271676162E-001
2.7000000000000013E-001	1.5951410696480536E-001
2.7500000000000013E-001	1.5812453144685121E-001
2.8000000000000014E-001	1.5671655737072102E-001
2.8500000000000014E-001	1.5529041529407575E-001
2.9000000000000015E-001	1.5384633367255271E-001
2.9500000000000015E-001	1.5238721827614982E-001
3.0000000000000016E-001	1.5090692991408339E-001
3.0500000000000016E-001	1.4940993910165140E-001
3.1000000000000016E-001	1.4789719491473097E-001
3.1500000000000017E-001	1.4636587980456917E-001
3.2000000000000017E-001	1.4481845401094379E-001
3.2500000000000018E-001	1.4325652477160511E-001
3.3000000000000018E-001	1.4167610759715599E-001
3.3500000000000019E-001	1.4008032804440038E-001
3.4000000000000019E-001	1.3846901120986699E-001
3.4500000000000020E-001	1.3684226084702314E-001
3.5000000000000020E-001	1.3520024996054525E-001
3.5500000000000020E-001	1.3354317500007731E-001
3.6000000000000021E-001	1.3187124197689404E-001
3.6500000000000021E-001	1.3018475074103675E-001
3.7000000000000022E-001	1.2848382443219811E-001
3.7500000000000022E-001	1.2676867451632803E-001
3.8000000000000023E-001	1.2503951314219064E-001
3.8500000000000023E-001	1.2329634533604783E-001
3.9000000000000024E-001	1.2153946612803995E-001
3.9500000000000024E-001	1.1976861611026038E-001
4.0000000000000024E-001	1.1798425673317899E-001
4.0500000000000025E-001	1.1618864321345924E-001
4.1000000000000025E-001	1.1437860766806179E-001
4.1500000000000026E-001	1.1255685146372316E-001
4.2000000000000026E-001	1.1072422827823078E-001
4.2500000000000027E-001	1.0887926319378753E-001
4.3000000000000027E-001	1.0702040853488694E-001
4.3500000000000028E-001	1.0515162943706433E-001
4.4000000000000028E-001	1.0326979678334053E-001
4.4500000000000028E-001	1.0137735397578994E-001
4.5000000000000029E-001	9.9474026513313357E-002
4.5500000000000029E-001	9.7559957700565053E-002
4.6000000000000030E-001	9.5635527866186024E-002
4.6500000000000030E-001	9.3700790265087847E-002
4.7000000000000031E-001	9.1756000395158022E-002
4.7500000000000031E-001	8.9803954885691650E-002
4.8000000000000032E-001	8.7838279278524306E-002
4.8500000000000032E-001	8.5864065980653062E-002
4.9000000000000032E-001	8.3883194957407620E-002
4.9500000000000033E-001	8.1890421862634497E-002
5.0000000000000033E-001	7.9889700345152595E-002
5.0500000000000034E-001	7.7881015001807746E-002
5.1000000000000034E-001	7.5864491377042084E-002
5.1500000000000035E-001	7.3845836242115687E-002
5.2000000000000035E-001	7.1812422628829517E-002
5.2500000000000036E-001	6.9772888477103973E-002
5.3000000000000036E-001	6.7726935420787185E-002
5.3500000000000036E-001	6.5680370208029262E-002
5.4000000000000037E-001	6.3619224320760587E-002
5.4500000000000037E-001	6.1553743448899904E-002
5.5000000000000038E-001	5.9483058070775759E-002
5.5500000000000038E-001	5.7411220442112047E-002
5.6000000000000039E-001	5.5327589836656310E-002
5.6500000000000039E-001	5.3240711636145563E-002
5.7000000000000040E-001	5.1149664457425068E-002
5.7500000000000040E-001	4.9054478298522899E-002
5.8000000000000040E-001	4.6955401659537925E-002
5.8500000000000041E-001	4.4858256846941141E-002
5.9000000000000041E-001	4.2749405278562469E-002
5.9500000000000042E-001	4.0644860122445343E-002
6.0000000000000042E-001	3.8530506285905937E-002
6.0500000000000043E-001	3.6416422953296022E-002
6.1000000000000043E-001	3.4300795403602244E-002
6.1500000000000044E-001	3.2183770537849231E-002
6.2000000000000044E-001	3.0065621843102207E-002
6.2500000000000044E-001	2.7946787963608877E-002
6.3000000000000045E-001	2.5827650203142118E-002
6.3500000000000045E-001	2.3708587781193703E-002
6.4000000000000046E-001	2.1589986567588031E-002
6.4500000000000046E-001	1.9472223101593439E-002
6.5000000000000047E-001	1.7355690299096806E-002
6.5500000000000047E-001	1.5240785601848083E-002
6.6000000000000048E-001	1.3127910581808771E-002
6.6500000000000048E-001	1.1017470655371377E-002
6.7000000000000048E-001	8.9098749354025730E-003
6.7500000000000049E-001	6.8055361670141196E-003
6.8000000000000049E-001	4.7048707247766474E-003
6.8500000000000050E-001	2.6082985287629490E-003
6.9000000000000050E-001	5.1625195157294784E-004
6.9500000000000051E-001	-1.5708489264292275E-003
7.0000000000000051E-001	-3.6525656273906654E-003
7.0500000000000052E-001	-5.7284830395269272E-003
7.1000000000000052E-001	-7.7981600671631866E-003
7.1500000000000052E-001	-9.8611532912437350E-003
7.2000000000000053E-001	-1.1917019637643932E-002
7.2500000000000053E-001	-1.3965314688207079E-002
7.3000000000000054E-001	-1.6005591514478439E-002
7.3500000000000054E-001	-1.8039481782676985E-002
7.4000000000000055E-001	-2.0062394041507212E-002
7.4500000000000055E-001	-2.2075055044493513E-002
7.5000000000000056E-001	-2.4078066589769003E-002
7.5500000000000056E-001	-2.6070909165766980E-002
7.6000000000000056E-001	-2.8052456769385416E-002
7.6500000000000057E-001	-3.0023898290339024E-002
7.7000000000000057E-001	-3.1979911973408610E-002
7.7500000000000058E-001	-3.3926939455570876E-002
7.8000000000000058E-001	-3.5860969437357698E-002
7.8500000000000059E-001	-3.7781964953398799E-002
7.9000000000000059E-001	-3.9689539266481721E-002
7.9500000000000060E-001	-4.1583268642114014E-002
8.0000000000000060E-001	-4.3462719147011449E-002
8.0500000000000060E-001	-4.5327455676751158E-002
8.1000000000000061E-001	-4.7177045752705732E-002
8.1500000000000061E-001	-4.9011060935447812E-002
8.2000000000000062E-001	-5.0829078259183910E-002
8.2500000000000062E-001	-5.2630679441333560E-002
8.3000000000000063E-001	-5.4415449658090267E-002
8.3500000000000063E-001	-5.6182965444673223E-002
8.4000000000000064E-001	-5.7932836008213480E-002
8.4500000000000064E-001	-5.9664659648790037E-002
8.5000000000000064E-001	-6.1378038806148352E-002
8.5500000000000065E-001	-6.3076074922877881E-002
8.6000000000000065E-001	-6.4751443505170050E-002
8.6500000000000066E-001	-6.6405710681191846E-002
8.7000000000000066E-001	-6.8040171062152988E-002
8.7500000000000067E-001	-6.9654626824491125E-002
8.8000000000000067E-001	-7.1248240223502082E-002
8.8500000000000068E-001	-7.2821085321234102E-002
8.9000000000000068E-001	-7.4372788212442767E-002
8.9500000000000068E-001	-7.5902994248427058E-002
9.0000000000000069E-001	-7.7411363787714071E-002
9.0500000000000069E-001	-7.8897569389455691E-002
9.1000000000000070E-001	-8.0361294420627769E-002
9.1500000000000070E-001	-8.1802245182361316E-002
9.2000000000000071E-001	-8.3220112046393027E-002
9.2500000000000071E-001	-8.4614606743115633E-002
9.3000000000000071E-001	-8.5985444773381423E-002
9.3500000000000072E-001	-8.7332359795405545E-002
9.4000000000000072E-001	-8.8655091852109430E-002
9.4500000000000073E-001	-8.9953388308405172E-002
9.5000000000000073E-001	-9.1227005813477133E-002
9.5500000000000074E-001	-9.2475710242627254E-002
9.6000000000000074E-001	-9.3699276518426480E-002
9.6500000000000075E-001	-9.4897488631940460E-002
9.7000000000000075E-001	-9.6070139639996166E-002
9.7500000000000075E-001	-9.7217031776981669E-002
9.8000000000000076E-001	-9.8337976457631482E-002
9.8500000000000076E-001	-9.9432794290153337E-002
9.9000000000000077E-001	-1.0050131471170021E-001
9.9500000000000077E-001	-1.0154337454139982E-001
1.0000000000000007E+000	-1.0255881908949749E-001
1.0050000000000006E+000	-1.0354750272451436E-001
1.0100000000000005E+000	-1.0450928817370386E-001
1.0150000000000003E+000	-1.0544404720991742E-001
1.0200000000000002E+000	-1.0635166057594719E-001
1.0250000000000001E+000	-1.0723201791484223E-001
1.0300000000000000E+000	-1.0809155604479395E-001
1.0349999999999999E+000	-1.0891768075650914E-001
1.0399999999999998E+000	-1.0971556761087981E-001
1.0449999999999997E+000	-1.1048593754561092E-001
1.0499999999999996E+000	-1.1122787483881623E-001
1.0549999999999995E+000	-1.1194237720889004E-001
1.0599999999999994E+000	-1.1262940880147253E-001
1.0649999999999993E+000	-1.1328863090427231E-001
1.0699999999999992E+000	-1.1392019982120988E-001
1.0749999999999991E+000	-1.1452404490397831E-001
1.0799999999999990E+000	-1.1510009538603586E-001
1.0849999999999989E+000	-1.1564829982780728E-001
1.0899999999999987E+000	-1.1616862547766725E-001
1.0949999999999986E+000	-1.1666105518032374E-001
1.0999999999999985E+000	-1.1712558897686995E-001
1.1049999999999984E+000	-1.1756223226897781E-001
1.1099999999999983E+000	-1.1797100087730862E-001
1.1149999999999982E+000	-1.1835191976018665E-001
1.1199999999999981E+000	-1.1870502230640881E-001
1.1249999999999980E+000	-1.1903034986934090E-001
1.1299999999999979E+000	-1.1932795110698641E-001
1.1349999999999978E+000	-1.1959788158471796E-001
1.1399999999999977E+000	-1.1984020344321655E-001
1.1449999999999976E+000	-1.2005502753858928E-001
1.1499999999999975E+000	-1.2024238262061701E-001
1.1549999999999974E+000	-1.2040234291554194E-001
1.1599999999999973E+000	-1.2053499074022588E-001
1.1649999999999971E+000	-1.2064042267190329E-001
1.1699999999999970E+000	-1.2071873706321355E-001
1.1749999999999969E+000	-1.2077003715541376E-001
1.1799999999999968E+000	-1.2079443504935981E-001
1.1849999999999967E+000	-1.2079204831381826E-001
1.1899999999999966E+000	-1.2076300155099963E-001
1.1949999999999965E+000	-1.2070742264266858E-001
1.1999999999999964E+000	-1.2062544418108892E-001
1.2049999999999963E+000	-1.2051720454536073E-001
1.2099999999999962E+000	-1.2038284951017794E-001
1.2149999999999961E+000	-1.2022253035812604E-001
1.2199999999999960E+000	-1.2003640336174200E-001
1.2249999999999959E+000	-1.1982463024235585E-001
1.2299999999999958E+000	-1.1958744725836046E-001
1.2349999999999957E+000	-1.1932495898220533E-001
1.2399999999999956E+000	-1.1903734831076919E-001
1.2449999999999954E+000	-1.1872479991691795E-001
1.2499999999999953E+000	-1.1838750274183853E-001
1.2549999999999952E+000	-1.1802565119815603E-001
1.2599999999999951E+000	-1.1763944463989745E-001
1.2649999999999950E+000	-1.1722908796783545E-001
1.2699999999999949E+000	-1.1679479124773012E-001
1.2749999999999948E+000	-1.1633676959643682E-001
1.2799999999999947E+000	-1.1585524361007260E-001
1.2849999999999946E+000	-1.1535043662522260E-001
1.2899999999999945E+000	-1.1482257799142914E-001
1.2949999999999944E+000	-1.1427190543333049E-001
1.2999999999999943E+000	-1.1369866033843415E-001
1.3049999999999942E+000	-1.1310308853680170E-001
1.3099999999999941E+000	-1.1248538278432101E-001
1.3149999999999940E+000	-1.1184585225385067E-001
1.3199999999999938E+000	-1.1118475771768696E-001
1.3249999999999937E+000	-1.1050953330136075E-001
1.3299999999999936E+000	-1.0980600148795396E-001
1.3349999999999935E+000	-1.0908149061385022E-001
1.3399999999999934E+000	-1.0833651407825552E-001
1.3449999999999933E+000	-1.0756366992075296E-001
1.3499999999999932E+000	-1.0678139867019470E-001
1.3549999999999931E+000	-1.0597760231160885E-001
1.3599999999999930E+000	-1.0515417476459629E-001
1.3649999999999929E+000	-1.0431162971620843E-001
1.3699999999999928E+000	-1.0345030011871940E-001
1.3749999999999927E+000	-1.0257049612152679E-001
1.3799999999999926E+000	-1.0167252794970900E-001
1.3849999999999925E+000	-1.0075670861714878E-001
1.3899999999999924E+000	-9.9823354455645788E-002
1.3949999999999922E+000	-9.8872784793866075E-002
1.3999999999999921E+000	-9.7905321426510622E-002
1.4049999999999920E+000	-9.6921288380899626E-002
1.4099999999999919E+000	-9.5921011743532972E-002
1.4149999999999918E+000	-9.4904819535413687E-002
1.4199999999999917E+000	-9.3873041604895111E-002
1.4249999999999916E+000	-9.2826009536971191E-002
1.4299999999999915E+000	-9.1764056539714048E-002
1.4349999999999914E+000	-9.0687517355710290E-002
1.4399999999999913E+000	-8.9596728159019673E-002
1.4449999999999912E+000	-8.8492026435705459E-002
1.4499999999999911E+000	-8.7373750841663544E-002
1.4549999999999910E+000	-8.6242241192193370E-002
1.4599999999999909E+000	-8.5097838256872227E-002
1.4649999999999908E+000	-8.3940883640346520E-002
1.4699999999999906E+000	-8.2771719677710159E-002
1.4749999999999905E+000	-8.1590689324828838E-002
1.4799999999999904E+000	-8.0398136046867949E-002
1.4849999999999903E+000	-7.9194403691845078E-002
1.4899999999999902E+000	-7.7979830938021383E-002
1.4949999999999901E+000	-7.6754767542736219E-002
1.4999999999999900E+000	-7.5519557906272142E-002
1.5049999999999899E+000	-7.4274546397043797E-002
1.5099999999999898E+000	-7.3020077238264799E-002
1.5149999999999897E+000	-7.1756494245884830E-002
1.5199999999999896E+000	-7.0484140748916707E-002
1.5249999999999895E+000	-6.9203359639841505E-002
1.5299999999999894E+000	-6.7914208044644070E-002
1.5349999999999893E+000	-6.6617320704561639E-002
1.5399999999999892E+000	-6.5313034084766131E-002
1.5449999999999890E+000	-6.4001667251058880E-002
1.5499999999999889E+000	-6.2683578324533182E-002
1.5549999999999888E+000	-6.1359103277906960E-002
1.5599999999999887E+000	-6.0028577993685925E-002
1.5649999999999886E+000	-5.8690384652125664E-002
1.5699999999999885E+000	-5.7355598451055534E-002
1.5749999999999884E+000	-5.6009708432871785E-002
1.5799999999999883E+000	-5.4658282306838842E-002
1.5849999999999882E+000	-5.3302389038602835E-002
1.5899999999999881E+000	-5.1942422249926547E-002
1.5949999999999880E+000	-5.0578741927156383E-002
1.5999999999999879E+000	-4.9211666941202305E-002
1.6049999999999878E+000	-4.7841517777459312E-002
1.6099999999999877E+000	-4.6468605178267099E-002
1.6149999999999876E+000	-4.5093233845240235E-002
1.6199999999999875E+000	-4.3715715114177808E-002
1.6249999999999873E+000	-4.2336359301204551E-002
1.6299999999999872E+000	-4.0955472790192717E-002
1.6349999999999871E+000	-3.9573358757922707E-002
1.6399999999999870E+000	-3.8190317744827042E-002
1.6449999999999869E+000	-3.6806647837517623E-002
1.6499999999999868E+000	-3.5422644666511814E-002
1.6549999999999867E+000	-3.4038601346249787E-002
1.6599999999999866E+000	-3.2654808432109939E-002
1.6649999999999865E+000	-3.1271553818982278E-002
1.6699999999999864E+000	-2.9889122817362820E-002
1.6749999999999863E+000	-2.8501029245811327E-002
1.6799999999999862E+000	-2.7121349294285297E-002
1.6849999999999861E+000	-2.5747907891506546E-002
1.6899999999999860E+000	-2.4361885051235019E-002
1.6949999999999859E+000	-2.2992008854638587E-002
1.6999999999999857E+000	-2.1620974295317778E-002
1.7049999999999856E+000	-2.0252389930685667E-002
1.7099999999999855E+000	-1.8886789904796794E-002
1.7149999999999854E+000	-1.7524468342754260E-002
1.7199999999999853E+000	-1.6161895266676562E-002
1.7249999999999852E+000	-1.4810213766828159E-002
1.7299999999999851E+000	-1.3459524828032343E-002
1.7349999999999850E+000	-1.2112774217488249E-002
1.7399999999999849E+000	-1.0770447333545772E-002
1.7449999999999848E+000	-9.4328357667956813E-003
1.7499999999999847E+000	-8.1001921307124105E-003
1.7549999999999846E+000	-6.7727551216412874E-003
1.7599999999999845E+000	-5.4507512841523564E-003
1.7649999999999844E+000	-4.1344024452169299E-003
1.7699999999999843E+000	-2.8239265449216231E-003
1.7749999999999841E+000	-1.5195374210836255E-003
1.7799999999999840E+000	-2.2144539206731090E-004
1.7849999999999839E+000	1.0701372777755069E-003
1.7899999999999838E+000	2.3550229216654601E-003
1.7949999999999837E+000	3.6330017620011066E-003
1.7999999999999836E+000	4.9038779286330820E-003
1.8049999999999835E+000	6.1674584396749802E-003
1.8099999999999834E+000	7.4235525273781177E-003
1.8149999999999833E+000	8.6719719440910628E-003
1.8199999999999832E+000	9.9125325695416950E-003
1.8249999999999831E+000	1.1145053566520105E-002
1.8299999999999830E+000	1.2369357461312677E-002
1.8349999999999829E+000	1.3585270287403594E-002
1.8399999999999828E+000	1.4792621495501212E-002
1.8449999999999827E+000	1.5991243915521328E-002
1.8499999999999825E+000	1.7180973688633125E-002
1.8549999999999824E+000	1.8361650268682465E-002
1.8599999999999823E+000	1.9533116373511225E-002
1.8649999999999822E+000	2.0695217967153554E-002
1.8699999999999821E+000	2.1847804257155001E-002
1.8749999999999820E+000	2.2990727666403688E-002
1.8799999999999819E+000	2.4123843812280516E-002
1.8799999999999819E+000	2.4128529749265392E-002
1.8849999999999818E+000	2.5251052201046457E-002
1.8899999999999817E+000	2.6363516159284658E-002
1.8949999999999816E+000	2.7465867310006057E-002
1.8999999999999815E+000	2.8557959214108680E-002
1.9049999999999814E+000	2.9639633750503776E-002
1.9099999999999813E+000	3.0710744046188062E-002
1.9149999999999812E+000	3.1771088140381466E-002
1.9199999999999811E+000	3.2820585464178549E-002
1.9249999999999809E+000	3.3859133707394164E-002
1.9299999999999808E+000	3.4886616180548571E-002
1.9349999999999807E+000	3.5902920251682693E-002
1.9399999999999806E+000	3.6907936582655211E-002
1.9449999999999805E+000	3.7901546607116907E-002
1.9499999999999804E+000	3.8883658660297284E-002
1.9549999999999803E+000	3.9859085091345177E-002
1.9599999999999802E+000	4.0817689343204455E-002
1.9649999999999801E+000	4.1763983591237452E-002
1.9699999999999800E+000	4.2698497802476837E-002
1.9749999999999799E+000	4.3621188478224077E-002
1.9799999999999798E+000	4.4531929757818299E-002
1.9849999999999797E+000	4.5434125388044991E-002
1.9899999999999796E+000	4.6320825131557442E-002
1.9949999999999795E+000	4.7195191669639758E-002
1.9999999999999793E+000	4.8056672017881004E-002
2.0049999999999795E+000	4.8905468458496595E-002
2.0099999999999794E+000	4.9741965927085505E-002
2.0149999999999793E+000	5.0566045311562745E-002
2.0199999999999791E+000	5.1377574361876691E-002
2.0249999999999790E+000	5.2176442366702241E-002
2.0299999999999789E+000	5.2962558113330581E-002
2.0349999999999788E+000	5.3735843862082237E-002
2.0399999999999787E+000	5.4496230694888952E-002
2.0449999999999786E+000	5.5243655747375955E-002
2.0499999999999785E+000	5.5978060610151155E-002
2.0549999999999784E+000	5.6699390399358930E-002
2.0599999999999783E+000	5.7407593215137033E-002
2.0649999999999782E+000	5.8102619775812415E-002
2.0699999999999781E+000	5.8784423188360163E-002
2.0749999999999780E+000	5.9452958828365092E-002
2.0799999999999779E+000	6.0108184291879502E-002
2.0849999999999778E+000	6.0750059327588916E-002
2.0899999999999777E+000	6.1378545769825696E-002
2.0949999999999775E+000	6.1993607666026948E-002
2.0999999999999774E+000	6.2595211163026299E-002
2.1049999999999773E+000	6.3183324469271551E-002
2.1099999999999772E+000	6.3757917849965498E-002
2.1149999999999771E+000	6.4318963586378175E-002
2.1199999999999770E+000	6.4866436016073489E-002
2.1249999999999769E+000	6.5400311472708680E-002
2.1299999999999768E+000	6.5920568316988712E-002
2.1349999999999767E+000	6.6427186837390878E-002
2.1399999999999766E+000	6.6920078262630925E-002
2.1449999999999765E+000	6.7399298407007799E-002
2.1499999999999764E+000	6.7864833979070421E-002
2.1549999999999763E+000	6.8316673364741495E-002
2.1599999999999762E+000	6.8754806691917386E-002
2.1649999999999761E+000	6.9183844631064417E-002
2.1699999999999759E+000	6.9593422221029780E-002
2.1749999999999758E+000	6.9989452867306637E-002
2.1799999999999757E+000	7.0374078505424167E-002
2.1849999999999756E+000	7.0742606939078273E-002
2.1899999999999755E+000	7.1097460649925406E-002
2.1949999999999754E+000	7.1438860362856571E-002
2.1999999999999753E+000	7.1766738248311271E-002
2.2049999999999752E+000	7.2081034215638204E-002
2.2099999999999751E+000	7.2381711615295025E-002
2.2149999999999750E+000	7.2668752168327452E-002
2.2199999999999749E+000	7.2942150395784555E-002
2.2249999999999748E+000	7.3201909724655609E-002
2.2299999999999747E+000	7.3448038524566578E-002
2.2349999999999746E+000	7.3685209316443706E-002
2.2399999999999745E+000	7.3903483233692557E-002
2.2449999999999743E+000	7.4107984045055281E-002
2.2499999999999742E+000	7.4299164756759573E-002
2.2549999999999741E+000	7.4476980064834539E-002
2.2599999999999740E+000	7.4641389876565351E-002
2.2649999999999739E+000	7.4792378102972457E-002
2.2699999999999738E+000	7.4929947309230055E-002
2.2749999999999737E+000	7.5054112084926183E-002
2.2799999999999736E+000	7.5164894397578536E-002
2.2849999999999735E+000	7.5262321479076966E-002
2.2899999999999734E+000	7.5346424281715577E-002
2.2949999999999733E+000	7.5417236712554125E-002
2.2999999999999732E+000	7.5474794817178475E-002
2.3049999999999731E+000	7.5519137331256245E-002
2.3099999999999730E+000	7.5550304642933663E-002
2.3149999999999729E+000	7.5568339830119347E-002
2.3199999999999728E+000	7.5573287875199471E-002
2.3249999999999726E+000	7.5565195143712183E-002
2.3299999999999725E+000	7.5544109559290334E-002
2.3349999999999724E+000	7.5510080571856333E-002
2.3399999999999723E+000	7.5463159536808710E-002
2.3449999999999722E+000	7.5403400029561279E-002
2.3499999999999721E+000	7.5330857101805523E-002
2.3549999999999720E+000	7.5245587511739875E-002
2.3599999999999719E+000	7.5147649681176598E-002
2.3649999999999718E+000	7.5037103659541693E-002
2.3699999999999717E+000	7.4914011098896061E-002
2.3749999999999716E+000	7.4778434872390304E-002
2.3799999999999715E+000	7.4630439975546331E-002
2.3849999999999714E+000	7.4470093195779269E-002
2.3899999999999713E+000	7.4297462693512770E-002
2.3949999999999712E+000	7.4112618136602762E-002
2.3999999999999710E+000	7.3915630751814065E-002
2.4049999999999709E+000	7.3706573311799473E-002
2.4099999999999708E+000	7.3488736804505447E-002
2.4149999999999707E+000	7.3255084658235284E-002
2.4199999999999706E+000	7.3009552632985988E-002
2.4249999999999705E+000	7.2752447637099940E-002
2.4299999999999704E+000	7.2483811627774522E-002
2.4349999999999703E+000	7.2203677604760805E-002
2.4399999999999702E+000	7.1912094670221652E-002
2.4449999999999701E+000	7.1609126507107795E-002
2.4499999999999700E+000	7.1294842991379823E-002
2.4549999999999699E+000	7.0969338080023356E-002
2.4599999999999698E+000	7.0632676628575725E-002
2.4649999999999697E+000	7.0284947145552737E-002
2.4699999999999696E+000	6.9926240104760604E-002
2.4749999999999694E+000	6.9556646560970839E-002
2.4799999999999693E+000	6.9179198779578593E-002
2.4849999999999692E+000	6.8787864044838248E-002
2.4899999999999691E+000	6.8385746788405852E-002
2.4949999999999690E+000	6.7973241350082647E-002
2.4999999999999689E+000	6.7550425793903343E-002
2.5049999999999688E+000	6.7117365118232325E-002
2.5099999999999687E+000	6.6674137184739538E-002
2.5149999999999686E+000	6.6223991551612668E-002
2.5199999999999685E+000	6.5760274142715194E-002
2.5249999999999684E+000	6.5286693360288875E-002
2.5299999999999683E+000	6.4803468033822573E-002
2.5349999999999682E+000	6.4310670773510686E-002
2.5399999999999681E+000	6.3808377333579511E-002
2.5449999999999680E+000	6.3296674877330442E-002
2.5499999999999678E+000	6.2775662024994031E-002
2.5549999999999677E+000	6.2245445114542025E-002
2.5599999999999676E+000	6.1706135628848469E-002
2.5649999999999675E+000	6.1157846691683872E-002
2.5699999999999674E+000	6.0600695164639007E-002
2.5749999999999673E+000	6.0034798745702049E-002
2.5799999999999672E+000	5.9460276750308488E-002
2.5849999999999671E+000	5.8877249893958213E-002
2.5899999999999670E+000	5.8285840150228911E-002
2.5949999999999669E+000	5.7686170696183481E-002
2.5999999999999668E+000	5.7078365890400447E-002
2.6049999999999667E+000	5.6462551245347617E-002
2.6099999999999666E+000	5.5838853400044082E-002
2.6149999999999665E+000	5.5207400090534257E-002
2.6199999999999664E+000	5.4568320122396832E-002
2.6249999999999662E+000	5.3921743345104724E-002
2.6299999999999661E+000	5.3267800629251578E-002
2.6349999999999660E+000	5.2606623847132980E-002
2.6399999999999659E+000	5.1938345851366564E-002
2.6449999999999658E+000	5.1263100460550895E-002
2.6499999999999657E+000	5.0581022445003704E-002
2.6549999999999656E+000	4.9892247512738574E-002
2.6599999999999655E+000	4.9196912295741260E-002
2.6649999999999654E+000	4.8495154326702025E-002
2.6699999999999653E+000	4.7787111966106036E-002
2.6749999999999652E+000	4.7072924529161064E-002
2.6799999999999651E+000	4.6352732198439640E-002
2.6849999999999650E+000	4.5626676007427820E-002
2.6899999999999649E+000	4.4894897825603887E-002
2.6949999999999648E+000	4.4157540339131447E-002
2.6999999999999647E+000	4.3414835621554800E-002
2.7049999999999645E+000	4.2670078329315984E-002
2.7099999999999644E+000	4.1917547911664806E-002
2.7149999999999643E+000	4.1158637458500590E-002
2.7199999999999642E+000	4.0395058133662148E-002
2.7249999999999641E+000	3.9626874506335973E-002
2.7299999999999640E+000	3.8856109659189370E-002
2.7349999999999639E+000	3.8078358356827498E-002
2.7399999999999638E+000	3.7296887582778673E-002
2.7449999999999637E+000	3.6511383948986759E-002
2.7499999999999636E+000	3.5722007921841284E-002
2.7549999999999635E+000	3.4928889392727890E-002
2.7599999999999634E+000	3.4132168399238563E-002
2.7649999999999633E+000	3.3331983513623355E-002
2.7699999999999632E+000	3.2528466832068260E-002
2.7749999999999631E+000	3.1721774666485070E-002
2.7799999999999629E+000	3.0912057750209256E-002
2.7849999999999628E+000	3.0099455005162541E-002
2.7899999999999627E+000	2.9284096989637198E-002
2.7949999999999626E+000	2.8466169141937472E-002
2.7999999999999625E+000	2.7645821248299715E-002
2.8049999999999624E+000	2.6823209308097468E-002
2.8099999999999623E+000	2.5998488424796070E-002
2.8149999999999622E+000	2.5171812907842393E-002
2.8199999999999621E+000	2.4343337207221351E-002
2.8249999999999620E+000	2.3513217078762940E-002
2.8299999999999619E+000	2.2681608560143118E-002
2.8349999999999618E+000	2.1848667898073885E-002
2.8399999999999617E+000	2.1014551507397696E-002
2.8449999999999616E+000	2.0179415944212208E-002
2.8499999999999615E+000	1.9343417876920420E-002
2.8549999999999613E+000	1.8506714054204839E-002
2.8599999999999612E+000	1.7669461272846659E-002
2.8649999999999611E+000	1.6831816346338346E-002
2.8699999999999610E+000	1.5993936073870951E-002
2.8749999999999609E+000	1.5155977209337430E-002
2.8799999999999608E+000	1.4318096429991992E-002
2.8849999999999607E+000	1.3480450304787485E-002
2.8899999999999606E+000	1.2643195262406280E-002
2.8949999999999605E+000	1.1806487559002385E-002
2.8999999999999604E+000	1.0970483245604599E-002
2.9049999999999603E+000	1.0135338135381164E-002
2.9099999999999602E+000	9.3012077706652440E-003
2.9149999999999601E+000	8.4682473879188584E-003
2.9199999999999600E+000	7.6366118720084114E-003
2.9249999999999599E+000	6.8064557549617766E-003
2.9299999999999597E+000	5.9779331658677782E-003
2.9349999999999596E+000	5.1511977980966362E-003
2.9399999999999595E+000	4.3264028764893612E-003
2.9449999999999594E+000	3.5037011246630725E-003
2.9499999999999593E+000	2.6832447324096950E-003
2.9549999999999592E+000	1.8651853232203102E-003
2.9599999999999591E+000	1.0496739454085890E-003
2.9649999999999590E+000	2.3686089073810383E-004
2.9699999999999589E+000	-5.7310067836873672E-004
2.9749999999999588E+000	-1.3800651381225975E-003
2.9799999999999587E+000	-2.1838823810799504E-003
2.9849999999999586E+000	-2.9844063384883673E-003
2.9899999999999585E+000	-3.7814834325470411E-003
2.9949999999999584E+000	-4.5749767239279199E-003
2.9999999999999583E+000	-5.3647416752358630E-003
3.0049999999999581E+000	-6.1506324152372791E-003
3.0099999999999580E+000	-6.9325053974947509E-003
3.0149999999999579E+000	-7.7102183480653834E-003
3.0199999999999578E+000	-8.4836298524541415E-003
3.0249999999999577E+000	-9.2525994802921153E-003
3.0299999999999576E+000	-1.0016987849460016E-002
3.0349999999999575E+000	-1.0776656654082268E-002
3.0399999999999574E+000	-1.1531468711115428E-002
3.0449999999999573E+000	-1.2281287995665444E-002
3.0499999999999572E+000	-1.3025979671771616E-002
3.0549999999999571E+000	-1.3765410116802818E-002
3.0599999999999570E+000	-1.4499446964478460E-002
3.0649999999999569E+000	-1.5227959135963250E-002
3.0699999999999568E+000	-1.5950816859367351E-002
3.0749999999999567E+000	-1.6667891704183459E-002
3.0799999999999566E+000	-1.7379056612614314E-002
3.0849999999999564E+000	-1.8084185967634368E-002
3.0899999999999563E+000	-1.8780754088117746E-002
3.0949999999999562E+000	-1.9473274526146070E-002
3.0999999999999561E+000	-2.0161143767370424E-002
3.1049999999999560E+000	-2.0840900245327396E-002
3.1099999999999559E+000	-2.1513944892798696E-002
3.1149999999999558E+000	-2.2180223017747705E-002
3.1199999999999557E+000	-2.2839625217581577E-002
3.1249999999999556E+000	-2.3492038712515269E-002
3.1299999999999555E+000	-2.4137351563295689E-002
3.1349999999999554E+000	-2.4775453674080471E-002
3.1399999999999553E+000	-2.5406236962332990E-002
3.1449999999999552E+000	-2.6029595504702255E-002
3.1499999999999551E+000	-2.6641770644742272E-002
3.1549999999999550E+000	-2.7249345422261199E-002
3.1599999999999548E+000	-2.7849624383061631E-002
3.1649999999999547E+000	-2.8441967053486561E-002
3.1699999999999546E+000	-2.9028495298478597E-002
3.1749999999999545E+000	-2.9605266206939606E-002
3.1799999999999544E+000	-3.0172307241262953E-002
3.1849999999999543E+000	-3.0734654146029414E-002
3.1899999999999542E+000	-3.1287067350515584E-002
3.1949999999999541E+000	-3.1830811672107606E-002
3.1999999999999540E+000	-3.2366005804617667E-002
3.2049999999999539E+000	-3.2892612343545985E-002
3.2099999999999538E+000	-3.3410564693221824E-002
3.2149999999999537E+000	-3.3919790495108161E-002
3.2199999999999536E+000	-3.4420216774021628E-002
3.2249999999999535E+000	-3.4911771302047263E-002
3.2299999999999534E+000	-3.5394383002314678E-002
3.2349999999999532E+000	-3.5867982294393405E-002
3.2399999999999531E+000	-3.6332501232668471E-002
3.2449999999999530E+000	-3.6787873759578871E-002
3.2499999999999529E+000	-3.7234035810196242E-002
3.2549999999999528E+000	-3.7670925400848591E-002
3.2599999999999527E+000	-3.8098482717478351E-002
3.2649999999999526E+000	-3.8516650093426155E-002
3.2699999999999525E+000	-3.8925372134880662E-002
3.2749999999999524E+000	-3.9324595731414766E-002
3.2799999999999523E+000	-3.9714270010528518E-002
3.2849999999999522E+000	-4.0094346471712033E-002
3.2899999999999521E+000	-4.0464778902673353E-002
3.2949999999999520E+000	-4.0825523389930285E-002
3.2999999999999519E+000	-4.1176538347458345E-002
3.3049999999999518E+000	-4.1517784515767354E-002
3.3099999999999516E+000	-4.1849224933684877E-002
3.3149999999999515E+000	-4.2170825030912233E-002
3.3199999999999514E+000	-4.2482552541200216E-002
3.3249999999999513E+000	-4.2784377528065493E-002
3.3299999999999512E+000	-4.3076272334334087E-002
3.3349999999999511E+000	-4.3358211571372866E-002
3.3399999999999510E+000	-4.3630172132560686E-002
3.3449999999999509E+000	-4.3892133206292969E-002
3.3499999999999508E+000	-4.4144076309483561E-002
3.3549999999999507E+000	-4.4385985313826544E-002
3.3599999999999506E+000	-4.4617846452882214E-002
3.3649999999999505E+000	-4.4839648328778757E-002
3.3699999999999504E+000	-4.5051381875316494E-002
3.3749999999999503E+000	-4.5253040373883009E-002
3.3799999999999502E+000	-4.5444619439023851E-002
3.3849999999999500E+000	-4.5626117047923416E-002
3.3899999999999499E+000	-4.5797533529759876E-002
3.3949999999999498E+000	-4.5958871510558490E-002
3.3999999999999497E+000	-4.6110135929358545E-002
3.4049999999999496E+000	-4.6251334012571366E-002
3.4099999999999495E+000	-4.6382475281201103E-002
3.4149999999999494E+000	-4.6503571510988113E-002
3.4199999999999493E+000	-4.6614636767704422E-002
3.4249999999999492E+000	-4.6715687418700247E-002
3.4299999999999491E+000	-4.6806742060582940E-002
3.4349999999999490E+000	-4.6887821470911341E-002
3.4399999999999489E+000	-4.6958948541446374E-002
3.4449999999999488E+000	-4.7020148404825581E-002
3.4499999999999487E+000	-4.7071448823409745E-002
3.4549999999999486E+000	-4.7112879894183175E-002
3.4599999999999485E+000	-4.7144474173218084E-002
3.4649999999999483E+000	-4.7166266109109359E-002
3.4699999999999482E+000	-4.7178291778520051E-002
3.4749999999999481E+000	-4.7180589171127468E-002
3.4799999999999480E+000	-4.7173198298390888E-002
3.4849999999999479E+000	-4.7156161488014076E-002
3.4899999999999478E+000	-4.7129522211390787E-002
3.4949999999999477E+000	-4.7093326397063866E-002
3.4999999999999476E+000	-4.7047622577805266E-002
3.5049999999999475E+000	-4.6992461317731139E-002
3.5099999999999474E+000	-4.6927894994555575E-002
3.5149999999999473E+000	-4.6853977914624895E-002
3.5199999999999472E+000	-4.6770766267732848E-002
3.5249999999999471E+000	-4.6678318123397775E-002
3.5299999999999470E+000	-4.6576693429976938E-002
3.5349999999999469E+000	-4.6465953987142268E-002
3.5399999999999467E+000	-4.6346163411672414E-002
3.5449999999999466E+000	-4.6217387114800945E-002
3.5499999999999465E+000	-4.6079692266170827E-002
3.5549999999999464E+000	-4.5933147774967792E-002
3.5599999999999463E+000	-4.5777824264063995E-002
3.5649999999999462E+000	-4.5613794035340799E-002
3.5699999999999461E+000	-4.5441131041510159E-002
3.5749999999999460E+000	-4.5259910855512148E-002
3.5799999999999459E+000	-4.5070210639869698E-002
3.5849999999999458E+000	-4.4872109115975563E-002
3.5899999999999457E+000	-4.4665686532911385E-002
3.5949999999999456E+000	-4.4451024636129925E-002
3.5999999999999455E+000	-4.4228206635824406E-002
3.6049999999999454E+000	-4.3997317175077433E-002
3.6099999999999453E+000	-4.3758442297769769E-002
3.6149999999999451E+000	-4.3511669416336121E-002
3.6199999999999450E+000	-4.3257087279395597E-002
3.6249999999999449E+000	-4.2994785939293075E-002
3.6299999999999448E+000	-4.2724856719530170E-002
3.6349999999999447E+000	-4.2447392182175442E-002
3.6399999999999446E+000	-4.2162486095201859E-002
3.6449999999999445E+000	-4.1870233399827129E-002
3.6499999999999444E+000	-4.1570730177819634E-002
3.6549999999999443E+000	-4.1264073618843169E-002
3.6599999999999442E+000	-4.0950361987809811E-002
3.6649999999999441E+000	-4.0629694592272600E-002
3.6699999999999440E+000	-4.0302171749880891E-002
3.6749999999999439E+000	-3.9967894765243601E-002
3.6799999999999438E+000	-3.9626965882645415E-002
3.6849999999999437E+000	-3.9279488242122663E-002
3.6899999999999435E+000	-3.8925565881384148E-002
3.6949999999999434E+000	-3.8565303683619712E-002
3.6999999999999433E+000	-3.8198807346971911E-002
3.7049999999999432E+000	-3.7826183353938024E-002
3.7099999999999431E+000	-3.7447538940026288E-002
3.7149999999999430E+000	-3.7062982200102845E-002
3.7199999999999429E+000	-3.6672621671158055E-002
3.7249999999999428E+000	-3.6276566637249770E-002
3.7299999999999427E+000	-3.5874927022143045E-002
3.7349999999999426E+000	-3.5467813348593807E-002
3.7399999999999425E+000	-3.5055336707831709E-002
3.7449999999999424E+000	-3.4637608728960836E-002
3.7499999999999423E+000	-3.4214741544603106E-002
3.7549999999999422E+000	-3.3786847760191634E-002
3.7599999999999421E+000	-3.3354040423931960E-002
3.7649999999999419E+000	-3.2916432997373971E-002
3.7699999999999418E+000	-3.2474139322009730E-002
3.7749999999999417E+000	-3.2027273593886005E-002
3.7799999999999416E+000	-3.1575950334281122E-002
3.7849999999999415E+000	-3.1120284357430531E-002
3.7899999999999414E+000	-3.0660390741444343E-002
3.7949999999999413E+000	-3.0196384799881078E-002
3.7999999999999412E+000	-2.9728382053015898E-002
3.8049999999999411E+000	-2.9256498199088848E-002
3.8099999999999410E+000	-2.8776069960101760E-002
3.8149999999999409E+000	-2.8299665200095223E-002
3.8199999999999408E+000	-2.7817072642755604E-002
3.8249999999999407E+000	-2.7328192181752597E-002
3.8299999999999406E+000	-2.6841512311980242E-002
3.8349999999999405E+000	-2.6349071846043168E-002
3.8399999999999403E+000	-2.5849389046651083E-002
3.8449999999999402E+000	-2.5353418538417917E-002
3.8499999999999401E+000	-2.4851862372220195E-002
3.8549999999999400E+000	-2.4347413018620173E-002
3.8599999999999399E+000	-2.3840373806760965E-002
3.8649999999999398E+000	-2.3330876880136665E-002
3.8699999999999397E+000	-2.2819034017857943E-002
3.8749999999999396E+000	-2.2304955056803379E-002
3.8799999999999395E+000	-2.1788750574006858E-002
3.8849999999999394E+000	-2.1270532039130419E-002
3.8899999999999393E+000	-2.0750411499070108E-002
3.8949999999999392E+000	-2.0228501294597603E-002
3.8999999999999391E+000	-1.9704913866042704E-002
3.9049999999999390E+000	-1.9179761612142802E-002
3.9099999999999389E+000	-1.8653156781132274E-002
3.9149999999999388E+000	-1.8125211388283855E-002
3.9199999999999386E+000	-1.7594724857302811E-002
3.9199999999999386E+000	-1.7597122173911389E-002
3.9249999999999385E+000	-1.7066794952360711E-002
3.9299999999999384E+000	-1.6535360131328201E-002
3.9349999999999383E+000	-1.6003057460063662E-002
3.9399999999999382E+000	-1.5469994120920627E-002
3.9449999999999381E+000	-1.4936273438976676E-002
3.9499999999999380E+000	-1.4402000678817650E-002
3.9549999999999379E+000	-1.3867281830285148E-002
3.9599999999999378E+000	-1.3332222783814015E-002
3.9649999999999377E+000	-1.2796929129570197E-002
3.9699999999999376E+000	-1.2261506145676273E-002
3.9749999999999375E+000	-1.1726058786260908E-002
3.9799999999999374E+000	-1.1190691633446751E-002
3.9849999999999373E+000	-1.0655508821222664E-002
3.9899999999999372E+000	-1.0120613962678519E-002
3.9949999999999370E+000	-9.5861100922676936E-003
3.9999999999999369E+000	-9.0520996209492600E-003
4.0049999999999368E+000	-8.5186842998459505E-003
4.0099999999999367E+000	-7.9859651891326447E-003
4.0149999999999366E+000	-7.4540426305493316E-003
4.0199999999999365E+000	-6.9230180842097463E-003
4.0249999999999364E+000	-6.3929888004272441E-003
4.0299999999999363E+000	-5.8640521897243263E-003
4.0349999999999362E+000	-5.3363056358327601E-003
4.0399999999999361E+000	-4.8098456424770647E-003
4.0449999999999360E+000	-4.2847678214270766E-003
4.0499999999999359E+000	-3.7611669167810827E-003
4.0549999999999358E+000	-3.2391368010628806E-003
4.0599999999999357E+000	-2.7187704642040208E-003
4.0649999999999356E+000	-2.2001593889308352E-003
4.0699999999999354E+000	-1.6833952365912057E-003
4.0749999999999353E+000	-1.1685683518540958E-003
4.0799999999999352E+000	-6.5576808184640339E-004
4.0849999999999351E+000	-1.4508423379622874E-004
4.0899999999999350E+000	3.6339367446852497E-004
4.0949999999999349E+000	8.6958512409508802E-004
4.0999999999999348E+000	1.3734011849375935E-003
4.1049999999999347E+000	1.8747581999275236E-003
4.1099999999999346E+000	2.3735732874248169E-003
4.1149999999999345E+000	2.8697639077349519E-003
4.1199999999999344E+000	3.3632482105928336E-003
4.1249999999999343E+000	3.8539451660878944E-003
4.1299999999999342E+000	4.3417752281594809E-003
4.1349999999999341E+000	4.8266598512737083E-003
4.1399999999999340E+000	5.3085213751206091E-003
4.1449999999999338E+000	5.7872835197670912E-003
4.1499999999999337E+000	6.2628709830882482E-003
4.1549999999999336E+000	6.7352094644009975E-003
4.1599999999999335E+000	7.2042257283867813E-003
4.1649999999999334E+000	7.6698475930423822E-003
4.1699999999999333E+000	8.1320039260989394E-003
4.1749999999999332E+000	8.5906246496481060E-003
4.1799999999999331E+000	9.0456407474905510E-003
4.1849999999999330E+000	9.4969842760488071E-003
4.1899999999999329E+000	9.9445883729488479E-003
4.1949999999999328E+000	1.0388387251017218E-002
4.1999999999999327E+000	1.0828316210041879E-002
4.2049999999999326E+000	1.1264311640049303E-002
4.2099999999999325E+000	1.1696311023732834E-002
4.2149999999999324E+000	1.2124252939528150E-002
4.2199999999999322E+000	1.2548077063638080E-002
4.2249999999999321E+000	1.2967724171234906E-002
4.2299999999999320E+000	1.3383136139015664E-002
4.2349999999999319E+000	1.3794255944840437E-002
4.2399999999999318E+000	1.4201027670625770E-002
4.2449999999999317E+000	1.4603396502607228E-002
4.2499999999999316E+000	1.5001308734258012E-002
4.2549999999999315E+000	1.5394711765250760E-002
4.2599999999999314E+000	1.5783554102209933E-002
4.2649999999999313E+000	1.6167785360224833E-002
4.2699999999999312E+000	1.6547356262958775E-002
4.2749999999999311E+000	1.6922218642812754E-002
4.2799999999999310E+000	1.7292325437471660E-002
4.2849999999999309E+000	1.7657630692254161E-002
4.2899999999999308E+000	1.8018089559067835E-002
4.2949999999999307E+000	1.8373658297326532E-002
4.2999999999999305E+000	1.8724294270813183E-002
4.3049999999999304E+000	1.9069955950626691E-002
4.3099999999999303E+000	1.9410602899857087E-002
4.3149999999999302E+000	1.9746195756094567E-002
4.3199999999999301E+000	2.0076696238932060E-002
4.3249999999999300E+000	2.0402067145433429E-002
4.3299999999999299E+000	2.0722272374075219E-002
4.3349999999999298E+000	2.1037276912126878E-002
4.3399999999999297E+000	2.1347046849499028E-002
4.3449999999999296E+000	2.1651549362210407E-002
4.3499999999999295E+000	2.1950752711145875E-002
4.3549999999999294E+000	2.2244626245717231E-002
4.3599999999999293E+000	2.2533140403762395E-002
4.3649999999999292E+000	2.2816266699582703E-002
4.3699999999999291E+000	2.3093977719956253E-002
4.3749999999999289E+000	2.3366247130746146E-002
4.3799999999999288E+000	2.3633049632254422E-002
4.3849999999999287E+000	2.3894361056879376E-002
4.3899999999999286E+000	2.4150158300528489E-002
4.3949999999999285E+000	2.4400419312787160E-002
4.3999999999999284E+000	2.4645123099043383E-002
4.4049999999999283E+000	2.4884249721220480E-002
4.4099999999999282E+000	2.5117780293676083E-002
4.4149999999999281E+000	2.5345696981409881E-002
4.4199999999999280E+000	2.5567983000412391E-002
4.4249999999999279E+000	2.5784622607449886E-002
4.4299999999999278E+000	2.5995601100308872E-002
4.4349999999999277E+000	2.6200904809776191E-002
4.4399999999999276E+000	2.6400521095575065E-002
4.4449999999999275E+000	2.6594438343499449E-002
4.4499999999999273E+000	2.6782645982398563E-002
4.4549999999999272E+000	2.6965134487688648E-002
4.4599999999999271E+000	2.7141895293961577E-002
4.4649999999999270E+000	2.7312920847913699E-002
4.4699999999999269E+000	2.7478204604392691E-002
4.4749999999999268E+000	2.7637741018948052E-002
4.4799999999999267E+000	2.7791525676775813E-002
4.4849999999999266E+000	2.7939554860886350E-002
4.4899999999999265E+000	2.8081825956895325E-002
4.4949999999999264E+000	2.8218337359362754E-002
4.4999999999999263E+000	2.8349088430686026E-002
4.5049999999999262E+000	2.8474079480380544E-002
4.5099999999999261E+000	2.8593311774337358E-002
4.5149999999999260E+000	2.8706787547301150E-002
4.5199999999999259E+000	2.8814509981632128E-002
4.5249999999999257E+000	2.8916483211634036E-002
4.5299999999999256E+000	2.9012712338842873E-002
4.5349999999999255E+000	2.9103203417321977E-002
4.5399999999999254E+000	2.9187963445582586E-002
4.5449999999999253E+000	2.9267000344951652E-002
4.5499999999999252E+000	2.9340322952708425E-002
4.5549999999999251E+000	2.9407941035160867E-002
4.5599999999999250E+000	2.9469865291622665E-002
4.5649999999999249E+000	2.9526107332371935E-002
4.5699999999999248E+000	2.9576679724802508E-002
4.5749999999999247E+000	2.9621595927912941E-002
4.5799999999999246E+000	2.9660870369141099E-002
4.5849999999999245E+000	2.9694518353828112E-002
4.5899999999999244E+000	2.9722556063778334E-002
4.5949999999999243E+000	2.9745000617454821E-002
4.5999999999999241E+000	2.9761870374609447E-002
4.6049999999999240E+000	2.9773184514916874E-002
4.6099999999999239E+000	2.9778962618276169E-002
4.6149999999999238E+000	2.9779225105678927E-002
4.6199999999999237E+000	2.9773993250795584E-002
4.6249999999999236E+000	2.9763289272001590E-002
4.6299999999999235E+000	2.9747136289875842E-002
4.6349999999999234E+000	2.9725558130624608E-002
4.6399999999999233E+000	2.9698579389119847E-002
4.6449999999999232E+000	2.9666225558013154E-002
4.6499999999999231E+000	2.9628522975687303E-002
4.6549999999999230E+000	2.9585498916850968E-002
4.6599999999999229E+000	2.9537181070683014E-002
4.6649999999999228E+000	2.9483598298831754E-002
4.6699999999999227E+000	2.9424780158485667E-002
4.6749999999999226E+000	2.9360756965286935E-002
4.6799999999999224E+000	2.9291559811102680E-002
4.6849999999999223E+000	2.9217220559287872E-002
4.6899999999999222E+000	2.9137771837651073E-002
4.6949999999999221E+000	2.9053247032691486E-002
4.6999999999999220E+000	2.8963680279578647E-002
4.7049999999999219E+000	2.8869106597797314E-002
4.7099999999999218E+000	2.8769561318800797E-002
4.7149999999999217E+000	2.8665080909178641E-002
4.7199999999999216E+000	2.8555702453499077E-002
4.7249999999999215E+000	2.8441463725358562E-002
4.7299999999999214E+000	2.8322403204030611E-002
4.7349999999999213E+000	2.8198560068388105E-002
4.7399999999999212E+000	2.8069974189289425E-002
4.7449999999999211E+000	2.7936686121021761E-002
4.7499999999999210E+000	2.7798737093003706E-002
4.7549999999999208E+000	2.7656169001908187E-002
4.7599999999999207E+000	2.7509024403753454E-002
4.7649999999999206E+000	2.7357346505866673E-002
4.7699999999999205E+000	2.7201179158763075E-002
4.7749999999999204E+000	2.7040567004814744E-002
4.7799999999999203E+000	2.6875554842533591E-002
4.7849999999999202E+000	2.6706188543515898E-002
4.7899999999999201E+000	2.6532514472929220E-002
4.7949999999999200E+000	2.6354579558866192E-002
4.7999999999999199E+000	2.6172431272655658E-002
4.8049999999999198E+000	2.5986117727869879E-002
4.8099999999999197E+000	2.5795687614411894E-002
4.8149999999999196E+000	2.5601190189432126E-002
4.8199999999999195E+000	2.5402675268100420E-002
4.8249999999999194E+000	2.5200193214685161E-002
4.8299999999999192E+000	2.4993794933647322E-002
4.8349999999999191E+000	2.4783531860565235E-002
4.8399999999999190E+000	2.4569455952978436E-002
4.8449999999999189E+000	2.4351619681165504E-002
4.8499999999999188E+000	2.4130076018842705E-002
4.8549999999999187E+000	2.3904878433835069E-002
4.8599999999999186E+000	2.3676080878610437E-002
4.8649999999999185E+000	2.3443737780774399E-002
4.8699999999999184E+000	2.3207904033491569E-002
4.8749999999999183E+000	2.2968634985807965E-002
4.8799999999999182E+000	2.2725986432925518E-002
4.8849999999999181E+000	2.2480014606388134E-002
4.8899999999999180E+000	2.2230776164198534E-002
4.8949999999999179E+000	2.1978328180847446E-002
4.8999999999999178E+000	2.1722728137299169E-002
4.9049999999999176E+000	2.1464033844666382E-002
4.9099999999999175E+000	2.1202303646606236E-002
4.9149999999999174E+000	2.0937596178295475E-002
4.9199999999999173E+000	2.0669970437494158E-002
4.9249999999999172E+000	2.0399485782884648E-002
4.9299999999999171E+000	2.0126201919452739E-002
4.9349999999999170E+000	1.9850178886620391E-002
4.9399999999999169E+000	1.9571477047493895E-002
4.9449999999999168E+000	1.9290157078161743E-002
4.9499999999999167E+000	1.9006279957004862E-002
4.9549999999999166E+000	1.8719906953915878E-002
4.9599999999999165E+000	1.8431099619456819E-002
4.9649999999999164E+000	1.8139919773962312E-002
4.9699999999999163E+000	1.7846429496543508E-002
4.9749999999999162E+000	1.7550691114003907E-002
4.9799999999999160E+000	1.7252767190005538E-002
4.9849999999999159E+000	1.6952720513734622E-002
4.9899999999999158E+000	1.6650614088778229E-002
4.9949999999999157E+000	1.6346511121911263E-002
4.9999999999999156E+000	1.6040475011798561E-002
5.0049999999999155E+000	1.5732569337677846E-002
5.0099999999999154E+000	1.5422857847949006E-002
5.0149999999999153E+000	1.5111404448786371E-002
5.0199999999999152E+000	1.4798273192626589E-002
5.0249999999999151E+000	1.4483528266701282E-002
5.0299999999999150E+000	1.4167233981479404E-002
5.0349999999999149E+000	1.3849454759082240E-002
5.0399999999999148E+000	1.3530255121667691E-002
5.0449999999999147E+000	1.3209699679796722E-002
5.0499999999999146E+000	1.2887853120751724E-002
5.0549999999999145E+000	1.2564780196829944E-002
5.0599999999999143E+000	1.2240545713604866E-002
5.0649999999999142E+000	1.1915214518190347E-002
5.0699999999999141E+000	1.1588851487450981E-002
5.0749999999999140E+000	1.1261521516214339E-002
5.0799999999999139E+000	1.0933289505454772E-002
5.0849999999999138E+000	1.0604220350464939E-002
5.0899999999999137E+000	1.0274378929017242E-002
5.0949999999999136E+000	9.9438300895241059E-003
5.0999999999999135E+000	9.6126386391653350E-003
5.1049999999999134E+000	9.2808693320352836E-003
5.1099999999999133E+000	8.9485868572781336E-003
5.1149999999999132E+000	8.6158558262177092E-003
5.1199999999999131E+000	8.2827407609024142E-003
5.1249999999999130E+000	7.9493060844373960E-003
5.1299999999999129E+000	7.6156161075540026E-003
5.1349999999999127E+000	7.2817350167664833E-003
5.1399999999999126E+000	6.9477268625398117E-003
5.1449999999999125E+000	6.6136555474710602E-003
5.1499999999999124E+000	6.2795848144935797E-003
5.1549999999999123E+000	5.9455782351029744E-003
5.1599999999999122E+000	5.6116991975921036E-003
5.1649999999999121E+000	5.2780108953288845E-003
5.1699999999999120E+000	4.9445763150493963E-003
5.1749999999999119E+000	4.6114582251976137E-003
5.1799999999999118E+000	4.2787191642769560E-003
5.1849999999999117E+000	3.9464214292526268E-003
5.1899999999999116E+000	3.6146270639946642E-003
5.1949999999999115E+000	3.2833978477522377E-003
5.1999999999999114E+000	2.9527952836770214E-003
5.2049999999999113E+000	2.6228805873957485E-003
5.2099999999999111E+000	2.2937146756276798E-003
5.2149999999999110E+000	1.9653581548660687E-003
5.2199999999999109E+000	1.6378713100971291E-003
5.2249999999999108E+000	1.3113140845746338E-003
5.2299999999999107E+000	9.8574607311792341E-004
5.2349999999999106E+000	6.6122658622730856E-004
5.2399999999999105E+000	3.3781455327709485E-004
5.2449999999999104E+000	1.5568935126894343E-005
5.2499999999999103E+000	-3.0544881866801467E-004
5.2549999999999102E+000	-6.2518080990860809E-004
5.2599999999999101E+000	-9.4357159357598256E-004
5.2649999999999100E+000	-1.2605662364139300E-003
5.2699999999999099E+000	-1.5761067164618519E-003
5.2749999999999098E+000	-1.8901401656636833E-003
5.2799999999999097E+000	-2.2026106226712104E-003
5.2849999999999095E+000	-2.5134624125893049E-003
5.2899999999999094E+000	-2.8226406690557205E-003
5.2949999999999093E+000	-3.1300911602656365E-003
5.2999999999999092E+000	-3.4357601864229452E-003
5.3049999999999091E+000	-3.7395945614670241E-003
5.3099999999999090E+000	-4.0415416196262635E-003
5.3149999999999089E+000	-4.3415492221133565E-003
5.3199999999999088E+000	-4.6395657624738670E-003
5.3249999999999087E+000	-4.9355401757863720E-003
5.3299999999999086E+000	-5.2294219467278122E-003
5.3349999999999085E+000	-5.5211611177353129E-003
5.3399999999999084E+000	-5.8107082989701424E-003
5.3449999999999083E+000	-6.0980148270637115E-003
5.3499999999999082E+000	-6.3830325588722543E-003
5.3549999999999081E+000	-6.6657131085619114E-003
5.3599999999999079E+000	-6.9460093709930006E-003
5.3649999999999078E+000	-7.2238754125796478E-003
5.3699999999999077E+000	-7.4992655857459437E-003
5.3749999999999076E+000	-7.7721347002424239E-003
5.3799999999999075E+000	-8.0424382122401862E-003
5.3849999999999074E+000	-8.3101322290143002E-003
5.3899999999999073E+000	-8.5751735088390943E-003
5.3949999999999072E+000	-8.8375194731287170E-003
5.3999999999999071E+000	-9.0971282159777178E-003
5.4049999999999070E+000	-9.3539585097655066E-003
5.4099999999999069E+000	-9.6079698106840954E-003
5.4149999999999068E+000	-9.8591222652350471E-003
5.4199999999999067E+000	-1.0107376716567557E-002
5.4249999999999066E+000	-1.0352694710576517E-002
5.4299999999999065E+000	-1.0595038503984818E-002
5.4349999999999064E+000	-1.0834371068858534E-002
5.4399999999999062E+000	-1.1070656097358035E-002
5.4449999999999061E+000	-1.1303858007078787E-002
5.4499999999999060E+000	-1.1533941948283694E-002
5.4549999999999059E+000	-1.1760873810321534E-002
5.4599999999999058E+000	-1.1984620225716905E-002
5.4649999999999057E+000	-1.2205148576801233E-002
5.4699999999999056E+000	-1.2422426978025208E-002
5.4749999999999055E+000	-1.2636424288433170E-002
5.4799999999999054E+000	-1.2847110135658294E-002
5.4849999999999053E+000	-1.3054454916577011E-002
5.4899999999999052E+000	-1.3258429803567421E-002
5.4949999999999051E+000	-1.3459006750731228E-002
5.4999999999999050E+000	-1.3656158498626140E-002
5.5049999999999049E+000	-1.3849858572652821E-002
5.5099999999999048E+000	-1.4040081286643448E-002
5.5149999999999046E+000	-1.4226801749817695E-002
5.5199999999999045E+000	-1.4409995869981367E-002
5.5249999999999044E+000	-1.4589640353850544E-002
5.5299999999999043E+000	-1.4765712709392977E-002
5.5349999999999042E+000	-1.4938191242738565E-002
5.5399999999999041E+000	-1.5107055068329000E-002
5.5449999999999040E+000	-1.5272284113698990E-002
5.5499999999999039E+000	-1.5433859120287961E-002
5.5549999999999038E+000	-1.5591761643975237E-002
5.5599999999999037E+000	-1.5745974530521741E-002
5.5649999999999036E+000	-1.5896480489534216E-002
5.5699999999999035E+000	-1.6043263497535636E-002
5.5749999999999034E+000	-1.6186308400658735E-002
5.5799999999999033E+000	-1.6325600853088575E-002
5.5849999999999032E+000	-1.6461127320051009E-002
5.5899999999999030E+000	-1.6592875088685351E-002
5.5949999999999029E+000	-1.6720832266858176E-002
5.5999999999999028E+000	-1.6844987325862124E-002
5.6049999999999027E+000	-1.6965330475130082E-002
5.6099999999999026E+000	-1.7081852311196046E-002
5.6149999999999025E+000	-1.7194544198391896E-002
5.6199999999999024E+000	-1.7303398319553912E-002
5.6249999999999023E+000	-1.7408407677217203E-002
5.6299999999999022E+000	-1.7509566080379669E-002
5.6349999999999021E+000	-1.7606868150187860E-002
5.6399999999999020E+000	-1.7700309801155535E-002
5.6449999999999019E+000	-1.7789886788952089E-002
5.6499999999999018E+000	-1.7875596142006178E-002
5.6549999999999017E+000	-1.7957435751893697E-002
5.6599999999999016E+000	-1.8035404307682648E-002
5.6649999999999014E+000	-1.8109500822064303E-002
5.6699999999999013E+000	-1.8179726059707451E-002
5.6749999999999012E+000	-1.8246081148456689E-002
5.6799999999999011E+000	-1.8308567953356749E-002
5.6849999999999010E+000	-1.8367189145035597E-002
5.6899999999999009E+000	-1.8421948198914070E-002
5.6949999999999008E+000	-1.8472849384033679E-002
5.6999999999999007E+000	-1.8519877580972097E-002
5.7049999999999006E+000	-1.8563058478084638E-002
5.7099999999999005E+000	-1.8602399384358370E-002
5.7149999999999004E+000	-1.8637907741105145E-002
5.7199999999999003E+000	-1.8669591726448120E-002
5.7249999999999002E+000	-1.8697460292266061E-002
5.7299999999999001E+000	-1.8721523130656351E-002
5.7349999999999000E+000	-1.8741790731148979E-002
5.7399999999998998E+000	-1.8758274321350042E-002
5.7449999999998997E+000	-1.8770985827291396E-002
5.7499999999998996E+000	-1.8779937795048392E-002
5.7549999999998995E+000	-1.8785143523155693E-002
5.7599999999998994E+000	-1.8786617016967638E-002
5.7649999999998993E+000	-1.8784373055061920E-002
5.7699999999998992E+000	-1.8778427268781980E-002
5.7749999999998991E+000	-1.8768795981777022E-002
5.7799999999998990E+000	-1.8755496146281064E-002
5.7849999999998989E+000	-1.8738545504802757E-002
5.7899999999998988E+000	-1.8717962356033589E-002
5.7949999999998987E+000	-1.8693765666150414E-002
5.7999999999998986E+000	-1.8665975080630209E-002
5.8049999999998985E+000	-1.8634610900488166E-002
5.8099999999998984E+000	-1.8599694087272016E-002
5.8149999999998983E+000	-1.8561246251433978E-002
5.8199999999998981E+000	-1.8519289650953140E-002
5.8249999999998980E+000	-1.8473847179957412E-002
5.8299999999998979E+000	-1.8424942357498236E-002
5.8349999999998978E+000	-1.8372600996086039E-002
5.8399999999998977E+000	-1.8316848815587608E-002
5.8449999999998976E+000	-1.8257708453986485E-002
5.8499999999998975E+000	-1.8195206377601952E-002
5.8549999999998974E+000	-1.8129370745888031E-002
5.8599999999998973E+000	-1.8060226495299585E-002
5.8649999999998972E+000	-1.7987800999298992E-002
5.8699999999998971E+000	-1.7912122438489150E-002
5.8749999999998970E+000	-1.7833219623432321E-002
5.8799999999998969E+000	-1.7751121885540271E-002
5.8849999999998968E+000	-1.7665859067250798E-002
5.8899999999998967E+000	-1.7577461536439670E-002
5.8949999999998965E+000	-1.7485960183716367E-002
5.8999999999998964E+000	-1.7391386409014106E-002
5.9049999999998963E+000	-1.7293772108973933E-002
5.9099999999998962E+000	-1.7193149666947249E-002
5.9149999999998961E+000	-1.7089551943690790E-002
5.9199999999998960E+000	-1.6983012267775544E-002
5.9249999999998959E+000	-1.6873564425706075E-002
5.9299999999998958E+000	-1.6761242651910049E-002
5.9349999999998957E+000	-1.6646081618862444E-002
5.9399999999998956E+000	-1.6528116427113108E-002
5.9449999999998955E+000	-1.6407382595253667E-002
5.9499999999998954E+000	-1.6283916049874503E-002
5.9549999999998953E+000	-1.6157753115518581E-002
5.9599999999998952E+000	-1.6028930504616908E-002
5.9649999999998951E+000	-1.5897485307396753E-002
5.9699999999998949E+000	-1.5763454981781267E-002
5.9749999999998948E+000	-1.5626877343288142E-002
5.9799999999998947E+000	-1.5487790554898023E-002
5.9849999999998946E+000	-1.5346233116914808E-002
5.9899999999998945E+000	-1.5202243856847758E-002
5.9949999999998944E+000	-1.5055861919256164E-002
5.9999999999998943E+000	-1.4907126755602599E-002
6.0049999999998942E+000	-1.4756078114101069E-002
6.0099999999998941E+000	-1.4602756029568080E-002
6.0149999999998940E+000	-1.4447200813264543E-002
6.0199999999998939E+000	-1.4289453042757675E-002
6.0249999999998938E+000	-1.4129553551745860E-002
6.0299999999998937E+000	-1.3967543419956227E-002
6.0349999999998936E+000	-1.3803463962981464E-002
6.0399999999998935E+000	-1.3637356722173841E-002
6.0449999999998933E+000	-1.3469263454530421E-002
6.0499999999998932E+000	-1.3299226122597410E-002

 
