Grouping:(0, 0) J686
# x 	 y
0.0000000000000000E+000	-3.3223838200575506E-002
5.0000000000000001E-003	-3.3224336431807111E-002
1.0000000000000000E-002	-3.3213193126198304E-002
1.4999999999999999E-002	-3.3191932684871306E-002
2.0000000000000000E-002	-3.3160414289891915E-002
2.5000000000000001E-002	-3.3118807413978435E-002
3.0000000000000002E-002	-3.3067319955598640E-002
3.5000000000000003E-002	-3.3006172943674361E-002
4.0000000000000001E-002	-3.2935595840484333E-002
4.4999999999999998E-002	-3.2855824377864162E-002
4.9999999999999996E-002	-3.2767098826454566E-002
5.4999999999999993E-002	-3.2669660768187225E-002
5.9999999999999991E-002	-3.2563752480425978E-002
6.4999999999999988E-002	-3.2449616072646847E-002
6.9999999999999993E-002	-3.2327552918055669E-002
7.4999999999999997E-002	-3.2197295044635421E-002
8.0000000000000002E-002	-3.2059735125487765E-002
8.5000000000000006E-002	-3.1914929987345797E-002
9.0000000000000011E-002	-3.1763078224868235E-002
9.5000000000000015E-002	-3.1604379115198977E-002
1.0000000000000002E-001	-3.1439034262863208E-002
1.0500000000000002E-001	-3.1267241684360347E-002
1.1000000000000003E-001	-3.1089197946909453E-002
1.1500000000000003E-001	-3.0905093178565046E-002
1.2000000000000004E-001	-3.0715115330979259E-002
1.2500000000000003E-001	-3.0519445812323132E-002
1.3000000000000003E-001	-3.0317745364238813E-002
1.3500000000000004E-001	-3.0111073736880045E-002
1.4000000000000004E-001	-2.9899320458525613E-002
1.4500000000000005E-001	-2.9682599396466891E-002
1.5000000000000005E-001	-2.9461059638837162E-002
1.5500000000000005E-001	-2.9233490361481596E-002
1.6000000000000006E-001	-2.9002077481715682E-002
1.6500000000000006E-001	-2.8766825155786879E-002
1.7000000000000007E-001	-2.8527385270668004E-002
1.7500000000000007E-001	-2.8283857038445825E-002
1.8000000000000008E-001	-2.8036374436606670E-002
1.8500000000000008E-001	-2.7785075972301065E-002
1.9000000000000009E-001	-2.7530351134946174E-002
1.9500000000000009E-001	-2.7271151099408808E-002
2.0000000000000009E-001	-2.7009278095635469E-002
2.0500000000000010E-001	-2.6744597451191288E-002
2.1000000000000010E-001	-2.6475563380638500E-002
2.1500000000000011E-001	-2.6204287437666118E-002
2.2000000000000011E-001	-2.5930125816987171E-002
2.2500000000000012E-001	-2.5653162257035178E-002
2.3000000000000012E-001	-2.5373545774313389E-002
2.3500000000000013E-001	-2.5091379347044640E-002
2.4000000000000013E-001	-2.4806784549649352E-002
2.4500000000000013E-001	-2.4519879943639356E-002
2.5000000000000011E-001	-2.4230782920671490E-002
2.5500000000000012E-001	-2.3939608336326024E-002
2.6000000000000012E-001	-2.3646468838265156E-002
2.6500000000000012E-001	-2.3351475069571137E-002
2.7000000000000013E-001	-2.3054735921381964E-002
2.7500000000000013E-001	-2.2756359156885786E-002
2.8000000000000014E-001	-2.2456329988983392E-002
2.8500000000000014E-001	-2.2154877172617993E-002
2.9000000000000015E-001	-2.1852105605773775E-002
2.9500000000000015E-001	-2.1548116283337526E-002
3.0000000000000016E-001	-2.1243010732563961E-002
3.0500000000000016E-001	-2.0936889216619403E-002
3.1000000000000016E-001	-2.0629851218013195E-002
3.1500000000000017E-001	-2.0321897215003326E-002
3.2000000000000017E-001	-2.0013227551640034E-002
3.2500000000000018E-001	-1.9703987299456327E-002
3.3000000000000018E-001	-1.9394221620800955E-002
3.3500000000000019E-001	-1.9084164877267829E-002
3.4000000000000019E-001	-1.8773772687155299E-002
3.4500000000000020E-001	-1.8463468478374212E-002
3.5000000000000020E-001	-1.8153309540801410E-002
3.5500000000000020E-001	-1.7842256253555289E-002
3.6000000000000021E-001	-1.7531479611987533E-002
3.6500000000000021E-001	-1.7221701414200652E-002
3.7000000000000022E-001	-1.6911622989372210E-002
3.7500000000000022E-001	-1.6601580060162435E-002
3.8000000000000023E-001	-1.6291772834047258E-002
3.8500000000000023E-001	-1.5982330586429727E-002
3.9000000000000024E-001	-1.5673357583805059E-002
3.9500000000000024E-001	-1.5363092298878667E-002
4.0000000000000024E-001	-1.5057061136183880E-002
4.0500000000000025E-001	-1.4750268633554220E-002
4.1000000000000025E-001	-1.4444061380761597E-002
4.1500000000000026E-001	-1.4138683724950085E-002
4.2000000000000026E-001	-1.3834353984917391E-002
4.2500000000000027E-001	-1.3531103796700084E-002
4.3000000000000027E-001	-1.3229024667539946E-002
4.3500000000000028E-001	-1.2926621229826685E-002
4.4000000000000028E-001	-1.2628400140013984E-002
4.4500000000000028E-001	-1.2330505162082228E-002
4.5000000000000029E-001	-1.2032287526445584E-002
4.5500000000000029E-001	-1.1738399407650424E-002
4.6000000000000030E-001	-1.1445164835352739E-002
4.6500000000000030E-001	-1.1153543895299323E-002
4.7000000000000031E-001	-1.0862400314715304E-002
4.7500000000000031E-001	-1.0575727640517840E-002
4.8000000000000032E-001	-1.0288097258089546E-002
4.8500000000000032E-001	-1.0005832476869925E-002
4.9000000000000032E-001	-9.7212544717986127E-003
4.9500000000000033E-001	-9.4435262966146016E-003
5.0000000000000033E-001	-9.1679637565590388E-003
5.0500000000000034E-001	-8.8932521476290383E-003
5.1000000000000034E-001	-8.6207768873103330E-003
5.1500000000000035E-001	-8.3492056815729354E-003
5.2000000000000035E-001	-8.0835486340704588E-003
5.2500000000000036E-001	-7.8195340075902786E-003
5.3000000000000036E-001	-7.5581567906430891E-003
5.3500000000000036E-001	-7.2996958482672847E-003
5.4000000000000037E-001	-7.0442763396303398E-003
5.4500000000000037E-001	-6.7919869028781887E-003
5.5000000000000038E-001	-6.5398994333836225E-003
5.5500000000000038E-001	-6.2955530497360579E-003
5.6000000000000039E-001	-6.0536432048986510E-003
5.6500000000000039E-001	-5.8149575961435884E-003
5.7000000000000040E-001	-5.5767751898053719E-003
5.7500000000000040E-001	-5.3464018588952333E-003
5.8000000000000040E-001	-5.1189345958357890E-003
5.8500000000000041E-001	-4.8957827979793089E-003
5.9000000000000041E-001	-4.6759500954237643E-003
5.9500000000000042E-001	-4.4599290567683969E-003
6.0000000000000042E-001	-4.2479382260693921E-003
6.0500000000000043E-001	-4.0400907707037748E-003
6.1000000000000043E-001	-3.8362778762528471E-003
6.1500000000000044E-001	-3.6367668790462382E-003
6.2000000000000044E-001	-3.4415793704883901E-003
6.2500000000000044E-001	-3.2481680833680304E-003
6.3000000000000045E-001	-3.0640572746417627E-003
6.3500000000000045E-001	-2.8804106817307273E-003
6.4000000000000046E-001	-2.7058533685373476E-003
6.4500000000000046E-001	-2.5345704494575960E-003
6.5000000000000047E-001	-2.3649313956985996E-003
6.5500000000000047E-001	-2.2056149160725180E-003
6.6000000000000048E-001	-2.0462384264697819E-003
6.6500000000000048E-001	-1.8971803759163519E-003
6.7000000000000048E-001	-1.7509397710007146E-003
6.7500000000000049E-001	-1.6095249081415908E-003
6.8000000000000049E-001	-1.4733244596979445E-003
6.8500000000000050E-001	-1.3423733476676247E-003
6.9000000000000050E-001	-1.2168416956822581E-003
6.9500000000000051E-001	-1.0967948401798822E-003
7.0000000000000051E-001	-9.7912949255918313E-004
7.0500000000000052E-001	-8.7054578382905756E-004
7.1000000000000052E-001	-7.7091066911927353E-004
7.1500000000000052E-001	-6.6987210994229329E-004
7.2000000000000053E-001	-5.8133254750758478E-004
7.2500000000000053E-001	-4.9543749104219437E-004
7.3000000000000054E-001	-4.0926432571986027E-004
7.3500000000000054E-001	-3.3822545699946360E-004
7.4000000000000055E-001	-2.6627856974992259E-004
7.4500000000000055E-001	-2.0741905891685786E-004
7.5000000000000056E-001	-1.5142392855949094E-004
7.5500000000000056E-001	-1.0086621630800430E-004
7.6000000000000056E-001	-5.6254956790957600E-005
7.6500000000000057E-001	-1.7682185409872986E-005
7.7000000000000057E-001	1.4797665490284828E-005
7.7500000000000058E-001	4.1149441159404887E-005
7.8000000000000058E-001	6.1359520088677399E-005
7.8500000000000059E-001	7.5422594276508548E-005
7.9000000000000059E-001	8.3332353311149632E-005
7.9500000000000060E-001	8.5088412717704287E-005
8.0000000000000060E-001	8.0726086605809044E-005
8.0500000000000060E-001	7.0262756319383612E-005
8.1000000000000061E-001	5.3730794339568178E-005
8.1500000000000061E-001	3.4513098976507450E-005
8.2000000000000062E-001	3.2117794808161904E-006
8.2500000000000062E-001	-3.1541823079961340E-005
8.3000000000000063E-001	-6.7651902712961842E-005
8.3500000000000063E-001	-1.1272475002443993E-004
8.4000000000000064E-001	-1.6628284414221817E-004
8.4500000000000064E-001	-2.2377188765010381E-004
8.5000000000000064E-001	-2.8629738184704490E-004
8.5500000000000065E-001	-3.5404918485537618E-004
8.6000000000000065E-001	-4.2701251748566982E-004
8.6500000000000066E-001	-5.0511256559593321E-004
8.7000000000000066E-001	-5.8823414947217767E-004
8.7500000000000067E-001	-6.7626604904202914E-004
8.8000000000000067E-001	-7.6414995358708993E-004
8.8500000000000068E-001	-8.6399790343927307E-004
8.9000000000000068E-001	-9.6596377688407120E-004
8.9500000000000068E-001	-1.0719563197266746E-003
9.0000000000000069E-001	-1.1822174328163237E-003
9.0500000000000069E-001	-1.2966744757529902E-003
9.1000000000000070E-001	-1.4151870388690035E-003
9.1500000000000070E-001	-1.5375622501628827E-003
9.2000000000000071E-001	-1.6635976172830746E-003
9.2500000000000071E-001	-1.7930464983652028E-003
9.3000000000000071E-001	-1.9256512258023495E-003
9.3500000000000072E-001	-2.0558174061889867E-003
9.4000000000000072E-001	-2.1984038070835821E-003
9.4500000000000073E-001	-2.3352898346238327E-003
9.5000000000000073E-001	-2.4829195447970687E-003
9.5500000000000074E-001	-2.6305057716267122E-003
9.6000000000000074E-001	-2.7795784451429828E-003
9.6500000000000075E-001	-2.9299734806106370E-003
9.7000000000000075E-001	-3.0813710646685477E-003
9.7500000000000075E-001	-3.2265301600067353E-003
9.8000000000000076E-001	-3.3838348263903750E-003
9.8500000000000076E-001	-3.5393338713994860E-003
9.9000000000000077E-001	-3.6935594428502139E-003
9.9500000000000077E-001	-3.8465229805209056E-003
1.0000000000000007E+000	-3.9946248714943788E-003
1.0050000000000006E+000	-4.1522148523620572E-003
1.0100000000000005E+000	-4.3015050748509420E-003
1.0150000000000003E+000	-4.4599862801176782E-003
1.0200000000000002E+000	-4.6104480045835450E-003
1.0250000000000001E+000	-4.7700007857144344E-003
1.0300000000000000E+000	-4.9255012061664161E-003
1.0349999999999999E+000	-5.0801238887795419E-003
1.0399999999999998E+000	-5.2341810382782183E-003
1.0449999999999997E+000	-5.3875608210159909E-003
1.0499999999999996E+000	-5.5400889346951532E-003
1.0549999999999995E+000	-5.6915839528544065E-003
1.0599999999999994E+000	-5.8418679279427232E-003
1.0649999999999993E+000	-5.9907679176532946E-003
1.0699999999999992E+000	-6.1381157264381869E-003
1.0749999999999991E+000	-6.2837476937536163E-003
1.0799999999999990E+000	-6.4275044500182732E-003
1.0849999999999989E+000	-6.5692308922888909E-003
1.0899999999999987E+000	-6.7042861765740369E-003
1.0949999999999986E+000	-6.8465289406485219E-003
1.0999999999999985E+000	-6.9815865683150458E-003
1.1049999999999984E+000	-7.1082259249649615E-003
1.1099999999999983E+000	-7.2423420868706900E-003
1.1149999999999982E+000	-7.3691375186436536E-003
1.1199999999999981E+000	-7.4924194164636138E-003
1.1249999999999980E+000	-7.6125717604016430E-003
1.1299999999999979E+000	-7.7294965108848368E-003
1.1349999999999978E+000	-7.8431169295317682E-003
1.1399999999999977E+000	-7.9533167597513055E-003
1.1449999999999976E+000	-8.0599788287701868E-003
1.1499999999999975E+000	-8.1630082892871769E-003
1.1549999999999974E+000	-8.2623075615888553E-003
1.1599999999999973E+000	-8.3577863154792320E-003
1.1649999999999971E+000	-8.4493597000089293E-003
1.1699999999999970E+000	-8.5369483648223277E-003
1.1749999999999969E+000	-8.6204783423756703E-003
1.1799999999999968E+000	-8.6998806297211573E-003
1.1849999999999967E+000	-8.7750912079490595E-003
1.1899999999999966E+000	-8.8460750884455930E-003
1.1949999999999965E+000	-8.9127523341048231E-003
1.1999999999999964E+000	-8.9750751543946627E-003
1.2049999999999963E+000	-9.0329991653043118E-003
1.2099999999999962E+000	-9.0864837630169060E-003
1.2149999999999961E+000	-9.1354939490281284E-003
1.2199999999999960E+000	-9.1749986846649811E-003
1.2249999999999959E+000	-9.2183837317399986E-003
1.2299999999999958E+000	-9.2543499743633628E-003
1.2349999999999957E+000	-9.2807710484545947E-003
1.2399999999999956E+000	-9.3058435987083410E-003
1.2449999999999954E+000	-9.3275406168833452E-003
1.2499999999999953E+000	-9.3467041911258208E-003
1.2549999999999952E+000	-9.3596804805210487E-003
1.2599999999999951E+000	-9.3677633602783361E-003
1.2649999999999950E+000	-9.3712285603797518E-003
1.2699999999999949E+000	-9.3701438350404231E-003
1.2749999999999948E+000	-9.3645360794074595E-003
1.2799999999999947E+000	-9.3544305971805519E-003
1.2849999999999946E+000	-9.3398612512709533E-003
1.2899999999999945E+000	-9.3208596120951670E-003
1.2949999999999944E+000	-9.2974620550062559E-003
1.2999999999999943E+000	-9.2697103502471512E-003
1.3049999999999942E+000	-9.2376511709929554E-003
1.3099999999999941E+000	-9.2013353322227820E-003
1.3149999999999940E+000	-9.1608175269181080E-003
1.3199999999999938E+000	-9.1161573284401776E-003
1.3249999999999937E+000	-9.0651763750320136E-003
1.3299999999999936E+000	-9.0131639421694443E-003
1.3349999999999935E+000	-8.9587676324833776E-003
1.3399999999999934E+000	-8.8967979507871275E-003
1.3449999999999933E+000	-8.8347788075564537E-003
1.3499999999999932E+000	-8.7667661673115349E-003
1.3549999999999931E+000	-8.6948945238624065E-003
1.3599999999999930E+000	-8.6195176483193636E-003
1.3649999999999929E+000	-8.5407296332948857E-003
1.3699999999999928E+000	-8.4586137212651069E-003
1.3749999999999927E+000	-8.3732475807813955E-003
1.3799999999999926E+000	-8.2847168864412790E-003
1.3849999999999925E+000	-8.1931146036345881E-003
1.3899999999999924E+000	-8.0985389995235080E-003
1.3949999999999922E+000	-8.0010924343445478E-003
1.3999999999999921E+000	-7.9008806406205556E-003
1.4049999999999920E+000	-7.7980122134824192E-003
1.4099999999999919E+000	-7.6925981883080308E-003
1.4149999999999918E+000	-7.5847517025509070E-003
1.4199999999999917E+000	-7.4745876808851586E-003
1.4249999999999916E+000	-7.3622226463260221E-003
1.4299999999999915E+000	-7.2477845977496624E-003
1.4349999999999914E+000	-7.1313794452666501E-003
1.4399999999999913E+000	-7.0131285825213441E-003
1.4449999999999912E+000	-6.8931530213665049E-003
1.4499999999999911E+000	-6.7715735640500041E-003
1.4549999999999910E+000	-6.6485118231424112E-003
1.4599999999999909E+000	-6.5240908485151294E-003
1.4649999999999908E+000	-6.3984329578559151E-003
1.4699999999999906E+000	-6.2716799875406348E-003
1.4749999999999905E+000	-6.1453384554581714E-003
1.4799999999999904E+000	-6.0163843928022764E-003
1.4849999999999903E+000	-5.8865400299441539E-003
1.4899999999999902E+000	-5.7561622373871746E-003
1.4949999999999901E+000	-5.6253622899731237E-003
1.4999999999999900E+000	-5.4942303232123901E-003
1.5049999999999899E+000	-5.3628645887321413E-003
1.5099999999999898E+000	-5.2313724791035465E-003
1.5149999999999897E+000	-5.0998681409438751E-003
1.5199999999999896E+000	-4.9684701748330395E-003
1.5249999999999895E+000	-4.8372993404265374E-003
1.5299999999999894E+000	-4.7065436160669272E-003
1.5349999999999893E+000	-4.5762635347852409E-003
1.5399999999999892E+000	-4.4465860492516329E-003
1.5449999999999890E+000	-4.3176375471634110E-003
1.5499999999999889E+000	-4.1900985029827975E-003
1.5549999999999888E+000	-4.0631075399616412E-003
1.5599999999999887E+000	-3.9357505782353641E-003
1.5649999999999886E+000	-3.8093020996744498E-003
1.5699999999999885E+000	-3.6816493197656674E-003
1.5749999999999884E+000	-3.5576091414926125E-003
1.5799999999999883E+000	-3.4336645273832511E-003
1.5849999999999882E+000	-3.3107799564341400E-003
1.5899999999999881E+000	-3.1904805262877867E-003
1.5949999999999880E+000	-3.0702941429672226E-003
1.5999999999999879E+000	-2.9512746280937474E-003
1.6049999999999878E+000	-2.8339070191247817E-003
1.6099999999999877E+000	-2.7183263954837500E-003
1.6149999999999876E+000	-2.6045728070900331E-003
1.6199999999999875E+000	-2.4928129717092240E-003
1.6249999999999873E+000	-2.3828979673029549E-003
1.6299999999999872E+000	-2.2748656131794665E-003
1.6349999999999871E+000	-2.1657265255207170E-003
1.6399999999999870E+000	-2.0603108240087042E-003
1.6449999999999869E+000	-1.9590188602536251E-003
1.6499999999999868E+000	-1.8593441408983891E-003
1.6549999999999867E+000	-1.7617741814336396E-003
1.6599999999999866E+000	-1.6664944966552353E-003
1.6649999999999865E+000	-1.5735662156184382E-003
1.6699999999999864E+000	-1.4830249186245092E-003
1.6749999999999863E+000	-1.3949049215301601E-003
1.6799999999999862E+000	-1.3092424728531338E-003
1.6849999999999861E+000	-1.2260743061421886E-003
1.6899999999999860E+000	-1.1454356855280512E-003
1.6949999999999859E+000	-1.0673579906365083E-003
1.6999999999999857E+000	-9.9186966955300271E-004
1.7049999999999856E+000	-9.1899481453072696E-004
1.7099999999999855E+000	-8.4875212727930638E-004
1.7149999999999854E+000	-7.8100254640134370E-004
1.7199999999999853E+000	-7.1591861108399879E-004
1.7249999999999852E+000	-6.5350389687690580E-004
1.7299999999999851E+000	-5.9839298866903867E-004
1.7349999999999850E+000	-5.4193559015314197E-004
1.7399999999999849E+000	-4.8701790378569143E-004
1.7449999999999848E+000	-4.3467270551689197E-004
1.7499999999999847E+000	-3.8504520310955748E-004
1.7549999999999846E+000	-3.3813742425881088E-004
1.7599999999999845E+000	-2.9391264111600091E-004
1.7649999999999844E+000	-2.5231987547269519E-004
1.7699999999999843E+000	-2.1333965652814424E-004
1.7749999999999841E+000	-1.7694926622735530E-004
1.7799999999999840E+000	-1.4312352365164482E-004
1.7849999999999839E+000	-1.1183760128019582E-004
1.7899999999999838E+000	-8.4158015625668270E-005
1.7949999999999837E+000	-5.7904406779440976E-005
1.7999999999999836E+000	-3.1372065067092336E-005
1.8049999999999835E+000	-1.0184845347871452E-005
1.8099999999999834E+000	9.0075258318833562E-006
1.8149999999999833E+000	2.3718271297656912E-005
1.8199999999999832E+000	3.7822598525805162E-005
1.8249999999999831E+000	4.9986967180615238E-005
1.8299999999999830E+000	5.9741485302078345E-005
1.8349999999999829E+000	6.7075140178562975E-005
1.8399999999999828E+000	7.2061079782193005E-005
1.8449999999999827E+000	7.4772844893100654E-005
1.8499999999999825E+000	7.5272652163560494E-005
1.8549999999999824E+000	7.3617988222363095E-005
1.8599999999999823E+000	6.9814464108253205E-005
1.8649999999999822E+000	6.3949530418438982E-005
1.8699999999999821E+000	5.6062954611801885E-005
1.8749999999999820E+000	4.6192545922085770E-005
1.8799999999999819E+000	3.4376926924206685E-005
1.8849999999999818E+000	2.0654797368901967E-005
1.8899999999999817E+000	5.0651917760102805E-006
1.8949999999999816E+000	-1.2352425061701311E-005
1.8999999999999815E+000	-3.1558050390567693E-005
1.9049999999999814E+000	-5.2511030077972976E-005
1.9099999999999813E+000	-7.5168924250745839E-005
1.9149999999999812E+000	-9.9488701250205480E-005
1.9199999999999811E+000	-1.2542681584493121E-004
1.9249999999999809E+000	-1.5297730353103223E-004
1.9299999999999808E+000	-1.8204613126471259E-004
1.9349999999999807E+000	-2.1260192619243501E-004
1.9399999999999806E+000	-2.4821850357026332E-004
1.9449999999999805E+000	-2.8011776932046484E-004
1.9499999999999804E+000	-3.1418713211828209E-004
1.9549999999999803E+000	-3.4976608227577088E-004
1.9599999999999802E+000	-3.9000621761886567E-004
1.9649999999999801E+000	-4.2716557808464284E-004
1.9699999999999800E+000	-4.6602090197789270E-004
1.9749999999999799E+000	-5.0621064946676508E-004
1.9799999999999798E+000	-5.5004216913312476E-004
1.9849999999999797E+000	-5.9312823294577210E-004
1.9899999999999796E+000	-6.3598496577121910E-004
1.9949999999999795E+000	-6.8018520220614054E-004
1.9999999999999793E+000	-7.2532485768561639E-004
2.0049999999999795E+000	-7.7132946872771058E-004
2.0099999999999794E+000	-8.1813276816999903E-004
2.0149999999999793E+000	-8.6701237201280978E-004
2.0199999999999791E+000	-9.1527647108691212E-004
2.0249999999999790E+000	-9.6378605564850783E-004
2.0299999999999789E+000	-1.0131637739085875E-003
2.0349999999999788E+000	-1.0629793178893454E-003
2.0399999999999787E+000	-1.1130122425949684E-003
2.0449999999999786E+000	-1.1642038115027287E-003
2.0499999999999785E+000	-1.2153421534445430E-003
2.0549999999999784E+000	-1.2668557296745542E-003
2.0599999999999783E+000	-1.3193331875746006E-003
2.0649999999999782E+000	-1.3713000572831424E-003
2.0699999999999781E+000	-1.4233486449591881E-003
2.0749999999999780E+000	-1.4756634205905783E-003
2.0799999999999779E+000	-1.5280156465370398E-003
2.0849999999999778E+000	-1.5816627891416246E-003
2.0899999999999777E+000	-1.6348019494679678E-003
2.0949999999999775E+000	-1.6875253872340457E-003
2.0999999999999774E+000	-1.7388108818806591E-003
2.1049999999999773E+000	-1.7918748503902293E-003
2.1099999999999772E+000	-1.8431267773852955E-003
2.1149999999999771E+000	-1.8959626210378611E-003
2.1199999999999770E+000	-1.9481992795553627E-003
2.1199999999999770E+000	-1.9477261634887055E-003
2.1249999999999769E+000	-1.9997495369025176E-003
2.1299999999999768E+000	-2.0513225930497425E-003
2.1349999999999767E+000	-2.1024808308502951E-003
2.1399999999999766E+000	-2.1502564457265283E-003
2.1449999999999765E+000	-2.2012960496331502E-003
2.1499999999999764E+000	-2.2515930804053452E-003
2.1549999999999763E+000	-2.3012843884202550E-003
2.1599999999999762E+000	-2.3503887090844389E-003
2.1649999999999761E+000	-2.3976422035736356E-003
2.1699999999999759E+000	-2.4461704244175264E-003
2.1749999999999758E+000	-2.4939686666135552E-003
2.1799999999999757E+000	-2.5410091816551184E-003
2.1849999999999756E+000	-2.5873366121049735E-003
2.1899999999999755E+000	-2.6330071519494735E-003
2.1949999999999754E+000	-2.6779586930667509E-003
2.1999999999999753E+000	-2.7221736887337311E-003
2.2049999999999752E+000	-2.7656319686364395E-003
2.2099999999999751E+000	-2.8083154073698102E-003
2.2149999999999750E+000	-2.8502027753888326E-003
2.2199999999999749E+000	-2.8912724612206731E-003
2.2249999999999748E+000	-2.9314789016579024E-003
2.2299999999999747E+000	-2.9708256139340250E-003
2.2349999999999746E+000	-3.0092893085413852E-003
2.2399999999999745E+000	-3.0468495260467243E-003
2.2449999999999743E+000	-3.0834866190891930E-003
2.2499999999999742E+000	-3.1142460091422297E-003
2.2549999999999741E+000	-3.1489553820478466E-003
2.2599999999999740E+000	-3.1834457908102021E-003
2.2649999999999739E+000	-3.2149326737296313E-003
2.2699999999999738E+000	-3.2475373093957538E-003
2.2749999999999737E+000	-3.2788962681543632E-003
2.2799999999999736E+000	-3.3090039310487152E-003
2.2849999999999735E+000	-3.3379353234632703E-003
2.2899999999999734E+000	-3.3657154766122410E-003
2.2949999999999733E+000	-3.3923544051203125E-003
2.2999999999999732E+000	-3.4178549539641834E-003
2.3049999999999731E+000	-3.4422358551893240E-003
2.3099999999999730E+000	-3.4654560035625170E-003
2.3149999999999729E+000	-3.4875291313771761E-003
2.3199999999999728E+000	-3.5084490797171464E-003
2.3249999999999726E+000	-3.5282097190419970E-003
2.3299999999999725E+000	-3.5468074757091239E-003
2.3349999999999724E+000	-3.5642363970245228E-003
2.3399999999999723E+000	-3.5804911918835280E-003
2.3449999999999722E+000	-3.5955673148311273E-003
2.3499999999999721E+000	-3.6094606630201476E-003
2.3549999999999720E+000	-3.6221677764340932E-003
2.3599999999999719E+000	-3.6336858821421902E-003
2.3649999999999718E+000	-3.6440130672239501E-003
2.3699999999999717E+000	-3.6531477042330840E-003
2.3749999999999716E+000	-3.6610884727045212E-003
2.3799999999999715E+000	-3.6678345593182948E-003
2.3849999999999714E+000	-3.6733861527412648E-003
2.3899999999999713E+000	-3.6777439089356045E-003
2.3949999999999712E+000	-3.6809085414621912E-003
2.3999999999999710E+000	-3.6828818502964156E-003
2.4049999999999709E+000	-3.6836663634295386E-003
2.4099999999999708E+000	-3.6832651672022987E-003
2.4149999999999707E+000	-3.6816825114468488E-003
2.4199999999999706E+000	-3.6789231297255087E-003
2.4249999999999705E+000	-3.6749924104269027E-003
2.4299999999999704E+000	-3.6698968250943320E-003
2.4349999999999703E+000	-3.6636433055949880E-003
2.4399999999999702E+000	-3.6562388795366996E-003
2.4449999999999701E+000	-3.6476916942882465E-003
2.4499999999999700E+000	-3.6380102909557843E-003
2.4549999999999699E+000	-3.6272040206292155E-003
2.4599999999999698E+000	-3.6152827944561094E-003
2.4649999999999697E+000	-3.6022571421165939E-003
2.4699999999999696E+000	-3.5881381256678280E-003
2.4749999999999694E+000	-3.5729374224500177E-003
2.4799999999999693E+000	-3.5566674580066460E-003
2.4849999999999692E+000	-3.5393411152572218E-003
2.4899999999999691E+000	-3.5209716914298417E-003
2.4949999999999690E+000	-3.5015730938025014E-003
2.4999999999999689E+000	-3.4811598054849124E-003
2.5049999999999688E+000	-3.4597468281286625E-003
2.5099999999999687E+000	-3.4373496377284596E-003
2.5149999999999686E+000	-3.4139842090950001E-003
2.5199999999999685E+000	-3.3896738455324593E-003
2.5249999999999684E+000	-3.3644351377870585E-003
2.5299999999999683E+000	-3.3382784505868734E-003
2.5349999999999682E+000	-3.3112261510300778E-003
2.5399999999999681E+000	-3.2832930215433986E-003
2.5449999999999680E+000	-3.2544979060152857E-003
2.5499999999999678E+000	-3.2222045608822913E-003
2.5549999999999677E+000	-3.1926006790611305E-003
2.5599999999999676E+000	-3.1619464356626992E-003
2.5649999999999675E+000	-3.1302769358353411E-003
2.5699999999999674E+000	-3.0969150730062456E-003
2.5749999999999673E+000	-3.0643481332995881E-003
2.5799999999999672E+000	-3.0305710516258522E-003
2.5849999999999671E+000	-2.9958590438015076E-003
2.5899999999999670E+000	-2.9603748345374825E-003
2.5949999999999669E+000	-2.9241883720534378E-003
2.5999999999999668E+000	-2.8873436505043593E-003
2.6049999999999667E+000	-2.8498749485533770E-003
2.6099999999999666E+000	-2.8118120278191050E-003
2.6149999999999665E+000	-2.7731823261020194E-003
2.6199999999999664E+000	-2.7339976557051449E-003
2.6249999999999662E+000	-2.6942980896567104E-003
2.6299999999999661E+000	-2.6541088066381890E-003
2.6349999999999660E+000	-2.6134508394822786E-003
2.6399999999999659E+000	-2.5723534024035821E-003
2.6449999999999658E+000	-2.5308429425690004E-003
2.6499999999999657E+000	-2.4889222490799279E-003
2.6549999999999656E+000	-2.4466394778359657E-003
2.6599999999999655E+000	-2.4040220651981858E-003
2.6649999999999654E+000	-2.3610954227487602E-003
2.6699999999999653E+000	-2.3178854262753124E-003
2.6749999999999652E+000	-2.2744053435300726E-003
2.6799999999999651E+000	-2.2297490453094815E-003
2.6849999999999650E+000	-2.1865819760151783E-003
2.6899999999999649E+000	-2.1427592437962550E-003
2.6949999999999648E+000	-2.0986176472940210E-003
2.6999999999999647E+000	-2.0542973721009439E-003
2.7049999999999645E+000	-2.0097021481867428E-003
2.7099999999999644E+000	-1.9660394698562955E-003
2.7149999999999643E+000	-1.9217167263119173E-003
2.7199999999999642E+000	-1.8771900620747628E-003
2.7249999999999641E+000	-1.8326097873758718E-003
2.7299999999999640E+000	-1.7880364803145588E-003
2.7349999999999639E+000	-1.7424937734672463E-003
2.7399999999999638E+000	-1.6987133023008694E-003
2.7449999999999637E+000	-1.6545551533900804E-003
2.7499999999999636E+000	-1.6104248498344242E-003
2.7549999999999635E+000	-1.5664431151982683E-003
2.7599999999999634E+000	-1.5226545829917226E-003
2.7649999999999633E+000	-1.4790819890072582E-003
2.7699999999999632E+000	-1.4341068895146192E-003
2.7749999999999631E+000	-1.3917822912484779E-003
2.7799999999999629E+000	-1.3490763857518795E-003
2.7849999999999628E+000	-1.3065598547568058E-003
2.7899999999999627E+000	-1.2643403177780010E-003
2.7949999999999626E+000	-1.2224501264186394E-003
2.7999999999999625E+000	-1.1792892174180558E-003
2.8049999999999624E+000	-1.1387772430532239E-003
2.8099999999999623E+000	-1.0981879962311814E-003
2.8149999999999622E+000	-1.0578775473057966E-003
2.8199999999999621E+000	-1.0179240790459954E-003
2.8249999999999620E+000	-9.7835467420392952E-004
2.8299999999999619E+000	-9.3815090236837317E-004
2.8349999999999618E+000	-9.0014849557751297E-004
2.8399999999999617E+000	-8.6229885264732520E-004
2.8449999999999616E+000	-8.2473552787343252E-004
2.8499999999999615E+000	-7.8807447356443738E-004
2.8549999999999613E+000	-7.5173334786615698E-004
2.8599999999999612E+000	-7.1587468434197721E-004
2.8649999999999611E+000	-6.8059752371740778E-004
2.8699999999999610E+000	-6.4595212746987318E-004
2.8749999999999609E+000	-6.1197015117087084E-004
2.8799999999999608E+000	-5.7867568323377583E-004
2.8849999999999607E+000	-5.4608849310655572E-004
2.8899999999999606E+000	-5.1422510257037590E-004
2.8949999999999605E+000	-4.8310081679392436E-004
2.8999999999999604E+000	-4.5272958143993680E-004
2.9049999999999603E+000	-4.2312325753934843E-004
2.9099999999999602E+000	-3.9429402648516465E-004
2.9149999999999601E+000	-3.6625380489996306E-004
2.9199999999999600E+000	-3.3890937406078070E-004
2.9249999999999599E+000	-3.1275195862534577E-004
2.9299999999999597E+000	-2.8596533625036002E-004
2.9349999999999596E+000	-2.6121092317288319E-004
2.9399999999999595E+000	-2.3708612178707789E-004
2.9449999999999594E+000	-2.1466085820931458E-004
2.9499999999999593E+000	-1.9237198487009888E-004
2.9549999999999592E+000	-1.7075659267506982E-004
2.9599999999999591E+000	-1.4993825228626356E-004
2.9649999999999590E+000	-1.3000619295211457E-004
2.9699999999999589E+000	-1.1095997418320014E-004
2.9749999999999588E+000	-9.2827166431663777E-005
2.9799999999999587E+000	-7.5599200373366315E-005
2.9849999999999586E+000	-5.9277058199858068E-005
2.9899999999999585E+000	-4.3856454968294045E-005
2.9949999999999584E+000	-2.9339442714326758E-005
2.9999999999999583E+000	-1.5727823853062262E-005
3.0049999999999581E+000	-3.0213827703073903E-006
3.0099999999999580E+000	8.7818430425379290E-006
3.0149999999999579E+000	1.9682429220235775E-005
3.0199999999999578E+000	2.9682811391706920E-005
3.0249999999999577E+000	3.8785462822543693E-005
3.0299999999999576E+000	4.6993326531685753E-005
3.0349999999999575E+000	5.4309546137831788E-005
3.0399999999999574E+000	6.0737599864690850E-005
3.0449999999999573E+000	6.6282666019823466E-005
3.0499999999999572E+000	7.0949705746281566E-005
3.0549999999999571E+000	7.4744400119897136E-005
3.0599999999999570E+000	7.7672893288527334E-005
3.0649999999999569E+000	7.9742165242313590E-005
3.0699999999999568E+000	8.0964241873759946E-005
3.0749999999999567E+000	8.1355974821173405E-005
3.0799999999999566E+000	8.0909144731133864E-005
3.0849999999999564E+000	7.9633764236142213E-005
3.0899999999999563E+000	7.7538477291749786E-005
3.0949999999999562E+000	7.4631286490767224E-005
3.0999999999999561E+000	7.0928347193133234E-005
3.1049999999999560E+000	6.6441447537757270E-005
3.1099999999999559E+000	6.1182278871196871E-005
3.1149999999999558E+000	5.5163216246878477E-005
3.1199999999999557E+000	4.8397247999210080E-005
3.1249999999999556E+000	4.0897870246858758E-005
3.1299999999999555E+000	3.2678065675417756E-005
3.1349999999999554E+000	2.3757325590567646E-005
3.1399999999999553E+000	1.4503928298603697E-005
3.1449999999999552E+000	4.3105991891501105E-006
3.1499999999999551E+000	-7.9558591579154125E-006
3.1549999999999550E+000	-1.9712886536682461E-005
3.1599999999999548E+000	-3.1849369812486650E-005
3.1649999999999547E+000	-4.4529182615660190E-005
3.1699999999999546E+000	-5.7782307215537010E-005
3.1749999999999545E+000	-6.8992129210965203E-005
3.1799999999999544E+000	-8.4009331683176924E-005
3.1849999999999543E+000	-1.0000202112325773E-004
3.1899999999999542E+000	-1.1393834502437805E-004
3.1949999999999541E+000	-1.3116807599111713E-004
3.1999999999999540E+000	-1.4819548695221840E-004
3.2049999999999539E+000	-1.6541406761239053E-004
3.2099999999999538E+000	-1.8296925087224469E-004
3.2149999999999537E+000	-2.0089789690314053E-004
3.2199999999999536E+000	-2.1920441047096340E-004
3.2249999999999535E+000	-2.3788066480068260E-004
3.2299999999999534E+000	-2.5691248314163584E-004
3.2349999999999532E+000	-2.7628237346422058E-004
3.2399999999999531E+000	-2.9597089814548116E-004
3.2449999999999530E+000	-3.1595744213419596E-004
3.2499999999999529E+000	-3.3622067816641010E-004
3.2549999999999528E+000	-3.5673881882125613E-004
3.2599999999999527E+000	-3.7748974919349365E-004
3.2649999999999526E+000	-3.9845131467775019E-004
3.2699999999999525E+000	-4.1960127234297318E-004
3.2749999999999524E+000	-4.4091362887077601E-004
3.2799999999999523E+000	-4.6237008418648085E-004
3.2849999999999522E+000	-4.8394856019584598E-004
3.2899999999999521E+000	-5.0562638177653607E-004
3.2949999999999520E+000	-5.2738105393634882E-004
3.2999999999999519E+000	-5.4919024130672955E-004
3.3049999999999518E+000	-5.7103168933458903E-004
3.3099999999999516E+000	-5.9288319055306182E-004
3.3149999999999515E+000	-6.1468199754055597E-004
3.3199999999999514E+000	-6.3644609612056868E-004
3.3249999999999513E+000	-6.5815382456124727E-004
3.3299999999999512E+000	-6.7534708045757785E-004
3.3349999999999511E+000	-6.9824047341171536E-004
3.3399999999999510E+000	-7.2018758673719763E-004
3.3449999999999509E+000	-7.4172837695751781E-004
3.3499999999999508E+000	-7.6302412385753637E-004
3.3549999999999507E+000	-7.8410874337786485E-004
3.3599999999999506E+000	-8.0498052362720784E-004
3.3649999999999505E+000	-8.2562850907130780E-004
3.3699999999999504E+000	-8.4603868091226442E-004
3.3749999999999503E+000	-8.6619534473642013E-004
3.3799999999999502E+000	-8.8608173593907047E-004
3.3849999999999500E+000	-9.0568051089257029E-004
3.3899999999999499E+000	-9.2490192932959125E-004
3.3949999999999498E+000	-9.4380119779535754E-004
3.3999999999999497E+000	-9.6236254030024337E-004
3.4049999999999496E+000	-9.8056906382681941E-004
3.4099999999999495E+000	-9.9840458933708742E-004
3.4149999999999494E+000	-1.0158535861815032E-003
3.4199999999999493E+000	-1.0329010381807668E-003
3.4249999999999492E+000	-1.0495324633994496E-003
3.4299999999999491E+000	-1.0657338793947924E-003
3.4349999999999490E+000	-1.0814910841467906E-003
3.4399999999999489E+000	-1.0967932081240583E-003
3.4449999999999488E+000	-1.1116265692810989E-003
3.4499999999999487E+000	-1.1259790237940770E-003
3.4549999999999486E+000	-1.1398392225021592E-003
3.4599999999999485E+000	-1.1531963167330517E-003
3.4649999999999483E+000	-1.1660400375139712E-003
3.4699999999999482E+000	-1.1783606765127796E-003
3.4749999999999481E+000	-1.1901490748856824E-003
3.4799999999999480E+000	-1.2013895533048435E-003
3.4849999999999479E+000	-1.2120810546963900E-003
3.4899999999999478E+000	-1.2222159148261857E-003
3.4949999999999477E+000	-1.2317877887508821E-003
3.4999999999999476E+000	-1.2407909476176426E-003
3.5049999999999475E+000	-1.2492181616158282E-003
3.5099999999999474E+000	-1.2570640179127013E-003
3.5149999999999473E+000	-1.2643239559362307E-003
3.5199999999999472E+000	-1.2709940195804181E-003
3.5249999999999471E+000	-1.2770707062554898E-003
3.5299999999999470E+000	-1.2825510522891381E-003
3.5349999999999469E+000	-1.2874323969354062E-003
3.5399999999999467E+000	-1.2917125896209081E-003
3.5449999999999466E+000	-1.2953900276039265E-003
3.5499999999999465E+000	-1.2984638935976678E-003
3.5549999999999464E+000	-1.3009348133878884E-003
3.5599999999999463E+000	-1.3028038582759693E-003
3.5649999999999462E+000	-1.3040725383292040E-003
3.5699999999999461E+000	-1.3047418358710372E-003
3.5749999999999460E+000	-1.3048128666136583E-003
3.5799999999999459E+000	-1.3042876885585031E-003
3.5849999999999458E+000	-1.3031689702625027E-003
3.5899999999999457E+000	-1.3014600710778979E-003
3.5949999999999456E+000	-1.2991645707806088E-003
3.5999999999999455E+000	-1.2962864799556106E-003
3.6049999999999454E+000	-1.2928305872058621E-003
3.6099999999999453E+000	-1.2888023572769081E-003
3.6149999999999451E+000	-1.2842077941412899E-003
3.6199999999999450E+000	-1.2790534106775775E-003
3.6249999999999449E+000	-1.2733462576154375E-003
3.6299999999999448E+000	-1.2670938420237254E-003
3.6349999999999447E+000	-1.2603041097520862E-003
3.6399999999999446E+000	-1.2529854637177706E-003
3.6449999999999445E+000	-1.2451467322254217E-003
3.6499999999999444E+000	-1.2367971662254895E-003
3.6549999999999443E+000	-1.2279464191161660E-003
3.6599999999999442E+000	-1.2186045469887441E-003
3.6649999999999441E+000	-1.2087819740865813E-003
3.6699999999999440E+000	-1.1984894888925623E-003
3.6749999999999439E+000	-1.1877382305589546E-003
3.6799999999999438E+000	-1.1765461812336397E-003
3.6849999999999437E+000	-1.1649184505183596E-003
3.6899999999999435E+000	-1.1528672075832302E-003
3.6949999999999434E+000	-1.1404048936510813E-003
3.6999999999999433E+000	-1.1275442096639887E-003
3.7049999999999432E+000	-1.1142979314907597E-003
3.7099999999999431E+000	-1.1006792669322474E-003
3.7149999999999430E+000	-1.0867016876977553E-003
3.7199999999999429E+000	-1.0723788215322161E-003
3.7249999999999428E+000	-1.0577244497979033E-003
3.7299999999999427E+000	-1.0427525120301206E-003
3.7349999999999426E+000	-1.0274770986108406E-003
3.7399999999999425E+000	-1.0119124367261589E-003
3.7449999999999424E+000	-9.9607289224123985E-004
3.7499999999999423E+000	-9.7997293166773858E-004
3.7549999999999422E+000	-9.6362706128083619E-004
3.7599999999999421E+000	-9.4704987456073475E-004
3.7649999999999419E+000	-9.3025601830065696E-004
3.7699999999999418E+000	-9.1326017136050819E-004
3.7749999999999417E+000	-8.9607702955885049E-004
3.7799999999999416E+000	-8.7872128878252465E-004
3.7849999999999415E+000	-8.6117078841585482E-004
3.7899999999999414E+000	-8.4347724835653892E-004
3.7949999999999413E+000	-8.2565484449437232E-004
3.7999999999999412E+000	-8.0771546688729323E-004
3.8049999999999411E+000	-7.8967478724045748E-004
3.8099999999999410E+000	-7.7154765807618819E-004
3.8149999999999409E+000	-7.5334880962285578E-004
3.8199999999999408E+000	-7.3509254791037648E-004
3.8249999999999407E+000	-7.1679286204173742E-004
3.8299999999999406E+000	-6.9846359290637317E-004
3.8349999999999405E+000	-6.8011846100646256E-004
3.8399999999999403E+000	-6.6177103929399017E-004
3.8449999999999402E+000	-6.4343472895123099E-004
3.8499999999999401E+000	-6.2339645651388054E-004
3.8549999999999400E+000	-6.0635749061377364E-004
3.8599999999999399E+000	-5.8831243760737451E-004
3.8649999999999398E+000	-5.7010940509727437E-004
3.8699999999999397E+000	-5.5195849175670997E-004
3.8749999999999396E+000	-5.3391188024387581E-004
3.8799999999999395E+000	-5.1598126858942717E-004
3.8849999999999394E+000	-4.9817213111691405E-004
3.8899999999999393E+000	-4.8049310809916701E-004
3.8949999999999392E+000	-4.6295242867944175E-004
3.8999999999999391E+000	-4.4556104556836562E-004
3.9049999999999390E+000	-4.2832936420822421E-004
3.9099999999999389E+000	-4.1126583720429988E-004
3.9149999999999388E+000	-3.9437640553152686E-004
3.9199999999999386E+000	-3.7767412490841146E-004
3.9249999999999385E+000	-3.6116821267329069E-004
3.9299999999999384E+000	-3.4486440574388322E-004
3.9349999999999383E+000	-3.2877239249939905E-004
3.9399999999999382E+000	-3.1290389931770690E-004
3.9449999999999381E+000	-2.9726616073455503E-004
3.9499999999999380E+000	-2.8186758748038887E-004
3.9549999999999379E+000	-2.6671653879750679E-004
3.9599999999999378E+000	-2.5181962003484326E-004
3.9649999999999377E+000	-2.3718673444828031E-004
3.9699999999999376E+000	-2.2282389295025240E-004
3.9749999999999375E+000	-2.0873781670571745E-004
3.9799999999999374E+000	-1.9493408202209128E-004
3.9849999999999373E+000	-1.8142163616463591E-004
3.9899999999999372E+000	-1.6820549274609853E-004
3.9949999999999370E+000	-1.5529131742020308E-004
3.9999999999999369E+000	-1.4268484459523112E-004
4.0049999999999368E+000	-1.3039034089679102E-004
4.0099999999999367E+000	-1.1841533112344482E-004
4.0149999999999366E+000	-1.0676351576954790E-004
4.0199999999999365E+000	-9.5439174427336404E-005
4.0249999999999364E+000	-8.4043102120956448E-005
4.0299999999999363E+000	-7.3715443531630065E-005
4.0349999999999362E+000	-6.2906556381747691E-005
4.0399999999999361E+000	-5.2680368476720751E-005
4.0449999999999360E+000	-4.2120801855172196E-005
4.0499999999999359E+000	-3.3576423853265425E-005
4.0549999999999358E+000	-2.4560535298423503E-005
4.0599999999999357E+000	-1.5836133489988136E-005
4.0649999999999356E+000	-7.5291594588966504E-006
4.0699999999999354E+000	3.5370057216432826E-007
4.0749999999999353E+000	7.8255016005002176E-006
4.0799999999999352E+000	1.4899555667247100E-005
4.0849999999999351E+000	1.9876744282054659E-005
4.0899999999999350E+000	2.5740339417934521E-005
4.0949999999999349E+000	3.1962736305901629E-005
4.0999999999999348E+000	3.7875656677233138E-005
4.1049999999999347E+000	4.3358625622547109E-005
4.1099999999999346E+000	4.8412667290609335E-005
4.1149999999999345E+000	5.3055464718454459E-005
4.1199999999999344E+000	5.7302616663923445E-005
4.1249999999999343E+000	6.1166476092777700E-005
4.1299999999999342E+000	6.4657030047543529E-005
4.1349999999999341E+000	6.7783412244892816E-005
4.1399999999999340E+000	7.0550753533016319E-005
4.1449999999999338E+000	7.2964619626469940E-005
4.1499999999999337E+000	7.5029113571156714E-005
4.1549999999999336E+000	7.6748600019715951E-005
4.1599999999999335E+000	7.8127671606198490E-005
4.1649999999999334E+000	7.9172762497803362E-005
4.1699999999999333E+000	7.9887844837811528E-005
4.1749999999999332E+000	8.0274605873009719E-005
4.1799999999999331E+000	8.0337556067178184E-005
4.1849999999999330E+000	8.0085971701393532E-005
4.1899999999999329E+000	7.9482635827243797E-005
4.1949999999999328E+000	7.8573407644721982E-005
4.1999999999999327E+000	7.7362127716584794E-005
4.2049999999999326E+000	7.5852156056432918E-005
4.2099999999999325E+000	7.4047952939970685E-005
4.2149999999999324E+000	7.1954426439146957E-005
4.2199999999999322E+000	6.9576943532823066E-005
4.2249999999999321E+000	6.6921110179141152E-005
4.2299999999999320E+000	6.3992518409161647E-005
4.2349999999999319E+000	6.0796945395846791E-005
4.2399999999999318E+000	5.7340315304577061E-005
4.2449999999999317E+000	5.3628691115026328E-005
4.2499999999999316E+000	4.9668216582254843E-005
4.2549999999999315E+000	4.5465269104649764E-005
4.2599999999999314E+000	4.1026287836753994E-005
4.2649999999999313E+000	3.6357805428988144E-005
4.2699999999999312E+000	3.1466582116612685E-005
4.2749999999999311E+000	2.6360144444348421E-005
4.2799999999999310E+000	2.1044864895181092E-005
4.2849999999999309E+000	1.5527480144772454E-005
4.2899999999999308E+000	9.8146806497556582E-006
4.2949999999999307E+000	3.9135385476729567E-006
4.2999999999999305E+000	-2.1687610702869620E-006
4.3049999999999304E+000	-8.4244470032190932E-006
4.3099999999999303E+000	-1.4846741404728192E-005
4.3149999999999302E+000	-2.1428238318410564E-005
4.3199999999999301E+000	-2.8161567859119607E-005
4.3249999999999300E+000	-3.5038890071836803E-005
4.3299999999999299E+000	-4.2053064263525286E-005
4.3349999999999298E+000	-4.9196606662471609E-005
4.3399999999999297E+000	-5.6462222199016310E-005
4.3449999999999296E+000	-6.3842311512574135E-005
4.3499999999999295E+000	-7.1329116506868573E-005
4.3549999999999294E+000	-7.8915013963065661E-005
4.3599999999999293E+000	-8.6592514709660229E-005
4.3649999999999292E+000	-9.4354107213479033E-005
4.3699999999999291E+000	-1.0219229121577467E-004
4.3749999999999289E+000	-1.1009959181140783E-004
4.3799999999999288E+000	-1.1808280724723286E-004
4.3849999999999287E+000	-1.2611708749188377E-004
4.3899999999999286E+000	-1.3419935398661931E-004
4.3949999999999285E+000	-1.4232093150634562E-004
4.3999999999999284E+000	-1.5047428644032745E-004
4.4049999999999283E+000	-1.5865218163446659E-004
4.4099999999999282E+000	-1.6684745188344507E-004
4.4149999999999281E+000	-1.7505299352849057E-004
4.4199999999999280E+000	-1.8326176078042877E-004
4.4249999999999279E+000	-1.9146676702852528E-004
4.4299999999999278E+000	-1.9965695699741826E-004
4.4349999999999277E+000	-2.0782942851793607E-004
4.4399999999999276E+000	-2.1597788463323386E-004
4.4449999999999275E+000	-2.2409436360448787E-004
4.4499999999999273E+000	-2.3397707881456231E-004
4.4549999999999272E+000	-2.4077190533122739E-004
4.4599999999999271E+000	-2.4824403244316784E-004
4.4649999999999270E+000	-2.5585923701842983E-004
4.4699999999999269E+000	-2.6351761126652828E-004
4.4749999999999268E+000	-2.7116863322207418E-004
4.4799999999999267E+000	-2.8163844537432148E-004
4.4849999999999266E+000	-2.8817745047649002E-004
4.4899999999999265E+000	-2.9758147031311299E-004
4.4949999999999264E+000	-3.0407133703724831E-004
4.4949999999999264E+000	-3.0406214583145186E-004
4.4999999999999263E+000	-3.1109817732777323E-004
4.5049999999999262E+000	-3.2058297343673381E-004
4.5099999999999261E+000	-3.2697618440358234E-004
4.5149999999999260E+000	-3.3363400433383816E-004
4.5199999999999259E+000	-3.4031496857145349E-004
4.5249999999999257E+000	-3.4694983168526150E-004
4.5299999999999256E+000	-3.5350311052773087E-004
4.5349999999999255E+000	-3.5995534563448839E-004
4.5399999999999254E+000	-3.6629288359357748E-004
4.5449999999999253E+000	-3.7250497309382347E-004
4.5499999999999252E+000	-3.7858292642334312E-004
4.5549999999999251E+000	-3.8451983749021590E-004
4.5599999999999250E+000	-3.9030932546768593E-004
4.5649999999999249E+000	-3.9594609011694981E-004
4.5699999999999248E+000	-4.0142547576649257E-004
4.5749999999999247E+000	-4.0674329802481424E-004
4.5799999999999246E+000	-4.1189587233136926E-004
4.5849999999999245E+000	-4.1687964470982219E-004
4.5899999999999244E+000	-4.2169116086254732E-004
4.5949999999999243E+000	-4.2632734513592396E-004
4.5999999999999241E+000	-4.3078530339624166E-004
4.6049999999999240E+000	-4.3506232852308369E-004
4.6099999999999239E+000	-4.3915588145548856E-004
4.6149999999999238E+000	-4.4306355539491804E-004
4.6199999999999237E+000	-4.4678314562052179E-004
4.6249999999999236E+000	-4.5031253750105193E-004
4.6299999999999235E+000	-4.5364980849604830E-004
4.6349999999999234E+000	-4.5679332088710556E-004
4.6399999999999233E+000	-4.5974142351989933E-004
4.6449999999999232E+000	-4.6249260361630462E-004
4.6499999999999231E+000	-4.6504553012105543E-004
4.6549999999999230E+000	-4.6739905683301775E-004
4.6599999999999229E+000	-4.6955225198208606E-004
4.6649999999999228E+000	-4.7150432136555676E-004
4.6699999999999227E+000	-4.7325482580606870E-004
4.6749999999999226E+000	-4.7480376564346116E-004
4.6799999999999224E+000	-4.7615048665106130E-004
4.6849999999999223E+000	-4.7729488309256052E-004
4.6899999999999222E+000	-4.7823687205561516E-004
4.6949999999999221E+000	-4.7897667169150004E-004
4.6999999999999220E+000	-4.7951458227080135E-004
4.7049999999999219E+000	-4.7985079011181320E-004
4.7099999999999218E+000	-4.7998561458173494E-004
4.7149999999999217E+000	-4.7991991924756228E-004
4.7199999999999216E+000	-4.7965460271059968E-004
4.7249999999999215E+000	-4.7918880948605302E-004
4.7299999999999214E+000	-4.7852654118030191E-004
4.7349999999999213E+000	-4.7766894099288137E-004
4.7399999999999212E+000	-4.7661708245949619E-004
4.7449999999999211E+000	-4.7537238984984853E-004
4.7499999999999210E+000	-4.7393652017913013E-004
4.7549999999999208E+000	-4.7231117294432856E-004
4.7599999999999207E+000	-4.7049815850164212E-004
4.7649999999999206E+000	-4.6849941665827455E-004
4.7699999999999205E+000	-4.6631700789889763E-004
4.7749999999999204E+000	-4.6395310998925687E-004
4.7799999999999203E+000	-4.6141005897115672E-004
4.7849999999999202E+000	-4.5868989515140957E-004
4.7899999999999201E+000	-4.5579516580751545E-004
4.7949999999999200E+000	-4.5272853318745199E-004
4.7999999999999199E+000	-4.4949281943362784E-004
4.8049999999999198E+000	-4.4609092961322983E-004
4.8099999999999197E+000	-4.4252580917991668E-004
4.8149999999999196E+000	-4.3880047000444122E-004
4.8199999999999195E+000	-4.3491801668127383E-004
4.8249999999999194E+000	-4.3088164411453356E-004
4.8299999999999192E+000	-4.2669463256461704E-004
4.8349999999999191E+000	-4.2236034511911047E-004
4.8399999999999190E+000	-4.1788229457173642E-004
4.8449999999999189E+000	-4.1326393718765786E-004
4.8499999999999188E+000	-4.0850887304810790E-004
4.8549999999999187E+000	-4.0362076765010357E-004
4.8599999999999186E+000	-3.9860336261654528E-004
4.8649999999999185E+000	-3.9346046903498966E-004
4.8699999999999184E+000	-3.8819581887228338E-004
4.8749999999999183E+000	-3.8281304769172131E-004
4.8799999999999182E+000	-3.7731643092286937E-004
4.8849999999999181E+000	-3.7171015871206858E-004
4.8899999999999180E+000	-3.6599898084133109E-004
4.8949999999999179E+000	-3.6018641678536856E-004
4.8999999999999178E+000	-3.5427674787447128E-004
4.9049999999999176E+000	-3.4827411159976673E-004
4.9099999999999175E+000	-3.4218280995335082E-004
4.9149999999999174E+000	-3.3600720174975507E-004
4.9199999999999173E+000	-3.2975165688908792E-004
4.9249999999999172E+000	-3.2342056179612833E-004
4.9299999999999171E+000	-3.1701762125924127E-004
4.9349999999999170E+000	-3.1053129887770314E-004
4.9399999999999169E+000	-3.0398439390533216E-004
4.9449999999999168E+000	-2.9738026437053922E-004
4.9499999999999167E+000	-2.9157408629743031E-004
4.9549999999999166E+000	-2.8423285619783023E-004
4.9599999999999165E+000	-2.7792936432113891E-004
4.9649999999999164E+000	-2.7077763699412394E-004
4.9699999999999163E+000	-2.6387006606465313E-004
4.9749999999999162E+000	-2.5681920916131862E-004
4.9799999999999160E+000	-2.4904967972594338E-004
4.9849999999999159E+000	-2.4167969919086651E-004
4.9899999999999158E+000	-2.3444086307133905E-004
4.9949999999999157E+000	-2.2924015647607376E-004
4.9999999999999156E+000	-2.2149820868722081E-004
5.0049999999999155E+000	-2.1426021707515730E-004
5.0099999999999154E+000	-2.0708330474683567E-004
5.0149999999999153E+000	-1.9995512527493098E-004
5.0199999999999152E+000	-1.9286384050209993E-004
5.0249999999999151E+000	-1.8580399930345770E-004
5.0299999999999150E+000	-1.7878504456037003E-004
5.0349999999999149E+000	-1.7179944334755337E-004
5.0399999999999148E+000	-1.6484924628845654E-004
5.0449999999999147E+000	-1.5793270326969200E-004
5.0499999999999146E+000	-1.5105561771877607E-004
5.0549999999999145E+000	-1.4422285699122739E-004
5.0599999999999143E+000	-1.3743743175254064E-004
5.0649999999999142E+000	-1.3070232416467764E-004
5.0699999999999141E+000	-1.2402075651607447E-004
5.0749999999999140E+000	-1.1739605075922199E-004
5.0799999999999139E+000	-1.1083157919988817E-004
5.0849999999999138E+000	-1.0432786419944939E-004
5.0899999999999137E+000	-9.7893120758696384E-005
5.0949999999999136E+000	-9.1533191130976910E-005
5.0999999999999135E+000	-8.5244668782902266E-005
5.1049999999999134E+000	-7.9033148003393450E-005
5.1099999999999133E+000	-7.2901525682844692E-005
5.1149999999999132E+000	-6.6854305227459498E-005
5.1199999999999131E+000	-6.0894986677939578E-005
5.1249999999999130E+000	-5.5026810239833246E-005
5.1299999999999129E+000	-4.9253073894806043E-005
5.1349999999999127E+000	-4.3576849385273952E-005
5.1399999999999126E+000	-3.8001088413008866E-005
5.1449999999999125E+000	-3.2528640208306925E-005
5.1499999999999124E+000	-2.7162247458245581E-005
5.1549999999999123E+000	-2.1904545003392784E-005
5.1599999999999122E+000	-1.6758060528365704E-005
5.1649999999999121E+000	-1.1725216000790795E-005
5.1699999999999120E+000	-6.8083292771303761E-006
5.1749999999999119E+000	-2.0096157156146432E-006
5.1799999999999118E+000	2.6688104062255746E-006
5.1849999999999117E+000	7.2249348772590594E-006
5.1899999999999116E+000	1.1656842983986948E-005
5.1949999999999115E+000	1.5962719395190561E-005
5.1999999999999114E+000	2.0140848337124595E-005
5.2049999999999113E+000	2.4189614061809195E-005
5.2099999999999111E+000	2.8107502163088327E-005
5.2149999999999110E+000	3.1892902176755555E-005
5.2199999999999109E+000	3.5544498299344696E-005
5.2249999999999108E+000	3.9061257278705241E-005
5.2299999999999107E+000	4.2442051338298370E-005
5.2349999999999106E+000	4.5685362434655374E-005
5.2399999999999105E+000	4.8790838460988084E-005
5.2449999999999104E+000	5.1757653345196886E-005
5.2499999999999103E+000	5.4585133829609944E-005
5.2549999999999102E+000	5.7272755744630643E-005
5.2599999999999101E+000	5.9820082688233356E-005
5.2649999999999100E+000	6.2226771147422255E-005
5.2699999999999099E+000	6.4492580134745126E-005
5.2749999999999098E+000	6.6617373441824057E-005
5.2799999999999097E+000	6.8601118897282376E-005
5.2849999999999095E+000	7.0443889879090449E-005
5.2899999999999094E+000	7.2145862915151682E-005
5.2949999999999093E+000	7.3707317875149059E-005
5.2999999999999092E+000	7.5128637405441623E-005
5.3049999999999091E+000	7.6410306232066461E-005
5.3099999999999090E+000	7.7552910344946824E-005
5.3149999999999089E+000	7.8557136046208953E-005
5.3199999999999088E+000	7.9423768911013326E-005
5.3249999999999087E+000	8.0153692645135166E-005
5.3299999999999086E+000	8.0747887850396438E-005
5.3349999999999085E+000	8.1207430718155393E-005
5.3399999999999084E+000	8.1533491572249872E-005
5.3449999999999083E+000	8.1734260911625611E-005
5.3499999999999082E+000	8.1816860953765058E-005
5.3549999999999081E+000	8.1775308291343052E-005
5.3599999999999079E+000	8.1604197277096446E-005
5.3649999999999078E+000	8.1306798007663161E-005
5.3699999999999077E+000	8.0885431137600605E-005
5.3749999999999076E+000	8.0341402051598010E-005
5.3799999999999075E+000	7.9676337659817520E-005
5.3849999999999074E+000	7.8892175006783916E-005
5.3899999999999073E+000	7.7990931058424806E-005
5.3949999999999072E+000	7.6974675721208641E-005
5.3999999999999071E+000	7.5845320563816543E-005
5.4049999999999070E+000	7.4604760330831965E-005
5.4099999999999069E+000	7.3255174492858899E-005
5.4149999999999068E+000	7.1798768457753681E-005
5.4199999999999067E+000	7.0239142633043983E-005
5.4249999999999066E+000	6.8578830682453074E-005
5.4299999999999065E+000	6.6820332785821890E-005
5.4349999999999064E+000	6.4966260142851340E-005
5.4399999999999062E+000	6.3019298413236058E-005
5.4449999999999061E+000	6.0982002099585486E-005
5.4499999999999060E+000	5.8857955433255782E-005
5.4549999999999059E+000	5.6649688463528136E-005
5.4599999999999058E+000	5.4359750249144412E-005
5.4649999999999057E+000	5.1990936122514597E-005
5.4699999999999056E+000	4.9546167905756278E-005
5.4749999999999055E+000	4.7028516929392694E-005
5.4799999999999054E+000	4.4441029611652638E-005
5.4849999999999053E+000	4.1785770396041144E-005
5.4899999999999052E+000	3.9068948316289820E-005
5.4949999999999051E+000	3.6294165142614077E-005
5.4999999999999050E+000	3.3461703492276840E-005
5.5049999999999049E+000	3.0574404874306182E-005
5.5099999999999048E+000	2.7635650668100809E-005
5.5149999999999046E+000	2.4648714241903846E-005
5.5199999999999045E+000	2.1616824116499345E-005
5.5249999999999044E+000	1.8543205130949758E-005
5.5299999999999043E+000	1.5431081281880310E-005
5.5349999999999042E+000	1.3113333355851964E-005
5.5399999999999041E+000	1.0023552006410696E-005
5.5449999999999040E+000	5.2863605559672067E-006
5.5499999999999039E+000	1.7106083691764695E-006
5.5549999999999038E+000	-1.5677627207555389E-006
5.5599999999999037E+000	-4.7772628031239606E-006
5.5649999999999036E+000	-7.9788192999252772E-006
5.5699999999999035E+000	-1.1190825665363668E-005
5.5749999999999034E+000	-1.4417817101430863E-005
5.5799999999999033E+000	-1.7658970833722698E-005
5.5849999999999032E+000	-2.0911270131596105E-005
5.5899999999999030E+000	-2.4170775580034665E-005
5.5949999999999029E+000	-2.7433381508457089E-005
5.5999999999999028E+000	-3.0694943377262973E-005
5.6049999999999027E+000	-3.3951489000982882E-005
5.6099999999999026E+000	-3.7199285480848943E-005
5.6149999999999025E+000	-4.0434826083401987E-005
5.6199999999999024E+000	-4.3654798373649051E-005
5.6249999999999023E+000	-4.6856046849952371E-005
5.6299999999999022E+000	-5.0035556326544217E-005
5.6349999999999021E+000	-5.3190368605737781E-005
5.6399999999999020E+000	-5.6317573215114436E-005
5.6449999999999019E+000	-5.6794669721305091E-005
5.6499999999999018E+000	-5.9649787029547596E-005
5.6549999999999017E+000	-6.4202101638710651E-005
5.6599999999999016E+000	-6.6384434847854834E-005
5.6649999999999014E+000	-7.0604199225998698E-005
5.6699999999999013E+000	-7.4016627775841393E-005
5.6749999999999012E+000	-7.7066984215723444E-005
5.6799999999999011E+000	-7.9953827891277029E-005
5.6849999999999010E+000	-8.2743812176655496E-005
5.6899999999999009E+000	-8.5461103931927518E-005
5.6949999999999008E+000	-8.8114590365395706E-005
5.6999999999999007E+000	-8.8479230971993950E-005
5.7049999999999006E+000	-9.0992599698913601E-005
5.7099999999999005E+000	-9.4915303841647258E-005
5.7149999999999004E+000	-9.7972875762963874E-005
5.7199999999999003E+000	-1.0059712250543029E-004
5.7249999999999002E+000	-1.0301590690298124E-004
5.7299999999999001E+000	-1.0530659629037764E-004
5.7349999999999000E+000	-1.0749867584458617E-004
5.7399999999998998E+000	-1.0960425063522017E-004
5.7449999999998997E+000	-1.1162822334942479E-004
5.7499999999998996E+000	-1.1357222630803410E-004
5.7549999999998995E+000	-1.1543632422261751E-004
5.7599999999998994E+000	-1.1721984676027475E-004
5.7649999999998993E+000	-1.1892180956163401E-004
5.7699999999998992E+000	-1.2054112697912345E-004
5.7749999999998991E+000	-1.2207669045161129E-004
5.7799999999998990E+000	-1.2352753017941254E-004
5.7849999999998989E+000	-1.2489282936967161E-004
5.7899999999998988E+000	-1.2617187711361222E-004
5.7949999999998987E+000	-1.2736405275948215E-004
5.7999999999998986E+000	-1.2846888926143496E-004
5.8049999999998985E+000	-1.2948602931228681E-004
5.8099999999998984E+000	-1.3041514896450224E-004
5.8149999999998983E+000	-1.3125598708119135E-004
5.8199999999998981E+000	-1.3200829809378867E-004
5.8249999999998980E+000	-1.3267193790122978E-004
5.8299999999998979E+000	-1.3324683444559948E-004
5.8349999999998978E+000	-1.3373290938845095E-004
5.8399999999998977E+000	-1.3413010605889397E-004
5.8449999999998976E+000	-1.3443855960282303E-004
5.8499999999998975E+000	-1.3465847197979830E-004
5.8549999999998974E+000	-1.3479002752436742E-004
5.8599999999998973E+000	-1.3483344989306811E-004
5.8649999999998972E+000	-1.3478907949149299E-004
5.8699999999998971E+000	-1.3465722794392398E-004
5.8749999999998970E+000	-1.3443828321990647E-004
5.8799999999998969E+000	-1.3413282954644057E-004
5.8849999999998968E+000	-1.3374147734057651E-004
5.8899999999998967E+000	-1.3326486944198468E-004
5.8949999999998965E+000	-1.3270366981177339E-004
5.8999999999998964E+000	-1.3205862699017246E-004
5.9049999999998963E+000	-1.3133057050274122E-004
5.9099999999998962E+000	-1.3052040923566821E-004
5.9149999999998961E+000	-1.2962912815528416E-004
5.9199999999998960E+000	-1.2865776241510751E-004
5.9249999999998959E+000	-1.2760739602757365E-004
5.9299999999998958E+000	-1.2647916561348005E-004
5.9349999999998957E+000	-1.2527426305886102E-004
5.9399999999998956E+000	-1.2399393500517331E-004
5.9449999999998955E+000	-1.2263947919399776E-004
5.9499999999998954E+000	-1.2121224432493083E-004
5.9549999999998953E+000	-1.1971362748663950E-004
5.9599999999998952E+000	-1.1814507297891463E-004
5.9649999999998951E+000	-1.1650807083596337E-004
5.9699999999998949E+000	-1.1480415521336607E-004
5.9749999999998948E+000	-1.1303490268732563E-004
5.9799999999998947E+000	-1.1120193053792971E-004
5.9849999999998946E+000	-1.0930689496913004E-004
5.9899999999998945E+000	-1.0735148933316285E-004
5.9949999999998944E+000	-1.0533744231977504E-004
5.9999999999998943E+000	-1.0326651611614057E-004
6.0049999999998942E+000	-1.0114050456899726E-004
6.0099999999998941E+000	-9.8961231329464105E-005
6.0149999999998940E+000	-9.6730547981649373E-005
6.0199999999998939E+000	-9.4450332184581320E-005
6.0249999999998938E+000	-9.2122485793377784E-005
6.0299999999998937E+000	-8.9748932994626607E-005
6.0349999999998936E+000	-8.7335113488351546E-005
6.0399999999998935E+000	-8.2055393351931905E-005
6.0449999999998933E+000	-8.1118589164153043E-005
6.0499999999998932E+000	-7.9206257859398832E-005
6.0549999999998931E+000	-7.6886216161864418E-005
6.0599999999998930E+000	-7.4395663333448603E-005
6.0649999999998929E+000	-7.1816561564519432E-005
6.0699999999998928E+000	-6.9182165167602783E-005
6.0749999999998927E+000	-6.6508648505658741E-005
6.0799999999998926E+000	-6.1173653394641647E-005
6.0849999999998925E+000	-6.0033052660113384E-005
6.0899999999998924E+000	-5.5463304881708808E-005
6.0949999999998923E+000	-5.2747467195968234E-005
6.0999999999998922E+000	-5.2133924835828793E-005
6.1049999999998921E+000	-4.9889391997237631E-005
6.1099999999998920E+000	-4.7189419828175261E-005
6.1149999999998919E+000	-4.4352728921448481E-005
6.1199999999998917E+000	-4.1471527907344097E-005
6.1249999999998916E+000	-3.8576998936723506E-005
6.1299999999998915E+000	-3.5680582516239845E-005
6.1349999999998914E+000	-3.2786764797343437E-005
6.1399999999998913E+000	-2.9897554669977566E-005
6.1449999999998912E+000	-2.7014138325398562E-005
6.1499999999998911E+000	-2.4137517386280116E-005
6.1549999999998910E+000	-2.1268756886794193E-005
6.1599999999998909E+000	-1.8409068807567763E-005
6.1649999999998908E+000	-1.5559820438548755E-005
6.1699999999998907E+000	-1.2722509643903201E-005
6.1749999999998906E+000	-9.8987251033744172E-006
6.1799999999998905E+000	-7.0901164460623889E-006
6.1849999999998904E+000	-4.2983662689177748E-006
6.1899999999998903E+000	-1.5251649598813088E-006
6.1949999999998902E+000	1.2278073400207035E-006
6.1999999999998900E+000	3.9588923228528472E-006
6.2049999999998899E+000	6.6664607856203872E-006
6.2099999999998898E+000	9.3489169041838238E-006
6.2149999999998897E+000	1.2004700562728843E-005
6.2199999999998896E+000	1.4632288503735325E-005
6.2249999999998895E+000	1.7230194830242240E-005
6.2299999999998894E+000	1.9807108148972574E-005
6.2349999999998893E+000	2.3320422119832429E-005
6.2399999999998892E+000	2.4078768909641113E-005
6.2449999999998891E+000	2.6190109881252255E-005
6.2499999999998890E+000	2.8629445859351677E-005
6.2549999999998889E+000	3.1116247314999512E-005
6.2599999999998888E+000	3.3578967675751414E-005
6.2649999999998887E+000	3.5994597987309973E-005
6.2699999999998886E+000	3.8354539618756789E-005
6.2749999999998884E+000	4.0660124828839628E-005
6.2799999999998883E+000	4.2911710087079058E-005
6.2849999999998882E+000	4.5109624037253937E-005
6.2899999999998881E+000	4.7254450666445180E-005
6.2949999999998880E+000	4.9346743184575104E-005
6.2999999999998879E+000	5.1386881140036422E-005
6.3049999999998878E+000	5.3374844753317774E-005
6.3099999999998877E+000	5.5310779472739213E-005
6.3149999999998876E+000	5.7194553667816450E-005
6.3199999999998875E+000	5.9025887303665314E-005
6.3249999999998874E+000	6.0804412516324291E-005
6.3299999999998873E+000	6.2529716079895437E-005
6.3349999999998872E+000	6.4201368953797910E-005
6.3399999999998871E+000	6.5818944553264203E-005
6.3449999999998870E+000	6.7382031417650978E-005
6.3499999999998868E+000	6.8890242799879431E-005
6.3549999999998867E+000	7.0343223253388487E-005
6.3599999999998866E+000	7.1740652592966470E-005
6.3649999999998865E+000	7.3082248138289785E-005
6.3699999999998864E+000	7.4367766088156984E-005
6.3749999999998863E+000	7.5597002421323722E-005
6.3799999999998862E+000	7.6769793543318698E-005
6.3849999999998861E+000	7.7886016731198993E-005
6.3899999999998860E+000	7.8945590437751179E-005
6.3949999999998859E+000	7.9948474437818717E-005
6.3999999999998858E+000	8.0895465999875071E-005
6.4049999999998857E+000	8.1785953984558901E-005
6.4099999999998856E+000	8.2620201271810245E-005
6.4149999999998855E+000	8.3398088595032505E-005
6.4199999999998854E+000	8.4121222145627783E-005
6.4249999999998852E+000	8.4788334976382274E-005
6.4299999999998851E+000	8.5399560082022319E-005
6.4349999999998850E+000	8.5956243785600961E-005
6.4399999999998849E+000	8.6458383153908969E-005
6.4449999999998848E+000	8.6905676969228907E-005
6.4499999999998847E+000	8.7298496127541370E-005
6.4549999999998846E+000	8.7638190706007535E-005
6.4599999999998845E+000	8.7924728117139139E-005
6.4649999999998844E+000	8.8158208787492143E-005
6.4699999999998843E+000	8.8339118858860033E-005
6.4749999999998842E+000	8.8468039290079403E-005
6.4799999999998841E+000	8.8545575049892022E-005
6.4849999999998840E+000	8.8574768592364350E-005
6.4899999999998839E+000	8.8553936377966380E-005
6.4949999999998838E+000	8.8464688869471786E-005
6.4999999999998836E+000	8.8318706534584734E-005
6.5049999999998835E+000	8.8117602955239960E-005
6.5099999999998834E+000	8.7871545223272562E-005
6.5149999999998833E+000	8.7580655305119492E-005
6.5199999999998832E+000	8.7245100682586951E-005
6.5249999999998831E+000	8.6865499524746426E-005
6.5299999999998830E+000	8.6442644939177526E-005
6.5349999999998829E+000	8.5977394830294429E-005
6.5399999999998828E+000	8.5470638603757365E-005
6.5449999999998827E+000	8.4923290537775031E-005
6.5499999999998826E+000	8.4336290108844025E-005
6.5549999999998825E+000	8.3710602607256490E-005
6.5599999999998824E+000	8.3047218234044706E-005
6.5649999999998823E+000	8.2347150667017033E-005
6.5699999999998822E+000	8.1611435452488834E-005
6.5749999999998820E+000	8.0841129076913987E-005
6.5799999999998819E+000	8.0037307287117443E-005
6.5849999999998818E+000	7.9201063595046861E-005
6.5899999999998817E+000	7.8333508091610327E-005
6.5949999999998816E+000	7.7435765929667610E-005
6.5999999999998815E+000	7.6508975850542171E-005
6.6049999999998814E+000	7.5554288990753449E-005
6.6099999999998813E+000	7.4572867402311616E-005
6.6149999999998812E+000	7.3565882974024888E-005
6.6199999999998811E+000	7.2534516301292484E-005
6.6249999999998810E+000	7.1479955284337038E-005
6.6299999999998809E+000	7.0403393096718503E-005
6.6349999999998808E+000	6.9306030154425713E-005
6.6399999999998807E+000	6.8189071671609369E-005
6.6449999999998806E+000	6.7053726282129134E-005
6.6499999999998805E+000	6.5901205214879965E-005
6.6549999999998803E+000	6.4732720841176317E-005
6.6599999999998802E+000	6.3549484941916035E-005
6.6649999999998801E+000	6.2353127178838008E-005
6.6699999999998800E+000	6.1144421344305755E-005
6.6749999999998799E+000	5.9924577099135234E-005
6.6799999999998798E+000	5.8694815976645387E-005
6.6849999999998797E+000	5.7456342673622984E-005
6.6899999999998796E+000	5.6210345632079495E-005
6.6949999999998795E+000	5.4958038355090721E-005
6.6999999999998794E+000	5.3700627960617808E-005
6.7049999999998793E+000	5.2439293152684030E-005
6.7099999999998792E+000	5.1175199297093243E-005
6.7149999999998791E+000	4.9909506770529077E-005
6.7199999999998790E+000	4.8643369187750807E-005
6.7249999999998789E+000	4.7377929367042881E-005
6.7299999999998787E+000	4.6114320489731853E-005
6.7349999999998786E+000	4.4853663431876356E-005
6.7399999999998785E+000	4.3597065475076135E-005
6.7449999999998784E+000	4.2345621733108629E-005
6.7499999999998783E+000	4.1100414561290322E-005
6.7549999999998782E+000	3.9862511257870992E-005
6.7599999999998781E+000	3.8632962164220075E-005
6.7649999999998780E+000	3.7412801162872711E-005
6.7699999999998779E+000	3.6203046920757487E-005
6.7749999999998778E+000	3.5004703165419926E-005
6.7799999999998777E+000	3.3819016135971935E-005
6.7849999999998776E+000	3.2646698443938860E-005
6.7899999999998775E+000	3.1488736456530830E-005
6.7949999999998774E+000	3.0346062376063188E-005
6.7999999999998773E+000	2.9219563883797761E-005
6.8049999999998771E+000	2.8110118859503430E-005
6.8099999999998770E+000	2.7018592287930687E-005
6.8149999999998769E+000	2.5945828779683211E-005
6.8199999999998768E+000	2.4892650393848470E-005
6.8249999999998767E+000	2.3859857029240317E-005
6.8299999999998766E+000	2.2848511198381161E-005
6.8349999999998765E+000	2.1859094997855877E-005
6.8399999999998764E+000	2.0892359929192139E-005
6.8449999999998763E+000	1.9949011419662099E-005
6.8499999999998762E+000	1.9029710754070450E-005
6.8549999999998761E+000	1.8135107995087552E-005
6.8599999999998760E+000	1.7265837529034656E-005
6.8649999999998759E+000	1.6422511827762776E-005
6.8699999999998758E+000	1.5605713507005348E-005
6.8749999999998757E+000	1.4815997792183566E-005
6.8799999999998755E+000	1.4053889118459395E-005
6.8849999999998754E+000	1.3319880389550676E-005
6.8899999999998753E+000	1.2614440215497069E-005
6.8949999999998752E+000	1.1938014395695973E-005
6.8999999999998751E+000	1.1291026490445333E-005
6.9049999999998750E+000	1.0674047909775553E-005
6.9099999999998749E+000	1.0087285905013843E-005
6.9149999999998748E+000	9.5311184560298301E-006

 
