Grouping:(4, 0) J686-3OrdInit
# x 	 y
0.0000000000000000E+000	-8.3819809570635258E-007
5.0000000000000001E-003	-8.8749068071235221E-007
1.0000000000000000E-002	7.3549844232931029E-006
1.4999999999999999E-002	2.0101353954513912E-005
2.0000000000000000E-002	3.7107185604723596E-005
2.5000000000000001E-002	5.8288269859702450E-005
3.0000000000000002E-002	8.3542283673559368E-005
3.5000000000000003E-002	1.1275416265480393E-004
4.0000000000000001E-002	1.4579877568244462E-004
4.4999999999999998E-002	1.8254326140622283E-004
4.9999999999999996E-002	2.2344242610524399E-004
5.4999999999999993E-002	2.6680126459832090E-004
5.9999999999999991E-002	3.1366308834195500E-004
6.4999999999999988E-002	3.6368421705411754E-004
6.9999999999999993E-002	4.1668914039727457E-004
7.4999999999999997E-002	4.7251764017544753E-004
8.0000000000000002E-002	5.3100961647178338E-004
8.5000000000000006E-002	5.9200332195690148E-004
9.0000000000000011E-002	6.5533551282570470E-004
9.5000000000000015E-002	7.2084190784120537E-004
1.0000000000000002E-001	7.8835762977329954E-004
1.0500000000000002E-001	8.5771755090916402E-004
1.1000000000000003E-001	9.2875658010753979E-004
1.1500000000000003E-001	1.0013100233496740E-003
1.2000000000000004E-001	1.0752136893029008E-003
1.2500000000000003E-001	1.1503036271837720E-003
1.3000000000000003E-001	1.2264176630915140E-003
1.3500000000000004E-001	1.3033947454237349E-003
1.4000000000000004E-001	1.3810754361351589E-003
1.4500000000000005E-001	1.4593162679657969E-003
1.5000000000000005E-001	1.5379472102805686E-003
1.5500000000000005E-001	1.6168132770111451E-003
1.6000000000000006E-001	1.6957177020164376E-003
1.6500000000000006E-001	1.7745519692629089E-003
1.7000000000000007E-001	1.8531753560478649E-003
1.7500000000000007E-001	1.9314436136973674E-003
1.8000000000000008E-001	2.0092159099294503E-003
1.8500000000000008E-001	2.0863542465637290E-003
1.9000000000000009E-001	2.1627246335342168E-003
1.9500000000000009E-001	2.2381963409053873E-003
2.0000000000000009E-001	2.3126415825579227E-003
2.0500000000000010E-001	2.3859365005534350E-003
2.1000000000000010E-001	2.4579622637467798E-003
2.1500000000000011E-001	2.5286005900030887E-003
2.2000000000000011E-001	2.5977384889271896E-003
2.2500000000000012E-001	2.6652686977150473E-003
2.3000000000000012E-001	2.7326261601777380E-003
2.3500000000000013E-001	2.7964916507201040E-003
2.4000000000000013E-001	2.8585635638798679E-003
2.4500000000000013E-001	2.9186294894200976E-003
2.5000000000000011E-001	2.9766051158470605E-003
2.5500000000000012E-001	3.0324115687511478E-003
2.6000000000000012E-001	3.0859725376717606E-003
2.6500000000000012E-001	3.1385320465212381E-003
2.7000000000000013E-001	3.1871358799640290E-003
2.7500000000000013E-001	3.2334163306029107E-003
2.8000000000000014E-001	3.2771942482705844E-003
2.8500000000000014E-001	3.3184144116182529E-003
2.9000000000000015E-001	3.3573987097941745E-003
2.9500000000000015E-001	3.3936154423415896E-003
3.0000000000000016E-001	3.4268249788674075E-003
3.0500000000000016E-001	3.4572560303684067E-003
3.1000000000000016E-001	3.4849259527448390E-003
3.1500000000000017E-001	3.5122782780218371E-003
3.2000000000000017E-001	3.5339649466654215E-003
3.2500000000000018E-001	3.5529381222813906E-003
3.3000000000000018E-001	3.5690920753028302E-003
3.3500000000000019E-001	3.5824282879918070E-003
3.4000000000000019E-001	3.5954889778792311E-003
3.4500000000000020E-001	3.6026369920620668E-003
3.5000000000000020E-001	3.6070360341976765E-003
3.5500000000000020E-001	3.6085708752261990E-003
3.6000000000000021E-001	3.6073444047666041E-003
3.6500000000000021E-001	3.6033521904681289E-003
3.7000000000000022E-001	3.5965880632370635E-003
3.7500000000000022E-001	3.5870687625937083E-003
3.8000000000000023E-001	3.5748120453249093E-003
3.8500000000000023E-001	3.5598429818640099E-003
3.9000000000000024E-001	3.5421906082655319E-003
3.9500000000000024E-001	3.5218896124655169E-003
4.0000000000000024E-001	3.4989787424050678E-003
4.0500000000000025E-001	3.4735014512724894E-003
4.1000000000000025E-001	3.4475301857664550E-003
4.1500000000000026E-001	3.4158225348279100E-003
4.2000000000000026E-001	3.3825054890826698E-003
4.2500000000000027E-001	3.3469451173990718E-003
4.3000000000000027E-001	3.3091651170531183E-003
4.3500000000000028E-001	3.2692153785480620E-003
4.4000000000000028E-001	3.2271485859604473E-003
4.4500000000000028E-001	3.1830225990184462E-003
4.5000000000000029E-001	3.1369013103322214E-003
4.5500000000000029E-001	3.0910888200438059E-003
4.6000000000000030E-001	3.0397576664797079E-003
4.6500000000000030E-001	2.9878046422056478E-003
4.7000000000000031E-001	2.9342349633291261E-003
4.7500000000000031E-001	2.8810136702756188E-003
4.8000000000000032E-001	2.8232564846805363E-003
4.8500000000000032E-001	2.7651755958618125E-003
4.9000000000000032E-001	2.7057559029751142E-003
4.9500000000000033E-001	2.6450617005093057E-003
5.0000000000000033E-001	2.5831934159773508E-003
5.0500000000000034E-001	2.5202496378301394E-003
5.1000000000000034E-001	2.4563250431118146E-003
5.1500000000000035E-001	2.3915087735277337E-003
5.2000000000000035E-001	2.3259425165856351E-003
5.2500000000000036E-001	2.2596712888929634E-003
5.3000000000000036E-001	2.1927921366584327E-003
5.3500000000000036E-001	2.1254033866466120E-003
5.4000000000000037E-001	2.0575962386983164E-003
5.4500000000000037E-001	1.9894663429284912E-003
5.5000000000000038E-001	1.9211071463944422E-003
5.5500000000000038E-001	1.8526126494163840E-003
5.6000000000000039E-001	1.7840767648460770E-003
5.6500000000000039E-001	1.7155929451354930E-003
5.7000000000000040E-001	1.6472534058850554E-003
5.7500000000000040E-001	1.5791498259736547E-003
5.8000000000000040E-001	1.5113728278712171E-003
5.8500000000000041E-001	1.4440119350570331E-003
5.9000000000000041E-001	1.3771550290795458E-003
5.9500000000000042E-001	1.3108889481059690E-003
6.0000000000000042E-001	1.2452986837563143E-003
6.0500000000000043E-001	1.1804677607799049E-003
6.1000000000000043E-001	1.1164781034752062E-003
6.1500000000000044E-001	1.0534093086248797E-003
6.2000000000000044E-001	9.9133943180893013E-004
6.2500000000000044E-001	9.3034404631372851E-004
6.3000000000000045E-001	8.7049665852832075E-004
6.3500000000000045E-001	8.1186855145630162E-004
6.4000000000000046E-001	7.5452891209246912E-004
6.4500000000000046E-001	6.9854385117535170E-004
6.5000000000000047E-001	6.4397726708138924E-004
6.5500000000000047E-001	5.9088838990842393E-004
6.6000000000000048E-001	5.3933810347718135E-004
6.6500000000000048E-001	4.8941778045602383E-004
6.7000000000000048E-001	4.4113977558918284E-004
6.7500000000000049E-001	3.9456327368765545E-004
6.8000000000000049E-001	3.4973594869652238E-004
6.8500000000000050E-001	3.0669911450569210E-004
6.9000000000000050E-001	2.6549270028222450E-004
6.9500000000000051E-001	2.2615408300082451E-004
7.0000000000000051E-001	1.8871807702716976E-004
7.0500000000000052E-001	1.5321635844921079E-004
7.1000000000000052E-001	1.1967718220252059E-004
7.1500000000000052E-001	8.8127182283815109E-005
7.2000000000000053E-001	5.8588776676390508E-005
7.2500000000000053E-001	3.1081371201584508E-005
7.3000000000000054E-001	5.6213824237646839E-006
7.3500000000000054E-001	-1.7777887760205039E-005
7.4000000000000055E-001	-3.9106279308116750E-005
7.4500000000000055E-001	-5.8356744021216878E-005
7.5000000000000056E-001	-8.1232519820921643E-005
7.5500000000000056E-001	-9.3303693626598430E-005
7.6000000000000056E-001	-1.0584707451908832E-004
7.6500000000000057E-001	-1.1663499745467431E-004
7.7000000000000057E-001	-1.2535678545978922E-004
7.7500000000000058E-001	-1.3199882135701201E-004
7.8000000000000058E-001	-1.3658527263743202E-004
7.8500000000000059E-001	-1.3914293036437707E-004
7.9000000000000059E-001	-1.3969899462839736E-004
7.9500000000000060E-001	-1.4111254945268695E-004
8.0000000000000060E-001	-1.3777659454868350E-004
8.0500000000000060E-001	-1.2954597229581326E-004
8.1000000000000061E-001	-1.2203609976521229E-004
8.1500000000000061E-001	-1.1478553373625419E-004
8.2000000000000062E-001	-1.0111028323283646E-004
8.2500000000000062E-001	-8.8206638452175556E-005
8.3000000000000063E-001	-7.3782246001167956E-005
8.3500000000000063E-001	-5.7597778697861032E-005
8.4000000000000064E-001	-3.9699813030576674E-005
8.4500000000000064E-001	-2.0160523800243624E-005
8.5000000000000064E-001	9.5409619163048680E-007
8.5500000000000065E-001	2.3583805191836974E-005
8.6000000000000065E-001	4.7671311555732031E-005
8.6500000000000066E-001	7.3160467505077522E-005
8.7000000000000066E-001	9.9994899948918615E-005
8.7500000000000067E-001	1.2811739418760681E-004
8.8000000000000067E-001	1.5746960009469603E-004
8.8500000000000068E-001	1.8799198079953958E-004
8.9000000000000068E-001	2.1962387985991155E-004
8.9500000000000068E-001	2.5230364467753380E-004
9.0000000000000069E-001	2.8596875168752293E-004
9.0500000000000069E-001	3.2055591831332819E-004
9.1000000000000070E-001	3.5600136194083125E-004
9.1500000000000070E-001	3.9224043721063865E-004
9.2000000000000071E-001	4.2920818543318648E-004
9.2500000000000071E-001	4.6683928439539388E-004
9.3000000000000071E-001	5.0506857582106358E-004
9.3500000000000072E-001	5.4383013521868860E-004
9.4000000000000072E-001	5.8305829862699424E-004
9.4500000000000073E-001	6.2268666712022376E-004
9.5000000000000073E-001	6.6264886130125216E-004
9.5500000000000074E-001	7.0287965611463268E-004
9.6000000000000074E-001	7.4331413444766428E-004
9.6500000000000075E-001	7.8386992057483844E-004
9.7000000000000075E-001	8.2449962925573272E-004
9.7500000000000075E-001	8.6513986478829643E-004
9.8000000000000076E-001	9.0572694063343294E-004
9.8500000000000076E-001	9.4619840471024349E-004
9.9000000000000077E-001	9.8649287997917660E-004
9.9500000000000077E-001	1.0265500134148545E-003
1.0000000000000007E+000	1.0663106899145036E-003
1.0050000000000006E+000	1.1057172786371669E-003
1.0100000000000005E+000	1.1447137198549169E-003
1.0150000000000003E+000	1.1832454020043188E-003
1.0200000000000002E+000	1.2212590911752229E-003
1.0250000000000001E+000	1.2587031802307250E-003
1.0300000000000000E+000	1.2955269466019723E-003
1.0349999999999999E+000	1.3316813399393064E-003
1.0399999999999998E+000	1.3671189032668125E-003
1.0449999999999997E+000	1.4017936843590830E-003
1.0499999999999996E+000	1.4356392779906570E-003
1.0549999999999995E+000	1.4686635463849454E-003
1.0599999999999994E+000	1.5007947458405451E-003
1.0649999999999993E+000	1.5319935657796004E-003
1.0699999999999992E+000	1.5622240232612188E-003
1.0749999999999991E+000	1.5914488493062272E-003
1.0799999999999990E+000	1.6196341543933928E-003
1.0849999999999989E+000	1.6467484460276174E-003
1.0899999999999987E+000	1.6674711076237467E-003
1.0949999999999986E+000	1.6959802521451361E-003
1.0999999999999985E+000	1.7208946351093340E-003
1.1049999999999984E+000	1.7441881569219139E-003
1.1099999999999983E+000	1.7661406175118136E-003
1.1149999999999982E+000	1.7867762720108042E-003
1.1199999999999981E+000	1.8060910826564842E-003
1.1249999999999980E+000	1.8240817398139369E-003
1.1299999999999979E+000	1.8407426398249905E-003
1.1349999999999978E+000	1.8560704492743534E-003
1.1399999999999977E+000	1.8700612814844439E-003
1.1449999999999976E+000	1.8827101647533263E-003
1.1499999999999975E+000	1.8940154952244443E-003
1.1549999999999974E+000	1.9039767724333342E-003
1.1599999999999973E+000	1.9125945933273635E-003
1.1649999999999971E+000	1.9198705774927413E-003
1.1699999999999970E+000	1.9258071008464209E-003
1.1749999999999969E+000	1.9304103061583025E-003
1.1799999999999968E+000	1.9336880414523804E-003
1.1849999999999967E+000	1.9356484106485268E-003
1.1899999999999966E+000	1.9363010111359503E-003
1.1949999999999965E+000	1.9356575813197520E-003
1.1999999999999964E+000	1.9337310348715607E-003
1.2049999999999963E+000	1.9305358695802606E-003
1.2099999999999962E+000	1.9260881854361526E-003
1.2149999999999961E+000	1.9204056296148282E-003
1.2199999999999960E+000	1.9135069552777663E-003
1.2249999999999959E+000	1.9054133143042082E-003
1.2299999999999958E+000	1.8961466506277848E-003
1.2349999999999957E+000	1.8857195098197985E-003
1.2399999999999956E+000	1.8741700070641295E-003
1.2449999999999954E+000	1.8544111197895256E-003
1.2499999999999953E+000	1.8427781341140452E-003
1.2549999999999952E+000	1.8286904627622940E-003
1.2599999999999951E+000	1.8133187398028158E-003
1.2649999999999950E+000	1.7969057564415647E-003
1.2699999999999949E+000	1.7795129639892437E-003
1.2749999999999948E+000	1.7611778160205544E-003
1.2799999999999947E+000	1.7419361313521077E-003
1.2849999999999946E+000	1.7218244597924368E-003
1.2899999999999945E+000	1.7008854997773817E-003
1.2949999999999944E+000	1.6791504545006783E-003
1.2999999999999943E+000	1.6566429270743130E-003
1.3049999999999942E+000	1.6334139599872585E-003
1.3099999999999941E+000	1.6094992439567445E-003
1.3149999999999940E+000	1.5849449304619035E-003
1.3199999999999938E+000	1.5597821629764613E-003
1.3249999999999937E+000	1.5340438354473705E-003
1.3299999999999936E+000	1.5077662192356225E-003
1.3349999999999935E+000	1.4809860829901867E-003
1.3399999999999934E+000	1.4537401420241501E-003
1.3449999999999933E+000	1.4260647653078493E-003
1.3499999999999932E+000	1.3979963960155948E-003
1.3549999999999931E+000	1.3695713763495275E-003
1.3599999999999930E+000	1.3408259455464234E-003
1.3649999999999929E+000	1.3117961382584629E-003
1.3699999999999928E+000	1.2825177534240579E-003
1.3749999999999927E+000	1.2530263130436014E-003
1.3799999999999926E+000	1.2233570159511898E-003
1.3849999999999925E+000	1.1935446946642145E-003
1.3899999999999924E+000	1.1636237744758646E-003
1.3949999999999922E+000	1.1336250560308194E-003
1.3999999999999921E+000	1.1035846947950658E-003
1.4049999999999920E+000	1.0735357335594307E-003
1.4099999999999919E+000	1.0435089355955130E-003
1.4149999999999918E+000	1.0135370595794125E-003
1.4199999999999917E+000	9.8365219283266282E-004
1.4249999999999916E+000	9.5388508418673605E-004
1.4299999999999915E+000	9.2426585399758225E-004
1.4349999999999914E+000	8.9482378771906510E-004
1.4399999999999913E+000	8.6558738066638862E-004
1.4449999999999912E+000	8.3658430151214709E-004
1.4499999999999911E+000	8.0784139847044556E-004
1.4549999999999910E+000	7.7938459145041787E-004
1.4599999999999909E+000	7.5123911938113584E-004
1.4649999999999908E+000	7.2342927008385138E-004
1.4699999999999906E+000	6.9597843757895287E-004
1.4749999999999905E+000	6.6890912213432845E-004
1.4799999999999904E+000	6.4224292263122729E-004
1.4849999999999903E+000	6.1600052611613678E-004
1.4899999999999902E+000	5.9020169908492585E-004
1.4949999999999901E+000	5.6486528092076127E-004
1.4999999999999900E+000	5.4000917869334618E-004
1.5049999999999899E+000	5.1565036313092343E-004
1.5099999999999898E+000	4.9180486576507387E-004
1.5149999999999897E+000	4.6848777749993440E-004
1.5199999999999896E+000	4.4571323641184537E-004
1.5249999999999895E+000	4.2349445126300207E-004
1.5299999999999894E+000	4.0184369510508307E-004
1.5349999999999893E+000	3.8077230798774201E-004
1.5399999999999892E+000	3.6029070193662312E-004
1.5449999999999890E+000	3.4040836768823728E-004
1.5499999999999889E+000	3.2113388256951349E-004
1.5549999999999888E+000	3.0247491957763529E-004
1.5599999999999887E+000	2.8443825768233177E-004
1.5649999999999886E+000	2.6803619929044345E-004
1.5699999999999885E+000	2.5044817162425714E-004
1.5749999999999884E+000	2.3489185568479753E-004
1.5799999999999883E+000	2.1857582005532263E-004
1.5849999999999882E+000	2.0326342345580297E-004
1.5899999999999881E+000	1.8847366469409768E-004
1.5949999999999880E+000	1.7438541069486767E-004
1.5999999999999879E+000	1.6118542594768773E-004
1.6049999999999878E+000	1.4874904764373571E-004
1.6099999999999877E+000	1.3706968958230987E-004
1.6149999999999876E+000	1.2610452817978204E-004
1.6199999999999875E+000	1.1582206774923347E-004
1.6249999999999873E+000	1.0620217155518778E-004
1.6299999999999872E+000	9.7231242372777425E-005
1.6349999999999871E+000	8.8898937784278185E-005
1.6399999999999870E+000	8.1196369719956825E-005
1.6449999999999869E+000	7.5228983371272506E-005
1.6499999999999868E+000	6.8344893986846704E-005
1.6549999999999867E+000	6.2090006020750871E-005
1.6599999999999866E+000	5.6564818317528725E-005
1.6649999999999865E+000	5.1760559412368824E-005
1.6699999999999864E+000	4.7614923067755758E-005
1.6749999999999863E+000	4.4081560863423725E-005
1.6799999999999862E+000	4.1130339496839937E-005
1.6849999999999861E+000	3.8740378066129928E-005
1.6899999999999860E+000	3.6895358006794117E-005
1.6949999999999859E+000	3.5581082050086706E-005
1.6999999999999857E+000	3.4784223104025791E-005
1.7049999999999856E+000	3.4491750656843263E-005
1.7099999999999855E+000	3.4690690338108396E-005
1.7149999999999854E+000	3.5368035584575248E-005
1.7199999999999853E+000	3.6510719912496405E-005
1.7249999999999852E+000	3.8105610593720891E-005
1.7299999999999851E+000	4.0139509201827327E-005
1.7349999999999850E+000	4.2599153716311283E-005
1.7399999999999849E+000	4.5471220815932487E-005
1.7449999999999848E+000	4.8742328515548276E-005
1.7499999999999847E+000	5.2399041496511140E-005
1.7549999999999846E+000	5.6427877543100652E-005
1.7599999999999845E+000	6.0815122022362178E-005
1.7649999999999844E+000	6.5548790674370503E-005
1.7699999999999843E+000	7.0610688965401213E-005
1.7749999999999841E+000	7.5982868783057788E-005
1.7799999999999840E+000	8.1647322478866811E-005
1.7849999999999839E+000	8.7595908570879194E-005
1.7899999999999838E+000	9.3820453407206114E-005
1.7949999999999837E+000	1.0030939567193732E-004
1.7999999999999836E+000	1.0704915870147569E-004
1.8049999999999835E+000	1.1402592929965767E-004
1.8099999999999834E+000	1.2122615724387745E-004
1.8149999999999833E+000	1.2863653497191432E-004
1.8199999999999832E+000	1.3624394893023778E-004
1.8249999999999831E+000	1.4403546930765650E-004
1.8299999999999830E+000	1.5199834266979275E-004
1.8349999999999829E+000	1.6011998887705789E-004
1.8399999999999828E+000	1.6838799749838005E-004
1.8449999999999827E+000	1.7679012503504709E-004
1.8499999999999825E+000	1.8531430119099251E-004
1.8549999999999824E+000	1.9394863581171639E-004
1.8599999999999823E+000	2.0268143150967656E-004
1.8649999999999822E+000	2.1150118684708452E-004
1.8699999999999821E+000	2.2039660600153940E-004
1.8749999999999820E+000	2.2935660783817257E-004
1.8799999999999819E+000	2.3837033392086222E-004
1.8849999999999818E+000	2.4742715533391184E-004
1.8899999999999817E+000	2.5651667316500451E-004
1.8949999999999816E+000	2.6562872925440536E-004
1.8999999999999815E+000	2.7475341078085158E-004
1.9049999999999814E+000	2.8388105400244806E-004
1.9099999999999813E+000	2.9300224845364985E-004
1.9149999999999812E+000	3.0210784017905710E-004
1.9199999999999811E+000	3.1118892954945754E-004
1.9249999999999809E+000	3.2023687507739016E-004
1.9299999999999808E+000	3.2924329694071692E-004
1.9349999999999807E+000	3.3820007879454449E-004
1.9399999999999806E+000	3.4709936726110826E-004
1.9449999999999805E+000	3.5593356998335235E-004
1.9499999999999804E+000	3.6469535780711342E-004
1.9549999999999803E+000	3.7337766451340127E-004
1.9599999999999802E+000	3.8197368671435684E-004
1.9649999999999801E+000	3.9047687994735316E-004
1.9699999999999800E+000	3.9888095752621186E-004
1.9749999999999799E+000	4.0717989289728820E-004
1.9799999999999798E+000	4.1536791438205150E-004
1.9849999999999797E+000	4.2343950502412962E-004
1.9899999999999796E+000	4.3138939859322728E-004
1.9949999999999795E+000	4.3921257681641811E-004
1.9999999999999793E+000	4.4690415764998983E-004
2.0049999999999795E+000	4.5445941073162329E-004
2.0099999999999794E+000	4.6187378865949341E-004
2.0149999999999793E+000	4.6914305205500586E-004
2.0199999999999791E+000	4.7626334162399780E-004
2.0249999999999790E+000	4.8323072783851284E-004
2.0299999999999789E+000	4.9004152958370076E-004
2.0349999999999788E+000	4.9669262188277929E-004
2.0399999999999787E+000	5.0318063865555497E-004
2.0449999999999786E+000	5.0950243578453595E-004
2.0499999999999785E+000	5.1565524442390240E-004
2.0549999999999784E+000	5.2163655268272480E-004
2.0599999999999783E+000	5.2744405586974542E-004
2.0649999999999782E+000	5.3309077428682200E-004
2.0699999999999781E+000	5.3855998257429643E-004
2.0749999999999780E+000	5.4385911161704682E-004
2.0799999999999779E+000	5.4897696916209092E-004
2.0849999999999778E+000	5.5391232831829664E-004
2.0899999999999777E+000	5.5866407017698407E-004
2.0949999999999775E+000	5.6323126364804456E-004
2.0999999999999774E+000	5.6761315265728201E-004
2.1049999999999773E+000	5.7180912980659966E-004
2.1099999999999772E+000	5.7581875210358782E-004
2.1149999999999771E+000	5.7964173553638147E-004
2.1199999999999770E+000	5.8327795683218921E-004
2.1199999999999770E+000	5.8315820781937690E-004
2.1249999999999769E+000	5.8648292187530758E-004
2.1299999999999768E+000	5.8961745669634281E-004
2.1349999999999767E+000	5.9261416909496935E-004
2.1399999999999766E+000	5.9546148768145298E-004
2.1449999999999765E+000	5.9814722075380460E-004
2.1499999999999764E+000	6.0066387142952585E-004
2.1549999999999763E+000	6.0300737436381504E-004
2.1599999999999762E+000	6.0517525824541757E-004
2.1649999999999761E+000	6.0716693483768276E-004
2.1699999999999759E+000	6.0898224779335440E-004
2.1749999999999758E+000	6.1062271760092032E-004
2.1799999999999757E+000	6.1208861201965891E-004
2.1849999999999756E+000	6.1338051288847243E-004
2.1899999999999755E+000	6.1449864499602057E-004
2.1949999999999754E+000	6.1544375570915337E-004
2.1999999999999753E+000	6.1621705377652432E-004
2.2049999999999752E+000	6.1682027710702051E-004
2.2099999999999751E+000	6.1725462504926823E-004
2.2149999999999750E+000	6.1752180247862944E-004
2.2199999999999749E+000	6.1762373472817682E-004
2.2249999999999748E+000	6.1756245525045321E-004
2.2299999999999747E+000	6.1734012127709478E-004
2.2349999999999746E+000	6.1695896250888208E-004
2.2399999999999745E+000	6.1642122919945870E-004
2.2449999999999743E+000	6.1572924149903396E-004
2.2499999999999742E+000	6.1488538870071107E-004
2.2549999999999741E+000	6.1389214858481480E-004
2.2599999999999740E+000	6.1275194562812423E-004
2.2649999999999739E+000	6.1146734829810756E-004
2.2699999999999738E+000	6.1004099173288620E-004
2.2749999999999737E+000	6.0847561477239763E-004
2.2799999999999736E+000	6.0677388292794203E-004
2.2849999999999735E+000	6.0493865883139749E-004
2.2899999999999734E+000	6.0297305195576394E-004
2.2949999999999733E+000	6.0087963211793256E-004
2.2999999999999732E+000	5.9866026795715374E-004
2.3049999999999731E+000	5.9631748156344338E-004
2.3099999999999730E+000	5.9385403322128293E-004
2.3149999999999729E+000	5.9127278123024282E-004
2.3199999999999728E+000	5.8857602640768956E-004
2.3249999999999726E+000	5.8576573996838065E-004
2.3299999999999725E+000	5.8284449424135228E-004
2.3349999999999724E+000	5.7981498317939337E-004
2.3399999999999723E+000	5.7667992859337686E-004
2.3449999999999722E+000	5.7344205935992742E-004
2.3499999999999721E+000	5.7010412079634102E-004
2.3549999999999720E+000	5.6666885742080850E-004
2.3599999999999719E+000	5.6313901417725880E-004
2.3649999999999718E+000	5.5951699572389150E-004
2.3699999999999717E+000	5.5580624862853643E-004
2.3749999999999716E+000	5.5200910882092049E-004
2.3799999999999715E+000	5.4812789986237453E-004
2.3849999999999714E+000	5.4416564148911941E-004
2.3899999999999713E+000	5.4012557056868011E-004
2.3949999999999712E+000	5.3600992253176165E-004
2.3999999999999710E+000	5.3182130409911582E-004
2.4049999999999709E+000	5.2756210655163891E-004
2.4099999999999708E+000	5.2323527071045594E-004
2.4149999999999707E+000	5.1884351226484790E-004
2.4199999999999706E+000	5.1438982370287498E-004
2.4249999999999705E+000	5.0987610356620892E-004
2.4299999999999704E+000	5.0530506796677593E-004
2.4349999999999703E+000	5.0067940608910242E-004
2.4399999999999702E+000	4.9600202417338492E-004
2.4449999999999701E+000	4.9127485060722505E-004
2.4499999999999700E+000	4.8650026647453250E-004
2.4549999999999699E+000	4.8168114517834404E-004
2.4599999999999698E+000	4.7681985983016645E-004
2.4649999999999697E+000	4.7192192139152556E-004
2.4699999999999696E+000	4.6698596823830919E-004
2.4749999999999694E+000	4.6201350984555190E-004
2.4799999999999693E+000	4.5700743755354352E-004
2.4849999999999692E+000	4.5197051774836078E-004
2.4899999999999691E+000	4.4690525054716314E-004
2.4949999999999690E+000	4.4181403907020942E-004
2.4999999999999689E+000	4.3669924724314043E-004
2.5049999999999688E+000	4.3156319878333180E-004
2.5099999999999687E+000	4.2640818248322073E-004
2.5149999999999686E+000	4.2123645736787916E-004
2.5199999999999685E+000	4.1605025507693560E-004
2.5249999999999684E+000	4.1085158475178990E-004
2.5299999999999683E+000	4.0564282292561714E-004
2.5349999999999682E+000	4.0042604019520074E-004
2.5399999999999681E+000	3.9520337780008598E-004
2.5449999999999680E+000	3.8997697511947811E-004
2.5499999999999678E+000	3.8474895415907512E-004
2.5549999999999677E+000	3.7952577997753516E-004
2.5599999999999676E+000	3.7430511208758576E-004
2.5649999999999675E+000	3.6910030902576778E-004
2.5699999999999674E+000	3.6390069238209091E-004
2.5749999999999673E+000	3.5870936624056286E-004
2.5799999999999672E+000	3.5352870713608665E-004
2.5849999999999671E+000	3.4835964097487774E-004
2.5899999999999670E+000	3.4320430086776679E-004
2.5949999999999669E+000	3.3806493068662841E-004
2.5999999999999668E+000	3.3294361127625698E-004
2.6049999999999667E+000	3.2784229462837840E-004
2.6099999999999666E+000	3.2276285901266795E-004
2.6149999999999665E+000	3.1770713966462131E-004
2.6199999999999664E+000	3.1267693955379399E-004
2.6249999999999662E+000	3.0767384701441076E-004
2.6299999999999661E+000	3.0269950495947931E-004
2.6349999999999660E+000	2.9775562436715485E-004
2.6399999999999659E+000	2.9284389028452252E-004
2.6449999999999658E+000	2.8796596399084814E-004
2.6499999999999657E+000	2.8312348387832931E-004
2.6549999999999656E+000	2.7831806594469686E-004
2.6599999999999655E+000	2.7355130411070230E-004
2.6649999999999654E+000	2.6882477038739805E-004
2.6699999999999653E+000	2.6414001495792412E-004
2.6749999999999652E+000	2.5949856619901041E-004
2.6799999999999651E+000	2.5490193062634918E-004
2.6849999999999650E+000	2.5035159283573022E-004
2.6899999999999649E+000	2.4584901537508941E-004
2.6949999999999648E+000	2.4139563861054353E-004
2.6999999999999647E+000	2.3699288059280093E-004
2.7049999999999645E+000	2.3264213688486903E-004
2.7099999999999644E+000	2.2834478038365457E-004
2.7149999999999643E+000	2.2410216116159381E-004
2.7199999999999642E+000	2.1991560624797104E-004
2.7249999999999641E+000	2.1578641943671570E-004
2.7299999999999640E+000	2.1171588105161552E-004
2.7349999999999639E+000	2.0770524790962976E-004
2.7399999999999638E+000	2.0375575276323916E-004
2.7449999999999637E+000	1.9986860410622708E-004
2.7499999999999636E+000	1.9604498586769242E-004
2.7549999999999635E+000	1.9228605708800447E-004
2.7599999999999634E+000	1.8859295156930579E-004
2.7649999999999633E+000	1.8496677755643239E-004
2.7699999999999632E+000	1.8140861733769735E-004
2.7749999999999631E+000	1.7791952683187225E-004
2.7799999999999629E+000	1.7450053515437539E-004
2.7849999999999628E+000	1.7115264414495446E-004
2.7899999999999627E+000	1.6787682790408791E-004
2.7949999999999626E+000	1.6467403228391590E-004
2.7999999999999625E+000	1.6154517437053616E-004
2.8049999999999624E+000	1.5849114195137741E-004
2.8099999999999623E+000	1.5551279294721775E-004
2.8149999999999622E+000	1.5261095486272149E-004
2.8199999999999621E+000	1.4978644176746682E-004
2.8249999999999620E+000	1.4704001381758694E-004
2.8299999999999619E+000	1.4437239315388131E-004
2.8349999999999618E+000	1.4178427796644806E-004
2.8399999999999617E+000	1.3927634236041468E-004
2.8449999999999616E+000	1.3684921817806595E-004
2.8499999999999615E+000	1.3450350195869806E-004
2.8549999999999613E+000	1.3223975496856423E-004
2.8599999999999612E+000	1.3005850223480567E-004
2.8649999999999611E+000	1.2796023167334979E-004
2.8699999999999610E+000	1.2594539340509786E-004
2.8749999999999609E+000	1.2401439910028500E-004
2.8799999999999608E+000	1.2216762126621278E-004
2.8849999999999607E+000	1.2040539252499117E-004
2.8899999999999606E+000	1.1872843202462918E-004
2.8949999999999605E+000	1.1713663861407301E-004
2.8999999999999604E+000	1.1563016553685210E-004
2.9049999999999603E+000	1.1420916728473042E-004
2.9099999999999602E+000	1.1287377314522886E-004
2.9149999999999601E+000	1.1162406892281236E-004
2.9199999999999600E+000	1.1046008905865609E-004
2.9249999999999599E+000	1.0938176983623449E-004
2.9299999999999597E+000	1.0838861590810855E-004
2.9349999999999596E+000	1.0747980414405963E-004
2.9399999999999595E+000	1.0665627712120213E-004
2.9449999999999594E+000	1.0593894343100370E-004
2.9499999999999593E+000	1.0530280504161554E-004
2.9549999999999592E+000	1.0475003199626909E-004
2.9599999999999591E+000	1.0428161784528806E-004
2.9649999999999590E+000	1.0389941729244920E-004
2.9699999999999589E+000	1.0360849229803453E-004
2.9749999999999588E+000	1.0340393659039438E-004
2.9799999999999587E+000	1.0328371239559805E-004
2.9849999999999586E+000	1.0324612466114006E-004
2.9899999999999585E+000	1.0328996851309418E-004
2.9949999999999584E+000	1.0341421309099886E-004
2.9999999999999583E+000	1.0361785564651159E-004
3.0049999999999581E+000	1.0389988680735085E-004
3.0099999999999580E+000	1.0425927601272188E-004
3.0149999999999579E+000	1.0469503056107969E-004
3.0199999999999578E+000	1.0520601625533689E-004
3.0249999999999577E+000	1.0579104298087074E-004
3.0299999999999576E+000	1.0644909676226023E-004
3.0349999999999575E+000	1.0717887455778823E-004
3.0399999999999574E+000	1.0797910319718867E-004
3.0449999999999573E+000	1.0884850787250657E-004
3.0499999999999572E+000	1.0978576971524791E-004
3.0549999999999571E+000	1.1078952313069765E-004
3.0599999999999570E+000	1.1185836039426689E-004
3.0649999999999569E+000	1.1299083277375526E-004
3.0699999999999568E+000	1.1418545040270304E-004
3.0749999999999567E+000	1.1544068212765017E-004
3.0799999999999566E+000	1.1675495321468435E-004
3.0849999999999564E+000	1.1812664727452754E-004
3.0899999999999563E+000	1.1955410666199647E-004
3.0949999999999562E+000	1.2103563257481039E-004
3.0999999999999561E+000	1.2256948679683309E-004
3.1049999999999560E+000	1.2415389206902423E-004
3.1099999999999559E+000	1.2578703293960954E-004
3.1149999999999558E+000	1.2746705633063870E-004
3.1199999999999557E+000	1.2919207318574743E-004
3.1249999999999556E+000	1.3096016067368110E-004
3.1299999999999555E+000	1.3276936299428088E-004
3.1349999999999554E+000	1.3461769163709982E-004
3.1399999999999553E+000	1.3650312758653463E-004
3.1449999999999552E+000	1.3842362268810430E-004
3.1499999999999551E+000	1.4037710090779711E-004
3.1549999999999550E+000	1.4236148955273090E-004
3.1599999999999548E+000	1.4437473876901559E-004
3.1649999999999547E+000	1.4641481812794743E-004
3.1699999999999546E+000	1.4847968642192925E-004
3.1749999999999545E+000	1.5056727950363052E-004
3.1799999999999544E+000	1.5267550653658350E-004
3.1849999999999543E+000	1.5480225555762590E-004
3.1899999999999542E+000	1.5694538992196846E-004
3.1949999999999541E+000	1.5910275139568002E-004
3.1999999999999540E+000	1.6127216450334791E-004
3.2049999999999539E+000	1.6345143763109589E-004
3.2099999999999538E+000	1.6185639037134770E-004
3.2149999999999537E+000	1.6402724287608032E-004
3.2199999999999536E+000	1.6770663756250829E-004
3.2249999999999535E+000	1.7010050047573213E-004
3.2299999999999534E+000	1.7238639425972980E-004
3.2349999999999532E+000	1.7470797802165085E-004
3.2399999999999531E+000	1.7705467492481520E-004
3.2449999999999530E+000	1.7940594128738982E-004
3.2499999999999529E+000	1.8174822560451250E-004
3.2549999999999528E+000	1.8407394097962659E-004
3.2599999999999527E+000	1.8637885679491511E-004
3.2649999999999526E+000	1.8866027776397707E-004
3.2699999999999525E+000	1.9091607595593497E-004
3.2749999999999524E+000	1.9314427605280439E-004
3.2799999999999523E+000	1.9534290991725698E-004
3.2849999999999522E+000	1.9750998046704551E-004
3.2899999999999521E+000	1.9964346423234245E-004
3.2949999999999520E+000	2.0174133704784896E-004
3.2999999999999519E+000	2.0380157655184409E-004
3.3049999999999518E+000	2.0582219873999910E-004
3.3099999999999516E+000	2.0780126896000149E-004
3.3149999999999515E+000	2.0973690447074784E-004
3.3199999999999514E+000	2.1162730519909236E-004
3.3249999999999513E+000	2.1347073002090386E-004
3.3299999999999512E+000	2.1526547750997047E-004
3.3349999999999511E+000	2.1700986410712279E-004
3.3399999999999510E+000	2.1870225384689224E-004
3.3449999999999509E+000	2.2034102756142898E-004
3.3499999999999508E+000	2.2192460128459389E-004
3.3549999999999507E+000	2.2345139754464507E-004
3.3599999999999506E+000	2.2491988226948543E-004
3.3649999999999505E+000	2.2632860454803206E-004
3.3699999999999504E+000	2.2767616339203656E-004
3.3749999999999503E+000	2.2896119296786073E-004
3.3799999999999502E+000	2.3018235769097338E-004
3.3849999999999500E+000	2.3133839147225857E-004
3.3899999999999499E+000	2.3242809069337365E-004
3.3949999999999498E+000	2.3345030215530748E-004
3.3999999999999497E+000	2.3440391032021699E-004
3.4049999999999496E+000	2.3528777332363398E-004
3.4099999999999495E+000	2.3610078554294210E-004
3.4149999999999494E+000	2.3684185895939290E-004
3.4199999999999493E+000	2.3750992543031808E-004
3.4249999999999492E+000	2.3810382178242255E-004
3.4299999999999491E+000	2.3862272541196411E-004
3.4349999999999490E+000	2.3906625475848310E-004
3.4399999999999489E+000	2.3943401278629951E-004
3.4449999999999488E+000	2.3972545351328613E-004
3.4499999999999487E+000	2.3994010199201405E-004
3.4549999999999486E+000	2.4007750294022617E-004
3.4599999999999485E+000	2.4013720437290629E-004
3.4649999999999483E+000	2.4011900682395246E-004
3.4699999999999482E+000	2.4002233220496699E-004
3.4749999999999481E+000	2.3984695100388964E-004
3.4799999999999480E+000	2.3959278611340653E-004
3.4849999999999479E+000	2.3925982865210033E-004
3.4899999999999478E+000	2.3884813858870781E-004
3.4949999999999477E+000	2.3835784298868561E-004
3.4999999999999476E+000	2.3778914038872018E-004
3.5049999999999475E+000	2.3714230171377533E-004
3.5099999999999474E+000	2.3641766991013582E-004
3.5149999999999473E+000	2.3561565802547219E-004
3.5199999999999472E+000	2.3473675156255599E-004
3.5249999999999471E+000	2.3378150378828606E-004
3.5299999999999470E+000	2.3275054031792470E-004
3.5349999999999469E+000	2.3164455774585778E-004
3.5399999999999467E+000	2.3046432156142665E-004
3.5449999999999466E+000	2.2921066515317514E-004
3.5499999999999465E+000	2.2788448866912321E-004
3.5549999999999464E+000	2.2648675790012273E-004
3.5599999999999463E+000	2.2501850315129413E-004
3.5649999999999462E+000	2.2348081801405688E-004
3.5699999999999461E+000	2.2187485807111652E-004
3.5749999999999460E+000	2.2020183952713065E-004
3.5799999999999459E+000	2.1846303778435264E-004
3.5849999999999458E+000	2.1665978594596403E-004
3.5899999999999457E+000	2.1479347327015602E-004
3.5949999999999456E+000	2.1286554356058225E-004
3.5999999999999455E+000	2.1087749346574192E-004
3.6049999999999454E+000	2.0883086999839721E-004
3.6099999999999453E+000	2.0672727395681698E-004
3.6149999999999451E+000	2.0456835400345052E-004
3.6199999999999450E+000	2.0235580503725448E-004
3.6249999999999449E+000	2.0009136551580323E-004
3.6299999999999448E+000	1.9777681481315278E-004
3.6349999999999447E+000	1.9541397167113759E-004
3.6399999999999446E+000	1.9300469251438249E-004
3.6449999999999445E+000	1.9055086946329706E-004
3.6499999999999444E+000	1.8805442827542410E-004
3.6549999999999443E+000	1.8551732627831969E-004
3.6599999999999442E+000	1.8294155027609991E-004
3.6649999999999441E+000	1.8032911443911041E-004
3.6699999999999440E+000	1.7768205813564628E-004
3.6749999999999439E+000	1.7500244379897611E-004
3.6799999999999438E+000	1.7229235472491724E-004
3.6849999999999437E+000	1.6955389288929540E-004
3.6899999999999435E+000	1.6678917676700940E-004
3.6949999999999434E+000	1.6400033910258399E-004
3.6999999999999433E+000	1.6118952473839613E-004
3.7049999999999432E+000	1.5835888838931076E-004
3.7099999999999431E+000	1.5551059246751136E-004
3.7149999999999430E+000	1.5264680486982345E-004
3.7199999999999429E+000	1.4977614051674696E-004
3.7249999999999428E+000	1.4589831877121436E-004
3.7299999999999427E+000	1.4283174822188416E-004
3.7349999999999426E+000	1.4025428746673374E-004
3.7399999999999425E+000	1.3711859316135563E-004
3.7449999999999424E+000	1.3404913209346978E-004
3.7499999999999423E+000	1.3109247609817729E-004
3.7549999999999422E+000	1.2820687963682802E-004
3.7599999999999421E+000	1.2536113872080288E-004
3.7649999999999419E+000	1.2253887602081304E-004
3.7699999999999418E+000	1.1973287205141170E-004
3.7749999999999417E+000	1.1694064489694326E-004
3.7799999999999416E+000	1.1416192524061554E-004
3.7849999999999415E+000	1.1139741385260045E-004
3.7899999999999414E+000	1.0864823808433108E-004
3.7949999999999413E+000	1.0591573427068406E-004
3.7999999999999412E+000	1.0320136326524771E-004
3.8049999999999411E+000	1.0050667447714525E-004
3.8099999999999410E+000	9.7833285502960042E-005
3.8149999999999409E+000	9.5182865613711919E-005
3.8199999999999408E+000	9.2557119610838800E-005
3.8249999999999407E+000	8.9957771767047831E-005
3.8299999999999406E+000	8.7386550567513177E-005
3.8349999999999405E+000	8.4845174951959094E-005
3.8399999999999403E+000	8.2335341975319770E-005
3.8449999999999402E+000	7.9858715648880319E-005
3.8499999999999401E+000	7.7416924620994399E-005
3.8549999999999400E+000	7.5011553793972137E-005
3.8599999999999399E+000	7.2644140493777871E-005
3.8649999999999398E+000	7.0316171776846893E-005
3.8699999999999397E+000	6.8029082735784310E-005
3.8749999999999396E+000	6.5784255568484729E-005
3.8799999999999395E+000	6.3583019191765640E-005
3.8849999999999394E+000	6.1426649225739972E-005
3.8899999999999393E+000	5.9316368182521844E-005
3.8949999999999392E+000	5.7253345747788271E-005
3.8999999999999391E+000	5.5238699033424388E-005
3.9049999999999390E+000	5.3273492733945432E-005
3.9099999999999389E+000	5.1358739149463185E-005
3.9149999999999388E+000	4.9495398045955605E-005
3.9199999999999386E+000	4.7684376341114454E-005
3.9249999999999385E+000	4.5926527711567153E-005
3.9299999999999384E+000	4.4222652082243594E-005
3.9349999999999383E+000	4.2573495083640812E-005
3.9399999999999382E+000	4.0979747515393811E-005
3.9449999999999381E+000	3.9442044901305553E-005
3.9499999999999380E+000	3.7960967082749624E-005
3.9549999999999379E+000	3.6537037973738526E-005
3.9599999999999378E+000	3.5170725429355377E-005
3.9649999999999377E+000	3.3862441269294476E-005
3.9699999999999376E+000	3.2612541415796811E-005
3.9749999999999375E+000	3.1421326183352331E-005
3.9799999999999374E+000	3.0289040678905036E-005
3.9849999999999373E+000	2.9215875249234858E-005
3.9899999999999372E+000	2.8201966085846202E-005
3.9949999999999370E+000	2.7247395816374887E-005
3.9999999999999369E+000	2.6352194311474908E-005
4.0049999999999368E+000	2.5516281504779832E-005
4.0099999999999367E+000	2.4739624525626260E-005
4.0149999999999366E+000	2.4022066282625477E-005
4.0199999999999365E+000	2.3363551852186337E-005
4.0249999999999364E+000	2.2763783331590286E-005
4.0299999999999363E+000	2.2223467840242031E-005
4.0349999999999362E+000	2.1741195555733916E-005
4.0399999999999361E+000	2.1316308896225548E-005
4.0449999999999360E+000	2.0948602093247662E-005
4.0499999999999359E+000	2.0637683978089772E-005
4.0549999999999358E+000	2.0379045655800395E-005
4.0599999999999357E+000	2.0172540880190103E-005
4.0649999999999356E+000	2.0011688131913741E-005
4.0699999999999354E+000	1.9896193369826845E-005
4.0749999999999353E+000	1.9830870092275666E-005
4.0799999999999352E+000	1.9818417454291064E-005
4.0849999999999351E+000	1.9857889025306127E-005
4.0899999999999350E+000	1.9948077046618932E-005
4.0949999999999349E+000	2.0088170175027229E-005
4.0999999999999348E+000	2.0277373109232291E-005
4.1049999999999347E+000	2.0514810256858197E-005
4.1099999999999346E+000	2.0799606397343863E-005
4.1099999999999346E+000	2.0792971089612433E-005
4.1149999999999345E+000	2.0732008222887632E-005
4.1199999999999344E+000	2.0858948189603008E-005
4.1249999999999343E+000	2.1160649172979906E-005
4.1299999999999342E+000	2.1581809532598402E-005
4.1349999999999341E+000	2.2086932564308506E-005
4.1399999999999340E+000	2.2656720736992638E-005
4.1449999999999338E+000	2.3280569941931815E-005
4.1499999999999337E+000	2.3952253638649817E-005
4.1549999999999336E+000	2.4670953515347892E-005
4.1599999999999335E+000	2.5431353592290838E-005
4.1649999999999334E+000	2.6229803196264655E-005
4.1699999999999333E+000	2.7064202482735413E-005
4.1749999999999332E+000	2.7932747599925081E-005
4.1799999999999331E+000	2.8833676032398464E-005
4.1849999999999330E+000	2.9765324343850447E-005
4.1899999999999329E+000	3.0726154043219929E-005
4.1949999999999328E+000	3.1714730393057716E-005
4.1999999999999327E+000	3.2729691670406576E-005
4.2049999999999326E+000	3.3769724903999378E-005
4.2099999999999325E+000	3.4833545639151845E-005
4.2149999999999324E+000	3.5919883392039430E-005
4.2199999999999322E+000	3.7027471638280300E-005
4.2249999999999321E+000	3.8155041373349011E-005
4.2299999999999320E+000	3.9301319322592099E-005
4.2349999999999319E+000	4.0465027443118070E-005
4.2399999999999318E+000	4.1644883940698655E-005
4.2449999999999317E+000	4.2839604506284251E-005
4.2499999999999316E+000	4.4047903408444759E-005
4.2549999999999315E+000	4.5268494615526936E-005
4.2599999999999314E+000	4.6500092975579593E-005
4.2649999999999313E+000	4.7741414786907013E-005
4.2699999999999312E+000	4.8991178923151508E-005
4.2749999999999311E+000	5.0248108173433099E-005
4.2799999999999310E+000	5.1510928121622064E-005
4.2849999999999309E+000	5.2778352055689955E-005
4.2899999999999308E+000	5.4049088492769160E-005
4.2949999999999307E+000	5.5321847744872152E-005
4.2999999999999305E+000	5.6595342951607111E-005
4.3049999999999304E+000	5.7868295863675507E-005
4.3099999999999303E+000	5.9139442183299624E-005
4.3149999999999302E+000	6.0407534386172567E-005
4.3199999999999301E+000	6.1671342662119084E-005
4.3249999999999300E+000	6.2929653497600319E-005
4.3299999999999299E+000	6.4181270934890965E-005
4.3349999999999298E+000	6.5425018766005410E-005
4.3399999999999297E+000	6.6659741481177727E-005
4.3449999999999296E+000	6.7884303616731179E-005
4.3499999999999295E+000	6.9097590963097854E-005
4.3549999999999294E+000	7.0298510391902540E-005
4.3599999999999293E+000	7.1485989840819753E-005
4.3649999999999292E+000	7.2658982332692750E-005
4.3699999999999291E+000	7.3816465743988446E-005
4.3749999999999289E+000	7.4957439131416879E-005
4.3799999999999288E+000	7.6080930394547256E-005
4.3849999999999287E+000	7.7185992694510578E-005
4.3899999999999286E+000	7.8271703539054268E-005
4.3949999999999285E+000	7.9337139700091640E-005
4.3999999999999284E+000	8.0381451845407297E-005
4.4049999999999283E+000	8.1403805018087611E-005
4.4099999999999282E+000	8.2403388550954015E-005
4.4149999999999281E+000	8.3379421842444184E-005
4.4199999999999280E+000	8.4331152313892526E-005
4.4249999999999279E+000	8.5257856224320612E-005
4.4299999999999278E+000	8.6158840590115117E-005
4.4349999999999277E+000	8.7033440967152921E-005
4.4399999999999276E+000	8.7881019099222334E-005
4.4449999999999275E+000	8.8700965795668172E-005
4.4499999999999273E+000	8.9492704752556704E-005
4.4549999999999272E+000	9.0255690108103227E-005
4.4599999999999271E+000	9.0989403663753877E-005
4.4649999999999270E+000	9.1693350995855391E-005
4.4699999999999269E+000	9.2367061713310845E-005
4.4749999999999268E+000	9.3010088090131915E-005
4.4799999999999267E+000	9.3622018659488118E-005
4.4849999999999266E+000	9.4202479746696542E-005
4.4899999999999265E+000	9.4751123281777420E-005
4.4949999999999264E+000	9.5267627202694709E-005
4.4999999999999263E+000	9.5751706254077707E-005
4.5049999999999262E+000	9.6203107003457419E-005
4.5099999999999261E+000	9.6621611372411554E-005
4.5149999999999260E+000	9.7007049026996074E-005
4.5199999999999259E+000	9.7359296556034802E-005
4.5249999999999257E+000	9.7678263379314149E-005
4.5299999999999256E+000	9.7963877565091203E-005
4.5349999999999255E+000	9.8216068348571807E-005
4.5399999999999254E+000	9.8434814466154581E-005
4.5449999999999253E+000	9.8620126302814508E-005
4.5499999999999252E+000	9.8772027815602288E-005
4.5549999999999251E+000	9.8890609606022275E-005
4.5599999999999250E+000	9.8976010637530240E-005
4.5649999999999249E+000	9.9028348620045878E-005
4.5699999999999248E+000	9.9047692247731701E-005
4.5749999999999247E+000	9.9034261576860487E-005
4.5799999999999246E+000	9.8988365688869954E-005
4.5849999999999245E+000	9.8910213266277535E-005
4.5899999999999244E+000	9.8800064029667842E-005
4.5949999999999243E+000	9.8658222649488652E-005
4.5999999999999241E+000	9.8485047231288613E-005
4.6049999999999240E+000	9.8280975686623821E-005
4.6099999999999239E+000	9.8046371053354901E-005
4.6149999999999238E+000	9.7781586652790275E-005
4.6199999999999237E+000	9.7486961151097156E-005
4.6249999999999236E+000	9.7162874834828741E-005
4.6299999999999235E+000	9.6809735961069540E-005
4.6349999999999234E+000	9.6427977508611710E-005
4.6399999999999233E+000	9.6018055304314623E-005
4.6449999999999232E+000	9.5580442388870277E-005
4.6499999999999231E+000	9.5115630137199812E-005
4.6549999999999230E+000	9.4624125628392191E-005
4.6599999999999229E+000	9.4106451779376140E-005
4.6649999999999228E+000	9.3563146908689869E-005
4.6699999999999227E+000	9.2994763734092107E-005
4.6749999999999226E+000	9.2401868736184184E-005
4.6799999999999224E+000	9.1785041539608846E-005
4.6849999999999223E+000	9.1144874394590079E-005
4.6899999999999222E+000	9.0481971487939902E-005
4.6949999999999221E+000	8.9796948272026554E-005
4.6999999999999220E+000	8.9090430790305015E-005
4.7049999999999219E+000	8.8363055016716830E-005
4.7099999999999218E+000	8.7615466213186445E-005
4.7149999999999217E+000	8.6848318279666179E-005
4.7199999999999216E+000	8.6062273112181772E-005
4.7249999999999215E+000	8.5257999966280881E-005
4.7299999999999214E+000	8.4436174817990287E-005
4.7349999999999213E+000	8.3597479734849644E-005
4.7399999999999212E+000	8.2742602249059164E-005
4.7449999999999211E+000	8.1872234732473549E-005
4.7499999999999210E+000	8.0987073785113059E-005
4.7549999999999208E+000	8.0087819616862153E-005
4.7599999999999207E+000	7.9175175450616641E-005
4.7649999999999206E+000	7.8249846918427996E-005
4.7699999999999205E+000	7.7312541471879603E-005
4.7749999999999204E+000	7.6363967804923483E-005
4.7799999999999203E+000	7.5404835266018133E-005
4.7849999999999202E+000	7.4435853307103309E-005
4.7899999999999201E+000	7.3457730910387320E-005
4.7949999999999200E+000	7.2471176049080321E-005
4.7999999999999199E+000	7.1476895140843547E-005
4.8049999999999198E+000	7.0475592522625059E-005
4.8099999999999197E+000	6.9467969927493876E-005
4.8149999999999196E+000	6.8454725969370060E-005
4.8199999999999195E+000	6.7436555651121207E-005
4.8249999999999194E+000	6.6414149869171616E-005
4.8299999999999192E+000	6.5388194935401647E-005
4.8349999999999191E+000	6.4359372116388916E-005
4.8399999999999190E+000	6.3328357159895437E-005
4.8449999999999189E+000	6.2295819865526583E-005
4.8499999999999188E+000	6.1262423652487736E-005
4.8549999999999187E+000	6.0228825118949911E-005
4.8599999999999186E+000	5.9195673658502542E-005
4.8649999999999185E+000	5.8163611042345715E-005
4.8699999999999184E+000	5.7133271045460825E-005
4.8749999999999183E+000	5.6105279067752040E-005
4.8799999999999182E+000	5.5080251777465285E-005
4.8849999999999181E+000	5.4058796761358784E-005
4.8899999999999180E+000	5.3041494315334565E-005
4.8949999999999179E+000	5.2029105318264905E-005
4.8999999999999178E+000	5.1022165002257870E-005
4.9049999999999176E+000	5.0021194024220106E-005
4.9099999999999175E+000	4.9026568139285259E-005
4.9149999999999174E+000	4.8039038069193006E-005
4.9199999999999173E+000	4.7059149703405452E-005
4.9249999999999172E+000	4.6087229521662433E-005
4.9299999999999171E+000	4.5123975537461801E-005
4.9349999999999170E+000	4.4169899416021373E-005
4.9399999999999169E+000	4.3225433805992430E-005
4.9449999999999168E+000	4.2290912482460397E-005
4.9499999999999167E+000	4.1366986269778517E-005
4.9549999999999166E+000	4.0454093520367092E-005
4.9599999999999165E+000	3.9552514533756940E-005
4.9649999999999164E+000	3.8662841358888826E-005
4.9699999999999163E+000	3.7785464981328280E-005
4.9749999999999162E+000	3.6920643267237564E-005
4.9799999999999160E+000	3.6068886400716215E-005
4.9849999999999159E+000	3.5230488072118311E-005
4.9899999999999158E+000	3.4405927291148428E-005
4.9949999999999157E+000	3.3595497944802998E-005
4.9999999999999156E+000	3.2799376925362587E-005
5.0049999999999155E+000	3.2017967585562998E-005
5.0099999999999154E+000	3.1251731972525631E-005
5.0149999999999153E+000	3.0500863682974331E-005
5.0199999999999152E+000	2.9765539770491586E-005
5.0249999999999151E+000	2.9046160411717268E-005
5.0299999999999150E+000	2.8342913710450268E-005
5.0349999999999149E+000	2.7655898847460209E-005
5.0399999999999148E+000	2.6985444926443890E-005
5.0449999999999147E+000	2.6331897749846053E-005
5.0499999999999146E+000	2.5695332702273453E-005
5.0549999999999145E+000	2.5075871085620583E-005
5.0599999999999143E+000	2.4473799496245958E-005
5.0649999999999142E+000	2.3889187849473564E-005
5.0699999999999141E+000	2.3322060205022663E-005
5.0749999999999140E+000	2.2772672075775764E-005
5.0799999999999139E+000	2.2241253363876885E-005
5.0849999999999138E+000	2.1727762837098625E-005
5.0899999999999137E+000	2.1232267118741727E-005
5.0949999999999136E+000	2.0754844691459602E-005
5.0999999999999135E+000	2.0295597617325572E-005
5.1049999999999134E+000	1.9854634801961068E-005
5.1099999999999133E+000	1.9431866711273969E-005
5.1149999999999132E+000	1.9027228525714258E-005
5.1199999999999131E+000	1.8640886794956330E-005
5.1249999999999130E+000	1.8272928411920046E-005
5.1299999999999129E+000	1.7923169783682442E-005
5.1349999999999127E+000	1.7591613672492713E-005
5.1399999999999126E+000	1.7278180462678539E-005
5.1449999999999125E+000	1.6982905882526409E-005
5.1499999999999124E+000	1.6705641288340671E-005
5.1549999999999123E+000	1.6446396883477683E-005
5.1599999999999122E+000	1.6204994798665406E-005
5.1649999999999121E+000	1.5981433283080003E-005
5.1699999999999120E+000	1.5775501729397612E-005
5.1749999999999119E+000	1.5586872888835065E-005
5.1799999999999118E+000	1.5415760312067968E-005
5.1849999999999117E+000	1.5261850868562590E-005
5.1899999999999116E+000	1.5124651079578011E-005
5.1949999999999115E+000	1.5004351711880742E-005
5.1999999999999114E+000	1.4900980851598044E-005
5.2049999999999113E+000	1.4814157442875776E-005
5.2099999999999111E+000	1.4743660158416891E-005
5.2149999999999110E+000	1.4689507485027145E-005
5.2199999999999109E+000	1.4651531314722462E-005
5.2249999999999108E+000	1.4631712671554348E-005
5.2299999999999107E+000	1.4639957641690984E-005
5.2349999999999106E+000	1.4662244459658777E-005
5.2399999999999105E+000	1.4704857279127784E-005
5.2449999999999104E+000	1.4761674491924803E-005
5.2499999999999103E+000	1.4834332077715504E-005
5.2549999999999102E+000	1.4921690706967039E-005
5.2599999999999101E+000	1.5023291704308134E-005
5.2649999999999100E+000	1.5141037454580161E-005
5.2699999999999099E+000	1.5275245790641250E-005
5.2749999999999098E+000	1.5426171309241607E-005
5.2799999999999097E+000	1.5591602014276819E-005
5.2849999999999095E+000	1.5770465799913201E-005
5.2899999999999094E+000	1.5961909305507774E-005
5.2949999999999093E+000	1.6165315722739336E-005
5.2999999999999092E+000	1.6379923311386278E-005
5.3049999999999091E+000	1.6605035225133284E-005
5.3099999999999090E+000	1.6840448770516494E-005
5.3149999999999089E+000	1.7085975304793612E-005
5.3199999999999088E+000	1.7340915582581898E-005
5.3249999999999087E+000	1.7605061315118278E-005
5.3299999999999086E+000	1.7877695885269207E-005
5.3349999999999085E+000	1.8158460672141900E-005
5.3399999999999084E+000	1.8447154605156363E-005
5.3449999999999083E+000	1.8743092121729471E-005
5.3499999999999082E+000	1.9046145123681573E-005
5.3549999999999081E+000	1.9355607627220854E-005
5.3599999999999079E+000	1.9671384627992350E-005
5.3649999999999078E+000	1.9992773636818190E-005
5.3699999999999077E+000	2.0319476466534934E-005
5.3749999999999076E+000	2.0651347835606861E-005
5.3799999999999075E+000	2.0987913071208171E-005
5.3849999999999074E+000	2.1328525678269811E-005
5.3899999999999073E+000	2.1672888066677374E-005
5.3949999999999072E+000	2.2020909306794591E-005
5.3999999999999071E+000	2.2372078455200207E-005
5.4049999999999070E+000	2.2725772893100418E-005
5.4099999999999069E+000	2.3081724160646909E-005
5.4149999999999068E+000	2.3439841414045108E-005
5.4199999999999067E+000	2.3799406903168037E-005
5.4249999999999066E+000	2.4160419512274985E-005
5.4299999999999065E+000	2.4522141328227594E-005
5.4349999999999064E+000	2.4884607928495695E-005
5.4399999999999062E+000	2.5247101167332572E-005
5.4449999999999061E+000	2.5609690576509129E-005
5.4499999999999060E+000	2.5971667390040651E-005
5.4549999999999059E+000	2.6333119040285736E-005
5.4599999999999058E+000	2.6693333747708401E-005
5.4649999999999057E+000	2.7052414646998836E-005
5.4699999999999056E+000	2.7409650453509310E-005
5.4749999999999055E+000	2.7765161334548093E-005
5.4799999999999054E+000	2.8118234386891038E-005
5.4849999999999053E+000	2.8469005387831411E-005
5.4899999999999052E+000	2.8817039874595154E-005
5.4949999999999051E+000	2.9161750752246243E-005
5.4999999999999050E+000	2.9503014158593614E-005
5.5049999999999049E+000	2.9840880655212842E-005
5.5099999999999048E+000	3.0174932281738363E-005
5.5149999999999046E+000	3.0504578600614006E-005
5.5199999999999045E+000	3.0830006542533667E-005
5.5249999999999044E+000	3.1150517316932562E-005
5.5299999999999043E+000	3.1466327870407785E-005
5.5349999999999042E+000	3.1776730599171217E-005
5.5399999999999041E+000	3.2081953277889691E-005
5.5449999999999040E+000	3.2381291182797160E-005
5.5499999999999039E+000	3.2674989534192981E-005
5.5549999999999038E+000	3.2962346517147306E-005
5.5599999999999037E+000	3.3243625013583051E-005
5.5649999999999036E+000	3.3518434524167021E-005
5.5699999999999035E+000	3.3786230785789640E-005
5.5749999999999034E+000	3.4046996952851828E-005
5.5799999999999033E+000	3.4300887978748746E-005
5.5849999999999032E+000	3.4547533687015126E-005
5.5899999999999030E+000	3.4786397229754774E-005
5.5949999999999029E+000	3.5017805209137892E-005
5.5999999999999028E+000	3.5241093934386972E-005
5.6049999999999027E+000	3.5456624047135596E-005
5.6099999999999026E+000	3.5664060814087174E-005
5.6149999999999025E+000	3.5862915324587423E-005
5.6199999999999024E+000	3.6053579306828909E-005
5.6249999999999023E+000	3.6235412023616574E-005
5.6299999999999022E+000	3.6408822556447266E-005
5.6349999999999021E+000	3.6573163702095564E-005
5.6399999999999020E+000	3.6728848752412819E-005
5.6449999999999019E+000	3.6875555195909647E-005
5.6499999999999018E+000	3.7012816341556864E-005
5.6549999999999017E+000	3.7140751891622457E-005
5.6599999999999016E+000	3.7259647904564184E-005
5.6649999999999014E+000	3.7369215226758854E-005
5.6699999999999013E+000	3.7468999182587453E-005
5.6749999999999012E+000	3.7559478055274726E-005
5.6799999999999011E+000	3.7640032939017201E-005
5.6849999999999010E+000	3.7711155720782906E-005
5.6899999999999009E+000	3.7772560222518790E-005
5.6949999999999008E+000	3.7823786232098625E-005
5.6999999999999007E+000	3.7865323275146403E-005
5.7049999999999006E+000	3.7896544444314194E-005
5.7099999999999005E+000	3.7917981620392802E-005
5.7149999999999004E+000	3.7929053420645121E-005
5.7199999999999003E+000	3.7930365797326163E-005
5.7249999999999002E+000	3.7921743901169910E-005
5.7299999999999001E+000	3.7902804785377104E-005
5.7349999999999000E+000	3.7874143051048543E-005
5.7399999999998998E+000	3.7835171310041808E-005
5.7449999999998997E+000	3.7786410600077505E-005
5.7499999999998996E+000	3.7727572429755255E-005
5.7549999999998995E+000	3.7658115525734884E-005
5.7599999999998994E+000	3.7578632956403651E-005
5.7649999999998993E+000	3.7488571108331129E-005
5.7699999999998992E+000	3.7388570829103965E-005
5.7749999999998991E+000	3.7278073034404741E-005
5.7799999999998990E+000	3.7157732806624210E-005
5.7849999999998989E+000	3.7027369436580946E-005
5.7899999999998988E+000	3.6886645191435711E-005
5.7949999999998987E+000	3.6736255504599075E-005
5.7999999999998986E+000	3.6575678142322646E-005
5.8049999999998985E+000	3.6405621618233526E-005
5.8099999999998984E+000	3.6225936726797915E-005
5.8149999999998983E+000	3.6036318086233160E-005
5.8199999999998981E+000	3.5837508266555724E-005
5.8249999999998980E+000	3.5629386598611286E-005
5.8299999999998979E+000	3.5411672525613443E-005
5.8349999999998978E+000	3.5185136168338523E-005
5.8399999999998977E+000	3.4949296883859727E-005
5.8449999999998976E+000	3.4704935017487269E-005
5.8499999999998975E+000	3.4451948219350924E-005
5.8549999999998974E+000	3.4190077894714086E-005
5.8599999999998973E+000	3.3920135776746150E-005
5.8649999999998972E+000	3.3642045676167676E-005
5.8699999999998971E+000	3.3355571337068755E-005
5.8749999999998970E+000	3.3061548628651306E-005
5.8799999999998969E+000	3.2759917327181869E-005
5.8849999999998968E+000	3.2450456470250808E-005
5.8899999999998967E+000	3.2134023845818469E-005
5.8949999999998965E+000	3.1810572605050996E-005
5.8999999999998964E+000	3.1479895312495577E-005
5.9049999999998963E+000	3.1142870408323882E-005
5.9099999999998962E+000	3.0799073515050365E-005
5.9149999999998961E+000	3.0449387674350283E-005
5.9199999999998960E+000	3.0093774352403957E-005
5.9249999999998959E+000	2.9732038207932972E-005
5.9299999999998958E+000	2.9365087987233870E-005
5.9349999999998957E+000	2.8992904978818188E-005
5.9399999999998956E+000	2.8615703726685462E-005
5.9449999999998955E+000	2.8233316888674361E-005
5.9499999999998954E+000	2.7846685561616401E-005
5.9549999999998953E+000	2.7455809079739919E-005
5.9599999999998952E+000	2.7060518514181331E-005
5.9649999999998951E+000	2.6661757549828786E-005
5.9699999999998949E+000	2.6259524513065387E-005
5.9749999999998948E+000	2.5853655496851248E-005
5.9799999999998947E+000	2.5445104194973184E-005
5.9849999999998946E+000	2.5033871848963022E-005
5.9899999999998945E+000	2.4620198354512772E-005
5.9949999999998944E+000	2.4203933197579160E-005
5.9999999999998943E+000	2.3786052965238080E-005
6.0049999999998942E+000	2.3366567525678612E-005
6.0099999999998941E+000	2.2945720320467473E-005
6.0149999999998940E+000	2.2523362320798009E-005
6.0199999999998939E+000	2.2100478403935101E-005
6.0249999999998938E+000	2.1677076252321551E-005
6.0299999999998937E+000	2.1252994155554766E-005
6.0349999999998936E+000	2.0829209167883192E-005
6.0399999999998935E+000	2.0405718836155888E-005
6.0449999999998933E+000	1.9982764075995511E-005
6.0499999999998932E+000	1.9560187582041980E-005
6.0549999999998931E+000	1.9138977965571954E-005
6.0599999999998930E+000	1.8719131111750751E-005
6.0649999999998929E+000	1.8300881619792575E-005
6.0699999999998928E+000	1.7884473250403211E-005
6.0749999999998927E+000	1.7469748671917892E-005
6.0799999999998926E+000	1.7057699640733341E-005
6.0849999999998925E+000	1.6648306276013086E-005
6.0899999999998924E+000	1.6241790841687221E-005
6.0949999999998923E+000	1.5837972162565199E-005
6.0999999999998922E+000	1.5437828174080947E-005
6.1049999999998921E+000	1.5041323132762874E-005
6.1099999999998920E+000	1.4648664469576115E-005
6.1149999999998919E+000	1.4260067895272543E-005
6.1199999999998917E+000	1.3875341651741217E-005
6.1249999999998916E+000	1.3495457073318768E-005
6.1299999999998915E+000	1.3120354019086385E-005
6.1349999999998914E+000	1.2750218732933172E-005
6.1399999999998913E+000	1.2385245062567104E-005
6.1449999999998912E+000	1.2025632296997222E-005
6.1499999999998911E+000	1.1671163666059970E-005
6.1549999999998910E+000	1.1322749966256136E-005
6.1599999999998909E+000	1.0980384961742781E-005
6.1649999999998908E+000	1.0644152570630727E-005
6.1699999999998907E+000	1.0313845939813600E-005
6.1749999999998906E+000	9.9899489888793058E-006
6.1799999999998905E+000	9.6730437672541391E-006
6.1849999999998904E+000	9.3629961303434059E-006
6.1899999999998903E+000	9.0595785966790446E-006
6.1949999999998902E+000	8.7631969983789258E-006
6.1999999999998900E+000	8.4744466667694153E-006
6.2049999999998899E+000	8.1931470722627827E-006
6.2099999999998898E+000	7.9194084489596401E-006
6.2149999999998897E+000	7.6541084918158762E-006

 
