Grouping:(8, 0) J686
# x 	 y
0.0000000000000000E+000	-2.7139025033330219E-006
5.0000000000000001E-003	-1.7505402493768217E-006
1.0000000000000000E-002	1.1170629325001271E-006
1.4999999999999999E-002	8.4201614270830611E-006
2.0000000000000000E-002	1.8671901406396219E-005
2.5000000000000001E-002	3.1321877644445651E-005
3.0000000000000002E-002	4.5840804332548971E-005
3.5000000000000003E-002	6.1719159102394193E-005
4.0000000000000001E-002	7.8476150139535311E-005
4.4999999999999998E-002	9.5662684423329839E-005
4.9999999999999996E-002	1.1286199118254438E-004
5.4999999999999993E-002	1.2969118504200109E-004
5.9999999999999991E-002	1.4580341450706990E-004
6.4999999999999988E-002	1.6088856285678918E-004
6.9999999999999993E-002	1.7456618220236018E-004
7.4999999999999997E-002	1.8583740898469472E-004
8.0000000000000002E-002	1.9637535611557441E-004
8.5000000000000006E-002	2.0508493320090903E-004
9.0000000000000011E-002	2.1176312302699588E-004
9.5000000000000015E-002	2.1629191228576147E-004
1.0000000000000002E-001	2.1859361842813466E-004
1.0500000000000002E-001	2.1862221835734549E-004
1.1000000000000003E-001	2.1636119457146922E-004
1.1500000000000003E-001	2.1182247277522291E-004
1.2000000000000004E-001	2.0504503131997260E-004
1.2500000000000003E-001	1.9609304345078783E-004
1.3000000000000003E-001	1.8515934509202522E-004
1.3500000000000004E-001	1.7227231371158262E-004
1.4000000000000004E-001	1.5752041714376121E-004
1.4500000000000005E-001	1.4109280251190298E-004
1.5000000000000005E-001	1.2313613655386900E-004
1.5500000000000005E-001	1.0381225551980215E-004
1.6000000000000006E-001	8.3290631742358970E-005
1.6500000000000006E-001	6.1749396161957779E-005
1.7000000000000007E-001	3.9371927839728713E-005
1.7500000000000007E-001	1.6202501269808697E-005
1.8000000000000008E-001	-7.4258730834929912E-006
1.8500000000000008E-001	-3.1325939065864494E-005
1.9000000000000009E-001	-5.5310386528407985E-005
1.9500000000000009E-001	-8.1074573822998249E-005
2.0000000000000009E-001	-1.0428655358696778E-004
2.0500000000000010E-001	-1.2697855511045598E-004
2.1000000000000010E-001	-1.4917185022299208E-004
2.1500000000000011E-001	-1.7069367375288649E-004
2.2000000000000011E-001	-1.9138836347914424E-004
2.2500000000000012E-001	-2.1111479676306919E-004
2.3000000000000012E-001	-2.2974639144337207E-004
2.3500000000000013E-001	-2.4961062357183500E-004
2.4000000000000013E-001	-2.6481379179651759E-004
2.4500000000000013E-001	-2.7889800424351274E-004
2.5000000000000011E-001	-2.9167799499238265E-004
2.5500000000000012E-001	-3.0303935367144793E-004
2.6000000000000012E-001	-3.1291116740744411E-004
2.6500000000000012E-001	-3.2126459963178122E-004
2.7000000000000013E-001	-3.2805884346841886E-004
2.7500000000000013E-001	-3.3327812015491033E-004
2.8000000000000014E-001	-3.3691980349220385E-004
2.8500000000000014E-001	-3.3899375813587786E-004
2.9000000000000015E-001	-3.3952171206257776E-004
2.9500000000000015E-001	-3.4297265744975662E-004
3.0000000000000016E-001	-3.3884093400745615E-004
3.0500000000000016E-001	-3.3418922713732466E-004
3.1000000000000016E-001	-3.3208755699662803E-004
3.1500000000000017E-001	-3.2338937199200436E-004
3.2000000000000017E-001	-3.1466785848340305E-004
3.2500000000000018E-001	-3.0907597351460196E-004
3.3000000000000018E-001	-2.9716485233768149E-004
3.3500000000000019E-001	-2.8527610194206297E-004
3.4000000000000019E-001	-2.7277201160117175E-004
3.4500000000000020E-001	-2.5964327529242118E-004
3.5000000000000020E-001	-2.4593745442234931E-004
3.5500000000000020E-001	-2.3172694523672109E-004
3.6000000000000021E-001	-2.1709535010773232E-004
3.6500000000000021E-001	-2.0221146641603141E-004
3.7000000000000022E-001	-1.8707522870270931E-004
3.7500000000000022E-001	-1.7177487514003395E-004
3.8000000000000023E-001	-1.5639705901332777E-004
3.8500000000000023E-001	-1.4091237271015604E-004
3.9000000000000024E-001	-1.2540066179270767E-004
3.9500000000000024E-001	-1.1676740814131887E-004
4.0000000000000024E-001	-9.7827568151684943E-005
4.0500000000000025E-001	-8.6473279973767840E-005
4.1000000000000025E-001	-6.8036273453426580E-005
4.1500000000000026E-001	-5.2473273610338044E-005
4.2000000000000026E-001	-4.4055398133764866E-005
4.2500000000000027E-001	-2.7592219864416264E-005
4.3000000000000027E-001	-9.9363945575527601E-006
4.3500000000000028E-001	-3.5702964464490731E-006
4.4000000000000028E-001	1.2275389717671618E-005
4.4500000000000028E-001	2.4430964874877795E-005
4.5000000000000029E-001	3.5246617425152571E-005
4.5500000000000029E-001	4.5027791855114324E-005
4.6000000000000030E-001	5.4345809943225521E-005
4.6500000000000030E-001	6.2810879347260267E-005
4.7000000000000031E-001	7.0448097724821427E-005
4.7500000000000031E-001	7.0234393793695181E-005
4.8000000000000032E-001	8.0730244308503733E-005
4.8500000000000032E-001	8.7073947376797126E-005
4.9000000000000032E-001	8.6830357753422149E-005
4.9500000000000033E-001	9.5240770743230716E-005
5.0000000000000033E-001	9.9557596710603722E-005
5.0500000000000034E-001	1.0294015120455044E-004
5.1000000000000034E-001	1.0569064242340106E-004
5.1500000000000035E-001	1.0692317309569643E-004
5.2000000000000035E-001	1.1206809573340269E-004
5.2500000000000036E-001	1.1343340106558783E-004
5.3000000000000036E-001	1.1455160043719292E-004
5.3500000000000036E-001	1.1809254316334681E-004
5.4000000000000037E-001	1.2071716817695399E-004
5.4500000000000037E-001	1.2137444259230496E-004
5.5000000000000038E-001	1.2206343527101312E-004
5.5500000000000038E-001	1.1991701917193812E-004
5.6000000000000039E-001	1.2261532079042408E-004
5.6500000000000039E-001	1.2241859718284653E-004
5.7000000000000040E-001	1.2168394221033069E-004
5.7500000000000040E-001	1.2057136237050445E-004
5.8000000000000040E-001	1.1912681561892729E-004
5.8500000000000041E-001	1.1837994447929780E-004
5.9000000000000041E-001	1.1708922457123809E-004
5.9500000000000042E-001	1.1444140805659850E-004
6.0000000000000042E-001	1.1211409926865379E-004
6.0500000000000043E-001	1.0940943486986631E-004
6.1000000000000043E-001	1.0643110825370399E-004
6.1500000000000044E-001	1.0340304983403768E-004
6.2000000000000044E-001	1.0046254176864065E-004
6.2500000000000044E-001	9.7577976497624329E-005
6.3000000000000045E-001	9.4819850010680292E-005
6.3500000000000045E-001	9.2229222490395411E-005
6.4000000000000046E-001	8.9845829275055964E-005
6.4500000000000046E-001	8.7703561809331529E-005
6.5000000000000047E-001	8.5820608690123046E-005
6.5500000000000047E-001	8.4208344491768286E-005
6.6000000000000048E-001	8.2871245459797155E-005
6.6500000000000048E-001	8.1806905742208593E-005
6.7000000000000048E-001	8.1006263042420951E-005
6.7500000000000049E-001	8.0453977552040343E-005
6.8000000000000049E-001	8.0128894570366679E-005
6.8500000000000050E-001	8.0004651985644267E-005
6.9000000000000050E-001	8.0056687501850650E-005
6.9500000000000051E-001	8.0241574798723029E-005
7.0000000000000051E-001	8.0578859106291410E-005
7.0500000000000052E-001	8.0965570457542960E-005
7.1000000000000052E-001	8.1371750197526974E-005
7.1500000000000052E-001	8.1770175552562977E-005
7.2000000000000053E-001	8.2126424960992766E-005
7.2500000000000053E-001	8.2401941430203311E-005
7.3000000000000054E-001	8.2558094138915770E-005
7.3500000000000054E-001	7.9089950550073848E-005
7.4000000000000055E-001	8.0748380141353325E-005
7.4500000000000055E-001	7.9876097974969479E-005
7.5000000000000056E-001	7.8722497980003841E-005
7.5500000000000056E-001	7.7472849109948334E-005
7.6000000000000056E-001	6.8805402721871709E-005
7.6500000000000057E-001	7.1466569051346812E-005
7.7000000000000057E-001	6.0739469369007957E-005
7.7500000000000058E-001	6.2359485063801317E-005
7.8000000000000058E-001	6.0754522250788162E-005
7.8500000000000059E-001	5.8234849185968870E-005
7.9000000000000059E-001	5.5463234686391998E-005
7.9500000000000060E-001	5.2631045030488905E-005
8.0000000000000060E-001	4.9790761820257671E-005
8.0500000000000060E-001	4.6959533021674841E-005
8.1000000000000061E-001	4.4149334020390117E-005
8.1500000000000061E-001	4.1374859157328249E-005
8.2000000000000062E-001	3.8655081027939948E-005
8.2500000000000062E-001	3.6010780800284416E-005
8.3000000000000063E-001	3.3459318407592670E-005
8.3500000000000063E-001	3.1026192040065135E-005
8.4000000000000064E-001	2.8695513663734661E-005
8.4500000000000064E-001	2.6479637257336003E-005
8.5000000000000064E-001	2.4377851900771938E-005
8.5500000000000065E-001	1.7310861844408745E-005
8.6000000000000065E-001	1.8625688550024799E-005
8.6500000000000066E-001	1.7798034916404662E-005
8.7000000000000066E-001	1.6876768738727950E-005
8.7500000000000067E-001	1.6229522774228983E-005
8.8000000000000067E-001	1.5652749987579638E-005
8.8500000000000068E-001	1.5291347085631771E-005
8.9000000000000068E-001	1.5095607378318857E-005
8.9500000000000068E-001	1.5013939516078806E-005
9.0000000000000069E-001	1.4999679372599901E-005
9.0500000000000069E-001	1.5010559616534973E-005
9.1000000000000070E-001	1.5008502864097586E-005
9.1500000000000070E-001	1.4936075065552629E-005
9.2000000000000071E-001	1.4786565904492041E-005
9.2500000000000071E-001	1.4533685870659303E-005
9.3000000000000071E-001	1.4157575719913327E-005
9.3500000000000072E-001	1.3636099340155962E-005
9.4000000000000072E-001	1.2950378868989229E-005
9.4500000000000073E-001	1.2090033339033019E-005
9.5000000000000073E-001	1.1050278549139228E-005
9.5500000000000074E-001	9.8305896560720089E-006
9.6000000000000074E-001	8.4344305297270009E-006
9.6500000000000075E-001	6.8690623455311753E-006
9.7000000000000075E-001	5.1451927882785222E-006
9.7500000000000075E-001	3.2767409617108090E-006
9.8000000000000076E-001	1.2804174216593974E-006
9.8500000000000076E-001	-8.2471758488541599E-007
9.9000000000000077E-001	-3.0167160940728419E-006
9.9500000000000077E-001	-5.2697705908314198E-006
1.0000000000000007E+000	-7.5556199794133087E-006
1.0050000000000006E+000	-9.8454401548099265E-006
1.0100000000000005E+000	-1.2112178850668711E-005
1.0150000000000003E+000	-1.4330443157260938E-005
1.0200000000000002E+000	-1.6476600134015819E-005
1.0250000000000001E+000	-1.8528845257185658E-005
1.0300000000000000E+000	-5.9277521062533454E-005
1.0349999999999999E+000	-4.5376099105510948E-005
1.0399999999999998E+000	-4.0567880210574092E-005
1.0449999999999997E+000	-3.7873329962196551E-005
1.0499999999999996E+000	-5.8345109365112925E-005
1.0549999999999995E+000	-4.0627364921289844E-005
1.0599999999999994E+000	-3.3423478924737659E-005
1.0649999999999993E+000	-2.8907443676722460E-005
1.0699999999999992E+000	-2.5887252422494773E-005
1.0749999999999991E+000	-2.3883436289585685E-005
1.0799999999999990E+000	-2.2619690849369331E-005
1.0849999999999989E+000	-2.1906511398142251E-005
1.0899999999999987E+000	-2.1605849260359422E-005
1.0949999999999986E+000	-2.1612926297420788E-005
1.0999999999999985E+000	-2.1841551589474498E-005
1.1049999999999984E+000	-2.2228930199337724E-005
1.1099999999999983E+000	-2.2722445323837465E-005
1.1149999999999982E+000	-2.3281187022277967E-005
1.1199999999999981E+000	-2.3871964992602857E-005
1.1249999999999980E+000	-2.4467139061700226E-005
1.1299999999999979E+000	-2.5043622269420302E-005
1.1349999999999978E+000	-2.5583001267284667E-005
1.1399999999999977E+000	-2.6070866042966910E-005
1.1449999999999976E+000	-2.6329230002774769E-005
1.1499999999999975E+000	-2.6533451852881336E-005
1.1549999999999974E+000	-2.6679911459079330E-005
1.1599999999999973E+000	-2.6761156735015490E-005
1.1649999999999971E+000	-2.6786081625941653E-005
1.1699999999999970E+000	-2.6749742884712453E-005
1.1749999999999969E+000	-2.6652988313799338E-005
1.1799999999999968E+000	-2.6503192928660932E-005
1.1849999999999967E+000	-2.6315396005939108E-005
1.1899999999999966E+000	-2.6102146254528015E-005
1.1949999999999965E+000	-2.5876202648148886E-005
1.1999999999999964E+000	-2.5650318206796840E-005
1.2049999999999963E+000	-2.5431448527574546E-005
1.2099999999999962E+000	-2.5223758180087189E-005
1.2149999999999961E+000	-2.5031141861443838E-005
1.2199999999999960E+000	-2.4857009648603232E-005
1.2249999999999959E+000	-2.4704057886696853E-005
1.2299999999999958E+000	-2.4604302790972519E-005
1.2349999999999957E+000	-2.4510215833490546E-005
1.2399999999999956E+000	-2.4429801727732010E-005
1.2449999999999954E+000	-2.4365495962358491E-005
1.2499999999999953E+000	-2.4318838074380154E-005
1.2549999999999952E+000	-2.4291358852894213E-005
1.2599999999999951E+000	-2.4284568499132261E-005
1.2649999999999950E+000	-2.4300559647480571E-005
1.2699999999999949E+000	-2.4341689356947434E-005
1.2749999999999948E+000	-2.4409982049374407E-005
1.2799999999999947E+000	-2.4507896497258019E-005
1.2849999999999946E+000	-2.4640410370924573E-005
1.2899999999999945E+000	-2.4810553530440557E-005
1.2949999999999944E+000	-2.5019138618872774E-005
1.2999999999999943E+000	-2.5266640796094028E-005
1.3049999999999942E+000	-2.5552151320627624E-005
1.3099999999999941E+000	-2.5730278700965154E-005
1.3149999999999940E+000	-2.5954527342701722E-005
1.3199999999999938E+000	-2.6226538725102220E-005
1.3249999999999937E+000	-7.0457082375690545E-005
1.3299999999999936E+000	-5.6397458399362125E-005
1.3349999999999935E+000	-4.9867000654788143E-005
1.3399999999999934E+000	-4.5019536222540556E-005
1.3449999999999933E+000	-6.2319172999272525E-005
1.3499999999999932E+000	-4.8563518787720352E-005
1.3549999999999931E+000	-4.2029976742005873E-005
1.3599999999999930E+000	-3.6987977459429779E-005
1.3649999999999929E+000	-3.2678020875840811E-005
1.3699999999999928E+000	-2.8911413714619317E-005
1.3749999999999927E+000	-2.5617895939212396E-005
1.3799999999999926E+000	-2.2763060608236229E-005
1.3849999999999925E+000	-2.0325255540639579E-005
1.3899999999999924E+000	-1.8285767173971596E-005
1.3949999999999922E+000	-1.6624825821844517E-005
1.3999999999999921E+000	-1.5320689464733294E-005
1.4049999999999920E+000	-1.4349542685066640E-005
1.4099999999999919E+000	-1.3685861947308208E-005
1.4149999999999918E+000	-1.3302835354166744E-005
1.4199999999999917E+000	-1.3172787390026370E-005
1.4249999999999916E+000	-1.3267614278897187E-005
1.4299999999999915E+000	-1.3559092240185486E-005
1.4349999999999914E+000	-1.4019234814156362E-005
1.4399999999999913E+000	-1.4620596464238558E-005
1.4449999999999912E+000	-1.5336492076500624E-005
1.4499999999999911E+000	-1.6141244910502679E-005
1.4549999999999910E+000	-1.7010403713305521E-005
1.4599999999999909E+000	-1.7920779545939208E-005
1.4649999999999908E+000	-1.8850572159030706E-005
1.4699999999999906E+000	-1.9779576025622774E-005
1.4749999999999905E+000	-2.0689283586985351E-005
1.4799999999999904E+000	-2.1562954227873107E-005
1.4849999999999903E+000	-2.2385621668594078E-005
1.4899999999999902E+000	-2.3127238175540689E-005
1.4949999999999901E+000	-2.3798601969686387E-005
1.4999999999999900E+000	-2.4390401045334181E-005
1.5049999999999899E+000	-2.4893283344535291E-005
1.5099999999999898E+000	-2.5300376307608390E-005
1.5149999999999897E+000	-2.5607350960654484E-005
1.5199999999999896E+000	-2.5812033490006835E-005
1.5249999999999895E+000	-2.5913919677949363E-005
1.5299999999999894E+000	-2.6136013108589526E-005
1.5349999999999893E+000	-2.6260698815662427E-005
1.5399999999999892E+000	-2.6284633483613203E-005
1.5449999999999890E+000	-2.6239252908874376E-005
1.5499999999999889E+000	-2.6055694211585817E-005
1.5549999999999888E+000	-2.5740867245718067E-005
1.5599999999999887E+000	-2.5310594117235504E-005
1.5649999999999886E+000	-1.9502078084349656E-005
1.5699999999999885E+000	-1.8390526879846438E-005
1.5749999999999884E+000	-1.7227834887604783E-005
1.5799999999999883E+000	-1.6178798889282720E-005
1.5849999999999882E+000	-1.5147987434319670E-005
1.5899999999999881E+000	-1.4171433167247841E-005
1.5949999999999880E+000	-1.3210251315650733E-005
1.5999999999999879E+000	-1.2254317819606742E-005
1.6049999999999878E+000	-1.1348350474099858E-005
1.6099999999999877E+000	-1.0507876089307079E-005
1.6149999999999876E+000	-9.7316606323001062E-006
1.6199999999999875E+000	-9.0521437617817546E-006
1.6249999999999873E+000	-8.4804204582592434E-006
1.6299999999999872E+000	-8.0166637054328853E-006
1.6349999999999871E+000	-7.6581386140958605E-006
1.6399999999999870E+000	-7.4014168017691197E-006
1.6449999999999869E+000	-7.2430915771197175E-006
1.6499999999999868E+000	-7.1797963592255177E-006
1.6549999999999867E+000	-7.2079863340954056E-006
1.6599999999999866E+000	-7.3239230017404950E-006
1.6649999999999865E+000	-7.5234635555309712E-006
1.6699999999999864E+000	-7.8024273424421990E-006
1.6749999999999863E+000	-7.7528691790168340E-006
1.6799999999999862E+000	-8.8135870924087476E-006
1.6849999999999861E+000	-5.4298990915816326E-006
1.6899999999999860E+000	-1.8078393310983000E-005
1.6949999999999859E+000	-1.4050529119827582E-005
1.6999999999999857E+000	-1.3515520518762751E-005
1.7049999999999856E+000	-1.3434614148654775E-005
1.7099999999999855E+000	-1.3434512799543175E-005
1.7149999999999854E+000	-1.3475906196776234E-005
1.7199999999999853E+000	-2.1495839198447302E-005
1.7249999999999852E+000	-1.5751425639881097E-005
1.7299999999999851E+000	-1.4773131368152871E-005
1.7349999999999850E+000	-1.4554322669891101E-005
1.7399999999999849E+000	-1.4570082732825405E-005
1.7449999999999848E+000	-1.4719621256889663E-005
1.7499999999999847E+000	-1.4969217402873805E-005
1.7549999999999846E+000	-1.5296469149453438E-005
1.7599999999999845E+000	-1.5689787521181312E-005
1.7649999999999844E+000	-1.6136446879850896E-005
1.7699999999999843E+000	-1.6625157548600218E-005
1.7749999999999841E+000	-1.7145402444049873E-005
1.7799999999999840E+000	-1.7687084694598972E-005
1.7849999999999839E+000	-1.8263228994943990E-005
1.7899999999999838E+000	-1.8861548360183959E-005
1.7949999999999837E+000	-1.9451717492121703E-005
1.7999999999999836E+000	-2.0031958711631274E-005
1.8049999999999835E+000	-2.0606562820831731E-005
1.8099999999999834E+000	-2.1174381088995234E-005
1.8149999999999833E+000	-2.1727928347115934E-005
1.8199999999999832E+000	-2.2257914529539697E-005
1.8249999999999831E+000	-2.2754032101272770E-005
1.8299999999999830E+000	-2.3206972732772817E-005
1.8349999999999829E+000	-2.3608654240290312E-005
1.8399999999999828E+000	-2.3952308909554061E-005
1.8449999999999827E+000	-2.4232604819954097E-005
1.8499999999999825E+000	-2.4445489738455268E-005
1.8549999999999824E+000	-2.4588086778484188E-005
1.8599999999999823E+000	-2.4658565746114148E-005
1.8649999999999822E+000	-2.4656030425934049E-005
1.8699999999999821E+000	-2.4580398397789617E-005
1.8749999999999820E+000	-2.4432329020924281E-005
1.8799999999999819E+000	-2.4213148805855337E-005
1.8799999999999819E+000	-3.8461457255173608E-005
1.8849999999999818E+000	-3.4254531373985396E-005
1.8899999999999817E+000	-3.1264517295823687E-005
1.8949999999999816E+000	-2.8907534967132939E-005
1.8999999999999815E+000	-2.6929734896286314E-005
1.9049999999999814E+000	-2.5190108234788940E-005
1.9099999999999813E+000	-2.3607939384064421E-005
1.9149999999999812E+000	-2.2088136038373735E-005
1.9199999999999811E+000	-2.0615030491545176E-005
1.9249999999999809E+000	-1.9201534667312809E-005
1.9299999999999808E+000	-1.7843535153255062E-005
1.9349999999999807E+000	-1.6539152158507008E-005
1.9399999999999806E+000	-1.5286836052625702E-005
1.9449999999999805E+000	-1.4110703856166007E-005
1.9499999999999804E+000	-1.2987849912763036E-005
1.9549999999999803E+000	-2.8000897865701174E-005
1.9599999999999802E+000	-2.0867922183441869E-005
1.9649999999999801E+000	-1.6387292045851472E-005
1.9699999999999800E+000	-1.3062392814947982E-005
1.9749999999999799E+000	-1.0521808241314913E-005
1.9799999999999798E+000	-8.5137509602416650E-006
1.9849999999999797E+000	-1.8736993812289649E-005
1.9899999999999796E+000	-1.2105660407724621E-005
1.9949999999999795E+000	-1.5256914909520124E-005
1.9999999999999793E+000	-9.7134539279189500E-006
2.0049999999999795E+000	-6.0810544935121535E-006
2.0099999999999794E+000	-3.4363296654079653E-006
2.0149999999999793E+000	-1.5355969529999653E-006
2.0199999999999791E+000	-1.6808426345029400E-007
2.0249999999999790E+000	8.1443047330029636E-007
2.0299999999999789E+000	1.5086975570223178E-006
2.0349999999999788E+000	1.9782911509775282E-006
2.0399999999999787E+000	2.2670525090913740E-006
2.0449999999999786E+000	2.4070686684147036E-006
2.0499999999999785E+000	2.4231687081500489E-006
2.0549999999999784E+000	2.3352726790541423E-006
2.0599999999999783E+000	2.1601477744829364E-006
2.0649999999999782E+000	1.9121617919585043E-006
2.0699999999999781E+000	1.6039295162211395E-006
2.0749999999999780E+000	1.2467136413836592E-006
2.0799999999999779E+000	8.5064295067699130E-007
2.0849999999999778E+000	4.2491651469487071E-007
2.0899999999999777E+000	-2.2053431319439230E-008
2.0949999999999775E+000	-4.8257320899476137E-007
2.0999999999999774E+000	-9.4960197319037165E-007
2.1049999999999773E+000	-1.4167576691368454E-006
2.1099999999999772E+000	-1.8782524237224079E-006
2.1149999999999771E+000	-2.3288498725360767E-006
2.1199999999999770E+000	-2.7638086986632252E-006
2.1249999999999769E+000	-3.1790548535478268E-006
2.1299999999999768E+000	-3.5710598396001420E-006
2.1349999999999767E+000	-3.9369117299658488E-006
2.1399999999999766E+000	-4.4302450399127991E-006
2.1449999999999765E+000	-4.8912427039684673E-006
2.1499999999999764E+000	-5.3172815917145084E-006
2.1549999999999763E+000	-5.7059024019302425E-006
2.1599999999999762E+000	-6.0552219809499836E-006
2.1649999999999761E+000	-9.1423105565035292E-006
2.1699999999999759E+000	-8.7567674008144036E-006
2.1749999999999758E+000	-8.2288946331474096E-006
2.1799999999999757E+000	-1.0031169107965991E-005
2.1849999999999756E+000	-9.0603239660063157E-006
2.1899999999999755E+000	-8.5744358728312732E-006
2.1949999999999754E+000	-8.3434812816207930E-006
2.1999999999999753E+000	-8.2419859729773383E-006
2.2049999999999752E+000	-8.1594706616503542E-006
2.2099999999999751E+000	-8.0408483845091823E-006
2.2149999999999750E+000	-7.8649375302734801E-006
2.2199999999999749E+000	-7.6295129436953950E-006
2.2249999999999748E+000	-7.3392674062542224E-006
2.2299999999999747E+000	-7.0011769754828376E-006
2.2349999999999746E+000	-6.4971624015838756E-006
2.2399999999999745E+000	-4.1060213328071496E-006
2.2449999999999743E+000	-3.0499827880478119E-006
2.2499999999999742E+000	-2.4408435971774480E-006
2.2549999999999741E+000	-2.0992109128108036E-006
2.2599999999999740E+000	-1.8964417407195000E-006
2.2649999999999739E+000	-1.7629244371871673E-006
2.2699999999999738E+000	-1.6655816290873729E-006
2.2749999999999737E+000	-1.5899821551209741E-006
2.2799999999999736E+000	-1.5299923369058644E-006
2.2849999999999735E+000	-1.4835436371426419E-006
2.2899999999999734E+000	-1.4492192607965502E-006
2.2949999999999733E+000	-1.4252538492934873E-006
2.2999999999999732E+000	-1.4081397055622514E-006
2.3049999999999731E+000	-1.3954215920843759E-006
2.3099999999999730E+000	-1.3857789953292183E-006
2.3149999999999729E+000	-1.3773855535893352E-006
2.3199999999999728E+000	-1.3681730868313860E-006
2.3249999999999726E+000	-1.3567351064964663E-006
2.3299999999999725E+000	-1.3411079544116786E-006
2.3349999999999724E+000	-1.3202302589904430E-006
2.3399999999999723E+000	-1.2938530654358195E-006
2.3449999999999722E+000	-1.2618847202369373E-006
2.3499999999999721E+000	-1.2243365269351401E-006
2.3549999999999720E+000	-1.1814266085378147E-006
2.3599999999999719E+000	-1.1333231128026126E-006
2.3649999999999718E+000	-1.0803285202456230E-006
2.3699999999999717E+000	-1.0228827357867525E-006
2.3749999999999716E+000	-9.6130467678841385E-007
2.3799999999999715E+000	-8.9627047960792397E-007
2.3849999999999714E+000	-8.2797816014889053E-007
2.3899999999999713E+000	-7.5690428923663242E-007
2.3949999999999712E+000	-6.8340975154448898E-007
2.3999999999999710E+000	-6.0766625669072986E-007
2.4049999999999709E+000	-5.2971287684167006E-007
2.4099999999999708E+000	-3.1832493428641899E-006
2.4149999999999707E+000	-1.7674294153737727E-006
2.4199999999999706E+000	-1.1448207399227600E-006
2.4249999999999705E+000	-8.9787636812589731E-007
2.4299999999999704E+000	-8.7306559351723810E-007
2.4349999999999703E+000	-9.3708594330332359E-007
2.4399999999999702E+000	-1.0112940154117007E-006
2.4449999999999701E+000	-1.0567014019960416E-006
2.4499999999999700E+000	-1.0695293726057305E-006
2.4549999999999699E+000	-9.3967806973522284E-007
2.4599999999999698E+000	-7.6261635994270835E-007
2.4649999999999697E+000	-5.6562449619103606E-007
2.4699999999999696E+000	-3.6293207487287517E-007
2.4749999999999694E+000	-1.5834518248153286E-007
2.4799999999999693E+000	-3.6801360245118586E-006
2.4849999999999692E+000	-1.5242386934600215E-006
2.4899999999999691E+000	-1.1380344724696480E-007
2.4949999999999690E+000	9.1651885338970305E-007
2.4999999999999689E+000	1.6063373367598028E-006
2.5049999999999688E+000	2.0644033520864308E-006
2.5099999999999687E+000	2.3761582772787178E-006
2.5149999999999686E+000	-1.3747971885516365E-006
2.5199999999999685E+000	1.8022795061040397E-007
2.5249999999999684E+000	1.6706098202327062E-006
2.5299999999999683E+000	2.7702922105509453E-006
2.5349999999999682E+000	3.4511766030364610E-006
2.5399999999999681E+000	3.8305281717727412E-006
2.5449999999999680E+000	4.0064351030223721E-006
2.5499999999999678E+000	4.0441981388315348E-006
2.5549999999999677E+000	3.9862424637430305E-006
2.5599999999999676E+000	3.8608173502016243E-006
2.5649999999999675E+000	3.6900443690819485E-006
2.5699999999999674E+000	3.4917910914755761E-006
2.5749999999999673E+000	3.2796539429868113E-006
2.5799999999999672E+000	3.0654371102466616E-006
2.5849999999999671E+000	2.8590363193972557E-006
2.5899999999999670E+000	2.6684633268030318E-006
2.5949999999999669E+000	2.5000354591371424E-006
2.5999999999999668E+000	2.3585430262988709E-006
2.6049999999999667E+000	2.2474093634819482E-006
2.6099999999999666E+000	2.1688431281310729E-006
2.6149999999999665E+000	2.1239860870252864E-006
2.6199999999999664E+000	2.1130519488118581E-006
2.6249999999999662E+000	2.1354563437264602E-006
2.6299999999999661E+000	2.1899367974481710E-006
2.6349999999999660E+000	2.2746580531115108E-006
2.6399999999999659E+000	2.3873195101691138E-006
2.6449999999999658E+000	2.5252493355274041E-006
2.6499999999999657E+000	2.6854907878579970E-006
2.6549999999999656E+000	2.8648839588943668E-006
2.6599999999999655E+000	3.0601407566818265E-006
2.6649999999999654E+000	3.2679190883580733E-006
2.6699999999999653E+000	3.4849202364438423E-006
2.6749999999999652E+000	3.7078645426290012E-006
2.6799999999999651E+000	3.9335899097577765E-006
2.6849999999999650E+000	4.1590949331577369E-006
2.6899999999999649E+000	4.3816001231254517E-006
2.6949999999999648E+000	4.5985433438147206E-006
2.6999999999999647E+000	4.6847718262208745E-006
2.7049999999999645E+000	5.5410960051803456E-007
2.7099999999999644E+000	5.6795687196138667E-007
2.7149999999999643E+000	2.2908743972835512E-006
2.7199999999999642E+000	4.0128415787257444E-006
2.7249999999999641E+000	5.2229996394655927E-006
2.7299999999999640E+000	-2.9146405202471661E-007
2.7349999999999639E+000	1.6433216524939877E-006
2.7399999999999638E+000	3.4921684853559484E-006
2.7449999999999637E+000	4.8197509610493493E-006
2.7499999999999636E+000	5.7052885613525857E-006
2.7549999999999635E+000	6.2715550502915551E-006
2.7599999999999634E+000	6.6390268842095915E-006
2.7649999999999633E+000	6.8717013182553708E-006
2.7699999999999632E+000	6.9910153581752516E-006
2.7749999999999631E+000	7.0399071776507892E-006
2.7799999999999629E+000	7.0371928078225554E-006
2.7849999999999628E+000	7.0116164733922794E-006
2.7899999999999627E+000	6.9804661148073359E-006
2.7949999999999626E+000	6.9319496465538041E-006
2.7999999999999625E+000	6.8734777287694812E-006
2.8049999999999624E+000	6.8129996745751448E-006
2.8099999999999623E+000	6.7568914699274417E-006
2.8149999999999622E+000	6.7083307539133614E-006
2.8199999999999621E+000	6.6700851861202111E-006
2.8249999999999620E+000	6.6436825557393801E-006
2.8299999999999619E+000	6.6301370708938996E-006
2.8349999999999618E+000	6.6299869249629355E-006
2.8399999999999617E+000	6.6433527953281666E-006
2.8449999999999616E+000	6.6700168024952545E-006
2.8499999999999615E+000	6.7094958917362600E-006
2.8549999999999613E+000	6.7610981191874289E-006
2.8599999999999612E+000	6.8239666034413773E-006
2.8649999999999611E+000	6.8971162815077807E-006
2.8699999999999610E+000	6.9794692930259151E-006
2.8749999999999609E+000	7.0698872042129462E-006
2.8799999999999608E+000	7.1671970022445660E-006
2.8849999999999607E+000	7.2702136563506690E-006
2.8899999999999606E+000	7.3777597157022534E-006
2.8949999999999605E+000	7.4886815653160296E-006
2.8999999999999604E+000	7.6018627245841274E-006
2.9049999999999603E+000	7.7162343249675889E-006
2.9099999999999602E+000	7.8307830057550517E-006
2.9149999999999601E+000	7.9445580053221573E-006
2.9199999999999600E+000	8.0566845208776066E-006
2.9249999999999599E+000	8.1663384506773633E-006
2.9299999999999597E+000	8.2727623408671584E-006
2.9349999999999596E+000	8.3752636424346305E-006
2.9399999999999595E+000	8.4732123655501889E-006
2.9449999999999594E+000	8.5660380066301178E-006
2.9499999999999593E+000	8.6532259907448385E-006
2.9549999999999592E+000	8.7343137269449521E-006
2.9599999999999591E+000	8.8089726948427242E-006
2.9649999999999590E+000	8.8766158198976522E-006
2.9699999999999589E+000	8.9524501496069395E-006
2.9749999999999588E+000	9.0316597159330974E-006
2.9799999999999587E+000	9.1066295302841037E-006
2.9849999999999586E+000	9.1683138827300739E-006
2.9899999999999585E+000	9.2469159663200048E-006
2.9949999999999584E+000	9.3110400769523136E-006
2.9999999999999583E+000	9.3602669015403233E-006
3.0049999999999581E+000	9.3918608298458165E-006
3.0099999999999580E+000	9.4076144433513318E-006
3.0149999999999579E+000	9.4084775892400692E-006
3.0199999999999578E+000	9.3953331050937290E-006
3.0249999999999577E+000	9.3690588103326206E-006
3.0299999999999576E+000	9.3304338844961963E-006
3.0349999999999575E+000	9.2801212917367447E-006
3.0399999999999574E+000	9.2187099461195661E-006
3.0449999999999573E+000	9.1467331601029679E-006
3.0499999999999572E+000	9.0646762584756673E-006
3.0549999999999571E+000	8.9729832830339642E-006
3.0599999999999570E+000	8.8720778074214088E-006
3.0649999999999569E+000	8.7623764427566885E-006
3.0699999999999568E+000	8.6442911027537701E-006
3.0749999999999567E+000	8.5182406434292917E-006
3.0799999999999566E+000	8.3846556516665223E-006
3.0849999999999564E+000	8.2440412216932301E-006
3.0899999999999563E+000	1.3625883992426333E-006
3.0949999999999562E+000	3.7373605425605212E-007
3.0999999999999561E+000	2.9312670924400902E-006
3.1049999999999560E+000	3.2885702362764802E-006
3.1099999999999559E+000	3.3475201250442344E-006
3.1149999999999558E+000	3.3970420017900832E-006
3.1199999999999557E+000	3.4920802828114722E-006
3.1249999999999556E+000	3.6321649929686421E-006
3.1299999999999555E+000	3.8021073101374620E-006
3.1349999999999554E+000	3.9845637372108705E-006
3.1399999999999553E+000	4.1639961941765571E-006
3.1449999999999552E+000	4.3272496727316853E-006
3.1499999999999551E+000	-3.0658532826874637E-006
3.1549999999999550E+000	-4.0620615684746976E-006
3.1599999999999548E+000	-4.5413299732298562E-006
3.1649999999999547E+000	-4.6608648423091279E-006
3.1699999999999546E+000	2.4340387227623532E-007
3.1749999999999545E+000	2.0055656295938841E-006
3.1799999999999544E+000	-4.4784933548548229E-006
3.1849999999999543E+000	6.6219237852936057E-008
3.1899999999999542E+000	2.1169840673110713E-006
3.1949999999999541E+000	3.1553546076124286E-006
3.1999999999999540E+000	3.7917945471625550E-006
3.2049999999999539E+000	4.2322618114766404E-006
3.2099999999999538E+000	4.5486021930935698E-006
3.2149999999999537E+000	4.7674942196575262E-006
3.2199999999999536E+000	4.9000878560672729E-006
3.2249999999999535E+000	4.9526109481764396E-006
3.2299999999999534E+000	4.9304645527607972E-006
3.2349999999999532E+000	4.8394886399746638E-006
3.2399999999999531E+000	4.6864662667546447E-006
3.2449999999999530E+000	4.4789009138282397E-006
3.2499999999999529E+000	4.2248039001066270E-006
3.2549999999999528E+000	3.9323834351138573E-006
3.2599999999999527E+000	3.6097516017046711E-006
3.2649999999999526E+000	3.2649105826529243E-006
3.2699999999999525E+000	2.9055124433612141E-006
3.2749999999999524E+000	2.5387082800823811E-006
3.2799999999999523E+000	2.1712574915766011E-006
3.2849999999999522E+000	1.8092115541490161E-006
3.2899999999999521E+000	1.4579534574662447E-006
3.2949999999999520E+000	1.1222365694516210E-006
3.2999999999999519E+000	8.0618390395619999E-007
3.3049999999999518E+000	5.1330496200587261E-007
3.3099999999999516E+000	2.4656976252152353E-007
3.3149999999999515E+000	8.2384599359655683E-009
3.3199999999999514E+000	-2.0001136503209347E-007
3.3249999999999513E+000	-3.7704038468510599E-007
3.3299999999999512E+000	-5.2231568843907436E-007
3.3349999999999511E+000	-6.3595792268902844E-007
3.3399999999999510E+000	-7.1840088686141801E-007
3.3449999999999509E+000	-7.7032713917342633E-007
3.3499999999999508E+000	-7.9273241128064043E-007
3.3549999999999507E+000	-7.8695283051922118E-007
3.3599999999999506E+000	-7.5460183257629985E-007
3.3649999999999505E+000	-6.9755157729621642E-007
3.3699999999999504E+000	-6.1784616325579812E-007
3.3749999999999503E+000	-5.1764329306840538E-007
3.3799999999999502E+000	-3.9918013492885163E-007
3.3849999999999500E+000	-2.6487102941316201E-007
3.3899999999999499E+000	-1.1726839701876188E-007
3.3949999999999498E+000	4.0970581040176942E-008
3.3999999999999497E+000	2.0717172085127776E-007
3.4049999999999496E+000	3.7880056108460403E-007
3.4099999999999495E+000	5.5326144509955620E-007
3.4149999999999494E+000	7.2796364992450546E-007
3.4199999999999493E+000	9.0034064200520483E-007
3.4249999999999492E+000	1.0677084132215678E-006
3.4299999999999491E+000	1.2277730687922835E-006
3.4349999999999490E+000	1.3786212520106449E-006
3.4399999999999489E+000	1.5181160852974588E-006
3.4449999999999488E+000	1.6442036565242943E-006
3.4499999999999487E+000	1.7544455862398491E-006
3.4549999999999486E+000	1.8461998675435434E-006
3.4599999999999485E+000	1.9184205905368758E-006
3.4649999999999483E+000	1.9711108210834770E-006
3.4699999999999482E+000	2.0033391101143953E-006
3.4749999999999481E+000	2.0146036777943753E-006
3.4799999999999480E+000	2.0047633995992756E-006
3.4849999999999479E+000	1.9734958622830965E-006
3.4899999999999478E+000	1.9212082881585238E-006
3.4949999999999477E+000	1.8489124102401340E-006
3.4999999999999476E+000	1.7575874225496509E-006
3.5049999999999475E+000	1.6483895525486738E-006
3.5099999999999474E+000	1.5225346309739592E-006
3.5149999999999473E+000	1.3813367159320817E-006
3.5199999999999472E+000	1.2261826489544875E-006
3.5249999999999471E+000	1.0585157654983275E-006
3.5299999999999470E+000	8.7982737561955094E-007
3.5349999999999469E+000	6.9165771272865575E-007
3.5399999999999467E+000	4.9556840249634416E-007
3.5449999999999466E+000	2.9312804013082251E-007
3.5499999999999465E+000	8.5900135707547302E-008
3.5549999999999464E+000	-1.2457440678924871E-007
3.5599999999999463E+000	-3.3678999082203441E-007
3.5649999999999462E+000	-5.4929697384235860E-007
3.5699999999999461E+000	-7.6070691766099653E-007
3.5749999999999460E+000	-9.6970133351723524E-007
3.5799999999999459E+000	-1.1750390595092848E-006
3.5849999999999458E+000	-1.3755623010843896E-006
3.5899999999999457E+000	-1.5702013600100480E-006
3.5949999999999456E+000	-1.7579782447478132E-006
3.5999999999999455E+000	-1.9380089972869534E-006
3.6049999999999454E+000	-2.1095050748763287E-006
3.6099999999999453E+000	-2.2717736696330856E-006
3.6149999999999451E+000	-2.4242171781426876E-006
3.6199999999999450E+000	-2.5663318463087681E-006
3.6249999999999449E+000	-2.6977057175802429E-006
3.6299999999999448E+000	-2.8180159500891629E-006
3.6349999999999447E+000	-2.9270255976916000E-006
3.6399999999999446E+000	-3.0245799535919136E-006
3.6449999999999445E+000	-3.1106025112556661E-006
3.6499999999999444E+000	-3.1850906557040300E-006
3.6549999999999443E+000	-3.2481110938690501E-006
3.6599999999999442E+000	-3.2997951781440441E-006
3.6649999999999441E+000	-3.3403340835016545E-006
3.6699999999999440E+000	-3.3699739904577589E-006
3.6749999999999439E+000	-3.3890374913436394E-006
3.6799999999999438E+000	-3.3978939588347230E-006
3.6849999999999437E+000	-3.3969021223195909E-006
3.6899999999999435E+000	-3.3864634624355870E-006
3.6949999999999434E+000	-3.3670067276958126E-006
3.6999999999999433E+000	-3.3389965530136269E-006
3.7049999999999432E+000	-3.3029280106932456E-006
3.7099999999999431E+000	-3.2593203809559907E-006
3.7149999999999430E+000	-3.2086182275049771E-006
3.7199999999999429E+000	-3.1510077759360272E-006
3.7249999999999428E+000	-3.0869999304306614E-006
3.7299999999999427E+000	-3.0172071077476605E-006
3.7349999999999426E+000	-2.9422830270264987E-006
3.7399999999999425E+000	-2.8628768379529674E-006
3.7449999999999424E+000	-2.7796251775867077E-006
3.7499999999999423E+000	-2.6931444019311333E-006
3.7549999999999422E+000	-2.6040359495212262E-006
3.7599999999999421E+000	-2.5128890619037301E-006
3.7649999999999419E+000	-2.4202887543529370E-006
3.7699999999999418E+000	-2.3267910952372572E-006
3.7749999999999417E+000	-2.2329443676236597E-006
3.7799999999999416E+000	-2.1392916808323241E-006
3.7849999999999415E+000	-2.0463547738279986E-006
3.7899999999999414E+000	-1.9546298185540437E-006
3.7949999999999413E+000	-1.8645874115774603E-006
3.7999999999999412E+000	-1.7766725779487127E-006
3.8049999999999411E+000	-1.6913043561739835E-006
3.8099999999999410E+000	-9.1096239072964340E-006
3.8149999999999409E+000	-5.4891842658047447E-006
3.8199999999999408E+000	-4.3726277801049116E-006
3.8249999999999407E+000	-9.2462385826661025E-006
3.8299999999999406E+000	-5.5433283703528241E-006
3.8349999999999405E+000	-4.3380979366260735E-006
3.8399999999999403E+000	-1.0514967101651692E-005
3.8449999999999402E+000	-6.9470959206226145E-006
3.8499999999999401E+000	-6.0319087879214571E-006
3.8549999999999400E+000	-5.5409244214312153E-006
3.8599999999999399E+000	-5.0907213831027819E-006
3.8649999999999398E+000	-4.6078986202400966E-006
3.8699999999999397E+000	-4.0874589907846794E-006
3.8749999999999396E+000	-3.5405355294014435E-006
3.8799999999999395E+000	-2.9803351366642823E-006
3.8849999999999394E+000	-2.4185993104508149E-006
3.8899999999999393E+000	-1.8650736321553846E-006
3.8949999999999392E+000	-1.3277141972049385E-006
3.8999999999999391E+000	-8.1303252505524626E-007
3.9049999999999390E+000	-3.2642048544986983E-007
3.9099999999999389E+000	1.2761761806089157E-007
3.9149999999999388E+000	5.4533223703022207E-007
3.9199999999999386E+000	-4.3578930517467143E-006
3.9199999999999386E+000	-4.8804827115983777E-007
3.9249999999999385E+000	4.2611310529467015E-007
3.9299999999999384E+000	8.1049308860610356E-007
3.9349999999999383E+000	1.0529563779214816E-006
3.9399999999999382E+000	1.2431387142257043E-006
3.9449999999999381E+000	1.4040914275660725E-006
3.9499999999999380E+000	1.5388282191823562E-006
3.9549999999999379E+000	1.6448202752442611E-006
3.9599999999999378E+000	1.7190643913349017E-006
3.9649999999999377E+000	1.7596762504756500E-006
3.9699999999999376E+000	1.7662199134694251E-006
3.9749999999999375E+000	1.7396227446156646E-006
3.9799999999999374E+000	1.6819022432122899E-006
3.9849999999999373E+000	1.5958295379577024E-006
3.9899999999999372E+000	1.4846028029144681E-006
3.9949999999999370E+000	1.3515808778264914E-006
3.9999999999999369E+000	1.2000953625223509E-006
4.0049999999999368E+000	1.0333328638714847E-006
4.0099999999999367E+000	8.5427136444433888E-007
4.0149999999999366E+000	6.6565501706698360E-007
4.0199999999999365E+000	4.7631696301474458E-007
4.0249999999999364E+000	2.8255810311211763E-007
4.0299999999999363E+000	8.6155419920745054E-008
4.0349999999999362E+000	-1.1138419855830343E-007
4.0399999999999361E+000	-3.0880333788193287E-007
4.0449999999999360E+000	-5.0477979128309766E-007
4.0499999999999359E+000	-6.9798269173844928E-007
4.0549999999999358E+000	-8.8714985764531677E-007
4.0599999999999357E+000	-1.0710988253404540E-006
4.0649999999999356E+000	-1.2471325886844235E-006
4.0699999999999354E+000	-1.4154778440567996E-006
4.0749999999999353E+000	-1.5753021555504345E-006
4.0799999999999352E+000	-1.7257783300398055E-006
4.0849999999999351E+000	-1.8722388710651204E-006
4.0899999999999350E+000	-2.0245589294255325E-006
4.0949999999999349E+000	-2.1904958696713335E-006
4.0999999999999348E+000	-2.3480144121954164E-006
4.1049999999999347E+000	-2.4910190094560372E-006
4.1099999999999346E+000	-2.6188321391016088E-006
4.1149999999999345E+000	-2.7320594924005344E-006
4.1199999999999344E+000	-2.8307540663912162E-006
4.1249999999999343E+000	-2.9141880824187059E-006
4.1299999999999342E+000	-2.9819500868538096E-006
4.1349999999999341E+000	-3.0335121362359866E-006
4.1399999999999340E+000	-3.0686650975184666E-006
4.1449999999999338E+000	-3.0878519029560435E-006
4.1499999999999337E+000	-3.0915413853409664E-006
4.1549999999999336E+000	-3.0805410377101614E-006
4.1599999999999335E+000	-3.0558599818410684E-006
4.1649999999999334E+000	-3.0186483270492781E-006
4.1699999999999333E+000	-2.9701693621542968E-006
4.1749999999999332E+000	-2.9117495553324565E-006
4.1799999999999331E+000	-2.8447285687841716E-006
4.1849999999999330E+000	-2.7704229855079343E-006
4.1899999999999329E+000	-2.6901038980415519E-006
4.1949999999999328E+000	-2.6049697460604826E-006
4.1999999999999327E+000	-2.5161423235698031E-006
4.2049999999999326E+000	-2.4246618652811094E-006
4.2099999999999325E+000	-2.3314855614641140E-006
4.2149999999999324E+000	-2.2374883109920652E-006
4.2199999999999322E+000	-2.1434649223888880E-006
4.2249999999999321E+000	-2.0501248696141882E-006
4.2299999999999320E+000	-1.9581020878514451E-006
4.2349999999999319E+000	-1.8679509104010040E-006
4.2399999999999318E+000	-1.7801541047313827E-006
4.2449999999999317E+000	-1.6951217630005029E-006
4.2499999999999316E+000	-1.6131910723779985E-006
4.2549999999999315E+000	-1.5346284218420526E-006
4.2599999999999314E+000	-1.4596259222079788E-006
4.2649999999999313E+000	-1.3883152114892044E-006
4.2699999999999312E+000	-1.3207713955526562E-006
4.2749999999999311E+000	-1.2570119987327944E-006
4.2799999999999310E+000	-1.1969963437950064E-006
4.2849999999999309E+000	-1.1406357608094571E-006
4.2899999999999308E+000	-1.0878004591715414E-006
4.2949999999999307E+000	-1.0383212294689866E-006
4.2999999999999305E+000	-9.9199838892865883E-007
4.3049999999999304E+000	-9.4862200755989620E-007
4.3099999999999303E+000	-9.0801543384201756E-007
4.3149999999999302E+000	-8.7013438759667082E-007
4.3199999999999301E+000	-8.3498935474572736E-007
4.3249999999999300E+000	-8.0259871054668505E-007
4.3299999999999299E+000	-7.7291714951811057E-007
4.3349999999999298E+000	-7.4587516179974874E-007
4.3399999999999297E+000	-7.2137863856305562E-007
4.3449999999999296E+000	-6.9928891374211080E-007
4.3499999999999295E+000	-6.7943062422833841E-007
4.3549999999999294E+000	-6.6160878269970325E-007
4.3599999999999293E+000	-6.4561840099687715E-007
4.3649999999999292E+000	-6.3124522998529281E-007
4.3699999999999291E+000	-6.1825704473987248E-007
4.3749999999999289E+000	-6.0641772588596211E-007
4.3799999999999288E+000	-5.9570121263729586E-007
4.3849999999999287E+000	-5.8582569964531874E-007
4.3899999999999286E+000	-5.7651587645050464E-007
4.3949999999999285E+000	-5.6751872416762530E-007
4.3999999999999284E+000	-5.5859527289311391E-007
4.4049999999999283E+000	-5.4952606850460135E-007
4.4099999999999282E+000	-5.4010304190965329E-007
4.4149999999999281E+000	-5.3013256225737591E-007
4.4199999999999280E+000	-5.1943326138197704E-007
4.4249999999999279E+000	-5.0784566440639739E-007
4.4299999999999278E+000	-4.9523199779088765E-007
4.4349999999999277E+000	-4.8147624054504046E-007
4.4399999999999276E+000	-4.6648102783513356E-007
4.4449999999999275E+000	-4.5016774348854555E-007
4.4499999999999273E+000	-4.3250836079243350E-007
4.4549999999999272E+000	-4.1350763600819039E-007
4.4599999999999271E+000	-3.9314621517449406E-007
4.4649999999999270E+000	-3.7140991003310539E-007
4.4699999999999269E+000	-3.4829856875374271E-007
4.4749999999999268E+000	-3.2382764992352326E-007
4.4799999999999267E+000	-2.9761030173759482E-007
4.4849999999999266E+000	-2.6998124741648341E-007
4.4899999999999265E+000	-2.4099662671937263E-007
4.4949999999999264E+000	-2.1064940005493325E-007
4.4999999999999263E+000	-1.7897393053992576E-007
4.5049999999999262E+000	-1.4610580997603791E-007
4.5099999999999261E+000	-1.1220330362428792E-007
4.5149999999999260E+000	-7.7401264705882183E-008
4.5199999999999259E+000	-4.1852442375895724E-008
4.5249999999999257E+000	-5.7319162371872563E-009
4.5299999999999256E+000	3.0825530927437070E-008
4.5349999999999255E+000	6.7685579060497339E-008
4.5399999999999254E+000	1.0466878814753018E-007
4.5449999999999253E+000	1.4154956865092588E-007
4.5499999999999252E+000	1.7814446434756472E-007
4.5549999999999251E+000	2.1436194382702820E-007
4.5599999999999250E+000	2.5015173820993712E-007
4.5649999999999249E+000	2.8542726650970103E-007
4.5699999999999248E+000	3.2024383392744427E-007
4.5749999999999247E+000	3.5445591969502963E-007
4.5799999999999246E+000	3.8775005806081497E-007
4.5849999999999245E+000	4.1989055236353503E-007
4.5899999999999244E+000	4.5064450286337009E-007
4.5949999999999243E+000	4.7985076423675023E-007
4.5999999999999241E+000	5.0787315818643288E-007
4.6049999999999240E+000	5.3490294424655588E-007
4.6099999999999239E+000	5.6068444469752612E-007
4.6149999999999238E+000	5.8502877093892689E-007
4.6199999999999237E+000	6.0787623869237863E-007
4.6249999999999236E+000	6.2913521171975510E-007
4.6299999999999235E+000	6.4802679078792790E-007
4.6349999999999234E+000	6.6477806852952607E-007
4.6399999999999233E+000	6.7945574678550595E-007
4.6449999999999232E+000	6.9205469179800835E-007
4.6499999999999231E+000	7.0264400582246033E-007
4.6549999999999230E+000	7.1168829669887429E-007
4.6599999999999229E+000	7.1869717332514144E-007
4.6649999999999228E+000	7.2411251010160757E-007
4.6699999999999227E+000	7.2815305692462936E-007
4.6749999999999226E+000	7.3099386516701812E-007
4.6799999999999224E+000	7.3281134115035338E-007
4.6849999999999223E+000	7.3378090636710265E-007
4.6899999999999222E+000	7.3407494851139568E-007
4.6949999999999221E+000	7.3386600811141735E-007
4.6999999999999220E+000	7.3331384936427465E-007
4.7049999999999219E+000	7.3294135784185524E-007
4.7099999999999218E+000	7.3217140884752348E-007
4.7149999999999217E+000	7.3141736272113990E-007
4.7199999999999216E+000	7.3082820529459995E-007
4.7249999999999215E+000	7.3048524006169541E-007
4.7299999999999214E+000	7.3045547139598237E-007
4.7349999999999213E+000	7.3079094971071638E-007
4.7399999999999212E+000	7.3153185732992711E-007
4.7449999999999211E+000	7.3270628717238775E-007
4.7499999999999210E+000	7.3432881116786543E-007
4.7549999999999208E+000	7.3640066104336503E-007
4.7599999999999207E+000	7.3891088493717400E-007
4.7649999999999206E+000	7.4183753245847270E-007
4.7699999999999205E+000	7.4514879055617372E-007
4.7749999999999204E+000	7.4923327963993072E-007
4.7799999999999203E+000	7.5323901892030566E-007
4.7849999999999202E+000	7.5743689970786815E-007
4.7899999999999201E+000	7.6182313401282812E-007
4.7949999999999200E+000	7.6633975851655932E-007
4.7999999999999199E+000	7.7096736922941476E-007
4.8049999999999198E+000	7.7563993971983482E-007
4.8099999999999197E+000	7.8029214142857892E-007
4.8149999999999196E+000	7.8486130984790649E-007
4.8199999999999195E+000	7.8928640604176014E-007
4.8249999999999194E+000	7.9350835768216734E-007
4.8299999999999192E+000	7.9747118991951639E-007
4.8349999999999191E+000	8.0112304242465455E-007
4.8399999999999190E+000	8.0441690620815040E-007
4.8449999999999189E+000	8.0731120772733394E-007
4.8499999999999188E+000	8.0977034591070162E-007
4.8549999999999187E+000	8.1176513943196570E-007
4.8599999999999186E+000	8.1327315797469039E-007
4.8649999999999185E+000	8.1427897641219614E-007
4.8699999999999184E+000	8.1477430240694679E-007
4.8749999999999183E+000	8.1475804964340981E-007
4.8799999999999182E+000	8.1423627754719404E-007
4.8849999999999181E+000	8.1322208868510447E-007
4.8899999999999180E+000	8.1173541972595895E-007
4.8949999999999179E+000	8.0980277616584066E-007
4.8999999999999178E+000	8.0745689365901218E-007
4.9049999999999176E+000	8.0479649240177207E-007
4.9099999999999175E+000	8.0178416059987945E-007
4.9149999999999174E+000	7.9843921307566079E-007
4.9199999999999173E+000	7.9482048355938826E-007
4.9249999999999172E+000	7.9099519903499260E-007
4.9299999999999171E+000	7.8703285846541889E-007
4.9349999999999170E+000	7.8300375001999380E-007
4.9399999999999169E+000	7.7897839098312090E-007
4.9449999999999168E+000	7.7502762065928716E-007
4.9499999999999167E+000	7.7122256291464579E-007
4.9549999999999166E+000	7.6763410964432063E-007
4.9599999999999165E+000	7.6433227333992068E-007
4.9649999999999164E+000	7.6138559361297050E-007
4.9699999999999163E+000	7.5886043796171010E-007
4.9749999999999162E+000	7.5681987674891805E-007
4.9799999999999160E+000	7.5532433002888578E-007
4.9849999999999159E+000	7.5443086749186884E-007
4.9899999999999158E+000	7.5419278884982922E-007
4.9949999999999157E+000	7.5465945111624651E-007
4.9999999999999156E+000	7.5587599500210053E-007
5.0049999999999155E+000	7.5788308912523259E-007
5.0099999999999154E+000	7.6071667787540528E-007
5.0149999999999153E+000	7.6440783413703636E-007
5.0199999999999152E+000	7.6898256777315234E-007
5.0249999999999151E+000	7.7446176694815901E-007
5.0299999999999150E+000	7.8086113311222112E-007
5.0349999999999149E+000	7.8819117410316670E-007
5.0399999999999148E+000	7.9645722078442032E-007
5.0449999999999147E+000	8.0565948142876326E-007
5.0499999999999146E+000	8.1579314068125471E-007
5.0549999999999145E+000	8.2684850237049257E-007
5.0599999999999143E+000	8.3881111971616595E-007
5.0649999999999142E+000	8.5166200547360922E-007
5.0699999999999141E+000	8.6537784299203280E-007
5.0749999999999140E+000	8.7993122278619470E-007
5.0799999999999139E+000	8.9529087653291816E-007
5.0849999999999138E+000	9.1142199266565653E-007
5.0899999999999137E+000	9.2828646103630265E-007
5.0949999999999136E+000	9.4584320951605964E-007
5.0999999999999135E+000	9.6404849061972608E-007
5.1049999999999134E+000	9.8285619213565683E-007
5.1099999999999133E+000	1.0022181788940958E-006
5.1149999999999132E+000	1.0220854280738092E-006
5.1199999999999131E+000	1.0424079740404010E-006
5.1249999999999130E+000	1.0631333600695559E-006
5.1299999999999129E+000	1.0842083347392362E-006
5.1349999999999127E+000	1.1055790979574049E-006
5.1399999999999126E+000	1.1271915952123553E-006
5.1449999999999125E+000	1.1489918113786182E-006
5.1499999999999124E+000	1.1709260191143765E-006
5.1549999999999123E+000	1.1929410335976969E-006
5.1599999999999122E+000	1.2149844298821746E-006
5.1649999999999121E+000	1.2370047702687328E-006
5.1699999999999120E+000	1.2589517924502278E-006
5.1749999999999119E+000	1.2807765851978800E-006
5.1799999999999118E+000	1.3024317771602561E-006
5.1849999999999117E+000	1.3238716578532721E-006
5.1899999999999116E+000	1.3450523333084208E-006
5.1949999999999115E+000	1.3659318125111640E-006
5.1999999999999114E+000	1.3864701238961326E-006
5.2049999999999113E+000	1.4066293840481124E-006
5.2099999999999111E+000	1.4263738544908387E-006
5.2149999999999110E+000	1.4456699912264192E-006
5.2199999999999109E+000	1.4644864852530936E-006
5.2249999999999108E+000	1.4827744775291970E-006
5.2299999999999107E+000	1.5004770375159213E-006
5.2349999999999106E+000	1.5175244706556837E-006
5.2399999999999105E+000	1.5339198739438192E-006
5.2449999999999104E+000	1.5554592727041663E-006
5.2499999999999103E+000	1.5949131448211320E-006
5.2549999999999102E+000	1.6435429068929496E-006
5.2599999999999101E+000	1.6861627312418811E-006
5.2649999999999100E+000	1.7117537668054655E-006
5.2699999999999099E+000	1.7276385820437647E-006
5.2749999999999098E+000	1.7238389361735051E-006
5.2799999999999097E+000	1.7033007681303595E-006
5.2849999999999095E+000	1.6697384789000135E-006
5.2899999999999094E+000	1.6265073410175461E-006
5.2949999999999093E+000	1.5766631096599685E-006
5.2999999999999092E+000	1.5229469740791218E-006
5.3049999999999091E+000	1.4677745359003863E-006
5.3099999999999090E+000	1.4132319067871136E-006
5.3149999999999089E+000	1.3610841934191180E-006
5.3199999999999088E+000	1.3127910134563897E-006
5.3249999999999087E+000	1.2695257729914173E-006
5.3299999999999086E+000	1.2322037114205348E-006
5.3349999999999085E+000	1.2015069720635964E-006
5.3399999999999084E+000	1.1779090166112798E-006
5.3449999999999083E+000	1.1621123656123560E-006
5.3499999999999082E+000	1.1542376700340151E-006
5.3549999999999081E+000	1.1515673135383625E-006
5.3599999999999079E+000	1.1529740557100603E-006
5.3649999999999078E+000	1.1597323976103687E-006
5.3699999999999077E+000	1.1720914767820994E-006
5.3749999999999076E+000	1.1901701764535193E-006
5.3799999999999075E+000	1.2139231541428564E-006
5.3849999999999074E+000	1.2431151603487742E-006
5.3899999999999073E+000	1.2773831218879270E-006
5.3949999999999072E+000	1.3162816709974107E-006
5.3999999999999071E+000	1.3593021163279910E-006
5.4049999999999070E+000	1.4058828229252237E-006
5.4099999999999069E+000	1.4554227831483619E-006
5.4149999999999068E+000	1.5072959213398629E-006
5.4199999999999067E+000	1.5608633268850206E-006
5.4249999999999066E+000	1.6154836611070933E-006
5.4299999999999065E+000	1.6705254694160796E-006
5.4349999999999064E+000	1.7253750957202959E-006
5.4399999999999062E+000	1.7794435171853137E-006
5.4449999999999061E+000	1.8321726194405496E-006
5.4499999999999060E+000	1.8830419707008467E-006
5.4549999999999059E+000	1.9315754849636947E-006
5.4599999999999058E+000	1.9773427893905392E-006
5.4649999999999057E+000	2.0199713806142633E-006
5.4699999999999056E+000	2.0591932778449338E-006
5.4749999999999055E+000	2.0948372839236319E-006
5.4799999999999054E+000	2.1268075835804122E-006
5.4849999999999053E+000	2.1550453217130244E-006
5.4899999999999052E+000	2.1795228374359757E-006
5.4949999999999051E+000	2.2002472253602933E-006
5.4999999999999050E+000	2.2172663634086794E-006
5.5049999999999049E+000	2.2306530028975653E-006
5.5099999999999048E+000	2.2405036950344826E-006
5.5149999999999046E+000	2.2469425188443185E-006
5.5199999999999045E+000	2.2501172188316731E-006
5.5249999999999044E+000	2.2501980794150931E-006
5.5299999999999043E+000	2.2473741192886041E-006
5.5349999999999042E+000	2.2418467073129516E-006
5.5399999999999041E+000	2.2338310090290141E-006
5.5449999999999040E+000	2.2235513358892261E-006
5.5499999999999039E+000	2.2112400323669830E-006
5.5549999999999038E+000	2.1971328136806325E-006
5.5599999999999037E+000	2.1821934567566088E-006
5.5649999999999036E+000	2.1659613738425039E-006
5.5699999999999035E+000	2.1486584484257741E-006
5.5749999999999034E+000	2.1305209885819033E-006
5.5799999999999033E+000	2.1117617445875156E-006
5.5849999999999032E+000	2.0925755404325161E-006
5.5899999999999030E+000	2.0731453694270201E-006
5.5949999999999029E+000	2.0536476035504915E-006
5.5999999999999028E+000	2.0335512197158679E-006
5.6049999999999027E+000	2.0136767571848727E-006
5.6099999999999026E+000	1.9941696103740146E-006
5.6149999999999025E+000	1.9751313083931986E-006
5.6199999999999024E+000	1.9566499813766027E-006
5.6249999999999023E+000	1.9387961372590348E-006
5.6299999999999022E+000	1.9216466989865725E-006
5.6349999999999021E+000	1.9052754275275538E-006
5.6399999999999020E+000	1.8905018333997482E-006
5.6449999999999019E+000	1.8766896268991111E-006
5.6499999999999018E+000	1.8638624946884289E-006
5.6549999999999017E+000	1.8520506997062616E-006
5.6599999999999016E+000	1.8412633566370769E-006
5.6649999999999014E+000	1.8307979052225274E-006
5.6699999999999013E+000	1.8213770307317871E-006
5.6749999999999012E+000	1.8129847957721913E-006
5.6799999999999011E+000	1.8055602851809192E-006
5.6849999999999010E+000	1.7990314296457098E-006
5.6899999999999009E+000	1.7933260210943742E-006
5.6949999999999008E+000	1.7883348764486308E-006
5.6999999999999007E+000	1.7413520926892392E-006
5.7049999999999006E+000	1.6940958989053484E-006
5.7099999999999005E+000	1.6477661864347641E-006
5.7149999999999004E+000	1.6016865130843852E-006
5.7199999999999003E+000	1.5554034219465913E-006
5.7249999999999002E+000	1.5090338130334347E-006
5.7299999999999001E+000	1.4630002223876971E-006
5.7349999999999000E+000	1.4178630822383177E-006
5.7399999999998998E+000	1.3741962696629069E-006
5.7449999999998997E+000	1.3325101995045102E-006
5.7499999999998996E+000	1.2935707224820014E-006
5.7549999999998995E+000	1.2578200377572307E-006
5.7599999999998994E+000	1.2254857392839479E-006
5.7649999999998993E+000	1.1967224687758753E-006
5.7699999999998992E+000	1.1716754698052103E-006
5.7749999999998991E+000	1.1503804858864815E-006
5.7799999999998990E+000	1.1327784592748657E-006
5.7849999999998989E+000	1.1187377649341765E-006
5.7899999999998988E+000	1.1082341884329100E-006
5.7949999999998987E+000	1.1012376173460758E-006
5.7999999999998986E+000	1.0976943458609783E-006
5.8049999999998985E+000	1.0975145660730307E-006
5.8099999999998984E+000	1.1005723220783415E-006
5.8149999999998983E+000	1.1067147841827219E-006
5.8199999999998981E+000	1.1157751544846655E-006
5.8249999999998980E+000	1.1275720605659735E-006
5.8299999999998979E+000	1.1419148369619968E-006
5.8349999999998978E+000	1.1609429153958394E-006
5.8399999999998977E+000	1.1866234789280087E-006
5.8449999999998976E+000	1.2135881546097451E-006
5.8499999999998975E+000	1.2450147716154334E-006
5.8549999999998974E+000	1.2840960088965867E-006
5.8599999999998973E+000	1.3247622919303504E-006
5.8649999999998972E+000	1.3656471764637678E-006
5.8699999999998971E+000	1.4067683791853484E-006
5.8749999999998970E+000	1.4484958895297914E-006
5.8799999999998969E+000	1.4908553549040338E-006
5.8849999999998968E+000	1.5335449080659583E-006
5.8899999999998967E+000	1.5761661582049772E-006
5.8949999999998965E+000	1.6183424030430657E-006
5.8999999999998964E+000	1.6597347655766655E-006
5.9049999999998963E+000	1.7000363193132128E-006
5.9099999999998962E+000	1.7389727882036269E-006
5.9149999999998961E+000	1.7763066344736115E-006
5.9199999999998960E+000	1.8118395071215573E-006
5.9249999999998959E+000	1.8454124607498840E-006
5.9299999999998958E+000	1.8769044062461705E-006
5.9349999999998957E+000	1.9062314879858725E-006
5.9399999999998956E+000	1.9333446454050184E-006
5.9449999999998955E+000	1.9582268997244520E-006
5.9499999999998954E+000	1.9808905966344854E-006
5.9549999999998953E+000	2.0013746110732810E-006
5.9599999999998952E+000	2.0197415514738632E-006
5.9649999999998951E+000	2.0360749331330827E-006
5.9699999999998949E+000	2.0504764288403182E-006
5.9749999999998948E+000	2.0630631877742133E-006
5.9799999999998947E+000	2.0739652435978301E-006
5.9849999999998946E+000	2.0833230446323281E-006
5.9899999999998945E+000	2.0912850500961560E-006
5.9949999999998944E+000	2.0980054814219655E-006
5.9999999999998943E+000	2.1036421532249016E-006
6.0049999999998942E+000	2.1083544214986307E-006
6.0099999999998941E+000	2.1123012600234806E-006
6.0149999999998940E+000	2.1156394293557410E-006
6.0199999999998939E+000	2.1185218014556456E-006
6.0249999999998938E+000	2.1210957928884638E-006
6.0299999999998937E+000	2.1235019399594990E-006
6.0349999999998936E+000	2.1258726337049529E-006
6.0399999999998935E+000	2.1283309927684141E-006
6.0449999999998933E+000	2.1309899262382150E-006
6.0499999999998932E+000	2.1339513369840866E-006

 
