Grouping:(0, 0) J686
# x 	 y
0.0000000000000000E+000	-8.1512544996830139E-003
5.0000000000000001E-003	-8.1511038670919467E-003
1.0000000000000000E-002	-8.1485719361497067E-003
1.4999999999999999E-002	-8.1433051612315177E-003
2.0000000000000000E-002	-8.1353590770495421E-003
2.5000000000000001E-002	-8.1247821049927893E-003
3.0000000000000002E-002	-8.1116068591745583E-003
3.5000000000000003E-002	-8.0958638054309251E-003
4.0000000000000001E-002	-8.0775837148602259E-003
4.4999999999999998E-002	-8.0567982342153455E-003
4.9999999999999996E-002	-8.0335400196045459E-003
5.4999999999999993E-002	-8.0078428584892114E-003
5.9999999999999991E-002	-7.9797418014181387E-003
6.4999999999999988E-002	-7.9492731413804973E-003
6.9999999999999993E-002	-7.9161097771677236E-003
7.4999999999999997E-002	-7.8811580420037330E-003
8.0000000000000002E-002	-7.8438485101370858E-003
8.5000000000000006E-002	-7.8042910576588964E-003
9.0000000000000011E-002	-7.7625564501631050E-003
9.5000000000000015E-002	-7.7186914705963394E-003
1.0000000000000002E-001	-7.6727390317863353E-003
1.0500000000000002E-001	-7.6247419132527972E-003
1.1000000000000003E-001	-7.5747434151007820E-003
1.1500000000000003E-001	-7.5227873273139290E-003
1.2000000000000004E-001	-7.4689179045477339E-003
1.2500000000000003E-001	-7.4131798560845841E-003
1.3000000000000003E-001	-7.3555973685820453E-003
1.3500000000000004E-001	-7.2962369553034589E-003
1.4000000000000004E-001	-7.2351648806124880E-003
1.4500000000000005E-001	-7.1724081645110349E-003
1.5000000000000005E-001	-7.1080124885085638E-003
1.5500000000000005E-001	-7.0420237749037051E-003
1.6000000000000006E-001	-6.9744893269781949E-003
1.6500000000000006E-001	-6.9054561375334611E-003
1.7000000000000007E-001	-6.8349710231390137E-003
1.7500000000000007E-001	-6.7631411447274248E-003
1.8000000000000008E-001	-6.6899551956505210E-003
1.8500000000000008E-001	-6.6154599591673469E-003
1.9000000000000009E-001	-6.5397032736445038E-003
1.9500000000000009E-001	-6.4622296570878701E-003
2.0000000000000009E-001	-6.3842795718365153E-003
2.0500000000000010E-001	-6.3050923247022217E-003
2.1000000000000010E-001	-6.2247818739218364E-003
2.1500000000000011E-001	-6.1434362336298953E-003
2.2000000000000011E-001	-6.0611115490777356E-003
2.2500000000000012E-001	-5.9778571944347769E-003
2.3000000000000012E-001	-5.8937208858599321E-003
2.3500000000000013E-001	-5.8085091839122915E-003
2.4000000000000013E-001	-5.7228597068963438E-003
2.4500000000000013E-001	-5.6363615024033198E-003
2.5000000000000011E-001	-5.5491312102314838E-003
2.5500000000000012E-001	-5.4612563858931207E-003
2.6000000000000012E-001	-5.3727896506683415E-003
2.6500000000000012E-001	-5.2837547717385913E-003
2.7000000000000013E-001	-5.1942191150382566E-003
2.7500000000000013E-001	-5.1042275939187087E-003
2.8000000000000014E-001	-5.0138251988726124E-003
2.8500000000000014E-001	-4.9230573223688623E-003
2.9000000000000015E-001	-4.8319689670858201E-003
2.9500000000000015E-001	-4.7406233881167603E-003
3.0000000000000016E-001	-4.6491670709079003E-003
3.0500000000000016E-001	-4.5574066017074477E-003
3.1000000000000016E-001	-4.4650231750289482E-003
3.1500000000000017E-001	-4.3732205791854328E-003
3.2000000000000017E-001	-4.2811860538910507E-003
3.2500000000000018E-001	-4.1883671273775791E-003
3.3000000000000018E-001	-4.0968417710098848E-003
3.3500000000000019E-001	-4.0050093291368327E-003
3.4000000000000019E-001	-3.9131891990995538E-003
3.4500000000000020E-001	-3.8215101386619432E-003
3.5000000000000020E-001	-3.7300346565131148E-003
3.5500000000000020E-001	-3.6388098816270142E-003
3.6000000000000021E-001	-3.5478791003376031E-003
3.6500000000000021E-001	-3.4572504566151574E-003
3.7000000000000022E-001	-3.3669987552755742E-003
3.7500000000000022E-001	-3.2771658148286198E-003
3.8000000000000023E-001	-3.1877935530407742E-003
3.8500000000000023E-001	-3.0989710339733856E-003
3.9000000000000024E-001	-3.0106467401136427E-003
3.9500000000000024E-001	-2.9218464962107449E-003
4.0000000000000024E-001	-2.8356235264703766E-003
4.0500000000000025E-001	-2.7482602694557379E-003
4.1000000000000025E-001	-2.6634470083976014E-003
4.1500000000000026E-001	-2.5787150605750542E-003
4.2000000000000026E-001	-2.4931382369857147E-003
4.2500000000000027E-001	-2.4096204814173516E-003
4.3000000000000027E-001	-2.3282910706146076E-003
4.3500000000000028E-001	-2.2456392392461444E-003
4.4000000000000028E-001	-2.1662501485322228E-003
4.4500000000000028E-001	-2.0869842063750976E-003
4.5000000000000029E-001	-2.0084984607312562E-003
4.5500000000000029E-001	-1.9309932111091221E-003
4.6000000000000030E-001	-1.8545112289389820E-003
4.6500000000000030E-001	-1.7791366774874140E-003
4.7000000000000031E-001	-1.7048922502815866E-003
4.7500000000000031E-001	-1.6299553616753171E-003
4.8000000000000032E-001	-1.5594459280106054E-003
4.8500000000000032E-001	-1.4891802971053192E-003
4.9000000000000032E-001	-1.4184466986261191E-003
4.9500000000000033E-001	-1.3518163597947552E-003
5.0000000000000033E-001	-1.2855171528219911E-003
5.0500000000000034E-001	-1.2203420948097010E-003
5.1000000000000034E-001	-1.1564936932700887E-003
5.1500000000000035E-001	-1.0923440916975613E-003
5.2000000000000035E-001	-1.0327093313841074E-003
5.2500000000000036E-001	-9.7354111987657532E-004
5.3000000000000036E-001	-9.1561613749002735E-004
5.3500000000000036E-001	-8.5793702410130734E-004
5.4000000000000037E-001	-8.0416628488932940E-004
5.4500000000000037E-001	-7.5105361010474603E-004
5.5000000000000038E-001	-6.9933852130044105E-004
5.5500000000000038E-001	-6.4797740238631274E-004
5.6000000000000039E-001	-6.0082016384521708E-004
5.6500000000000039E-001	-5.5434666294551516E-004
5.7000000000000040E-001	-5.0937664471595312E-004
5.7500000000000040E-001	-4.6608753375876333E-004
5.8000000000000040E-001	-4.2452926016112169E-004
5.8500000000000041E-001	-3.8301954713249042E-004
5.9000000000000041E-001	-3.4664286108121445E-004
5.9500000000000042E-001	-3.0901131466187781E-004
6.0000000000000042E-001	-2.7619790741839623E-004
6.0500000000000043E-001	-2.4384789784781535E-004
6.1000000000000043E-001	-2.1299456018442076E-004
6.1500000000000044E-001	-1.8387670864372652E-004
6.2000000000000044E-001	-1.5659676661416988E-004
6.2500000000000044E-001	-1.3112900563294616E-004
6.3000000000000045E-001	-1.0748979809194203E-004
6.3500000000000045E-001	-8.5687906365428113E-005
6.4000000000000046E-001	-6.5724827057800361E-005
6.4500000000000046E-001	-4.7604941376122589E-005
6.5000000000000047E-001	-3.1328468842239943E-005
6.5500000000000047E-001	-1.6894232520714425E-005
6.6000000000000048E-001	-4.2996933686811900E-006
6.6500000000000048E-001	6.4590246970919196E-006
6.7000000000000048E-001	1.5387147689560621E-005
6.7500000000000049E-001	2.2491280133651870E-005
6.8000000000000049E-001	2.7779419146778395E-005
6.8500000000000050E-001	3.1260986004699731E-005
6.9000000000000050E-001	3.2935140534817720E-005
6.9500000000000051E-001	3.2823895626199473E-005
7.0000000000000051E-001	3.0935120858499587E-005
7.0500000000000052E-001	2.7293050846033395E-005
7.1000000000000052E-001	2.1914439808146113E-005
7.1500000000000052E-001	1.4817833925206969E-005
7.2000000000000053E-001	6.0234332579511829E-006
7.2500000000000053E-001	-4.4468555356891315E-006
7.3000000000000054E-001	-1.6569541442912339E-005
7.3500000000000054E-001	-2.8444127489035687E-005
7.4000000000000055E-001	-4.4905942773398877E-005
7.4500000000000055E-001	-6.2099991279929156E-005
7.5000000000000056E-001	-8.0652454422902586E-005
7.5500000000000056E-001	-1.0065193989783339E-004
7.6000000000000056E-001	-1.1957430233910937E-004
7.6500000000000057E-001	-1.4358561550364968E-004
7.7000000000000057E-001	-1.6567300732461820E-004
7.7500000000000058E-001	-1.9233185358147331E-004
7.8000000000000058E-001	-2.1980613442795782E-004
7.8500000000000059E-001	-2.4834732285472505E-004
7.9000000000000059E-001	-2.7804521864716047E-004
7.9500000000000060E-001	-3.0890699591734627E-004
8.0000000000000060E-001	-3.4091357523413635E-004
8.0500000000000060E-001	-3.7403556439397079E-004
8.1000000000000061E-001	-4.0823849214588481E-004
8.1500000000000061E-001	-4.4348477030664579E-004
8.2000000000000062E-001	-4.7973420816094237E-004
8.2500000000000062E-001	-5.1694530743484624E-004
8.3000000000000063E-001	-5.5507482392613827E-004
8.3500000000000063E-001	-5.9407111422027370E-004
8.4000000000000064E-001	-6.3389484294273934E-004
8.4500000000000064E-001	-6.7449940786523666E-004
8.5000000000000064E-001	-7.1583735256708358E-004
8.5500000000000065E-001	-7.5408020547040877E-004
8.6000000000000065E-001	-7.9774916967989551E-004
8.6500000000000066E-001	-8.4130715604446848E-004
8.7000000000000066E-001	-8.8520748816789396E-004
8.7500000000000067E-001	-9.2955207577904986E-004
8.8000000000000067E-001	-9.7422273548652960E-004
8.8500000000000068E-001	-1.0192928477829044E-003
8.9000000000000068E-001	-1.0647160189176663E-003
8.9500000000000068E-001	-1.1104447227500147E-003
9.0000000000000069E-001	-1.1564310212074380E-003
9.0500000000000069E-001	-1.2026265723359408E-003
9.1000000000000070E-001	-1.2489827642303553E-003
9.1500000000000070E-001	-1.2954437211538661E-003
9.2000000000000071E-001	-1.3419676067084607E-003
9.2500000000000071E-001	-1.3885058443572351E-003
9.3000000000000071E-001	-1.4350127797453371E-003
9.3500000000000072E-001	-1.4814378512681969E-003
9.4000000000000072E-001	-1.5277321416403700E-003
9.4500000000000073E-001	-1.5738482205478466E-003
9.5000000000000073E-001	-1.6197389753158653E-003
9.5500000000000074E-001	-1.6653576922345259E-003
9.6000000000000074E-001	-1.7106583122158403E-003
9.6500000000000075E-001	-1.7555955232433362E-003
9.7000000000000075E-001	-1.8001247820502719E-003
9.7500000000000075E-001	-1.8442024018204828E-003
9.8000000000000076E-001	-1.8877855816504807E-003
9.8500000000000076E-001	-1.9308324452299575E-003
9.9000000000000077E-001	-1.9733020459796746E-003
9.9500000000000077E-001	-2.0151543206508027E-003
1.0000000000000007E+000	-2.0563502662144240E-003
1.0050000000000006E+000	-2.0968519581079370E-003
1.0100000000000005E+000	-2.1366223473581192E-003
1.0150000000000003E+000	-2.1756254600359126E-003
1.0200000000000002E+000	-2.2138264273318109E-003
1.0250000000000001E+000	-2.2511914737689542E-003
1.0300000000000000E+000	-2.2829968046870208E-003
1.0349999999999999E+000	-2.3203058042218228E-003
1.0399999999999998E+000	-2.3557903018875948E-003
1.0449999999999997E+000	-2.3900268149013026E-003
1.0499999999999996E+000	-2.4197298094137398E-003
1.0549999999999995E+000	-2.4529724069860537E-003
1.0599999999999994E+000	-2.4844661105749566E-003
1.0649999999999993E+000	-2.5145816022940082E-003
1.0699999999999992E+000	-2.5435071344342974E-003
1.0749999999999991E+000	-2.5712756085261024E-003
1.0799999999999990E+000	-2.5978836152886764E-003
1.0849999999999989E+000	-2.6233184268328325E-003
1.0899999999999987E+000	-2.6475653960019718E-003
1.0949999999999986E+000	-2.6706099460793720E-003
1.0999999999999985E+000	-2.6924287852689854E-003
1.1049999999999984E+000	-2.7130182210471920E-003
1.1099999999999983E+000	-2.7323671169044994E-003
1.1149999999999982E+000	-2.7504642713104266E-003
1.1199999999999981E+000	-2.7672994931436934E-003
1.1249999999999980E+000	-2.7828638067208811E-003
1.1299999999999979E+000	-2.7971494365949257E-003
1.1349999999999978E+000	-2.8101495623764627E-003
1.1399999999999977E+000	-2.8218587997921318E-003
1.1449999999999976E+000	-2.8322873993974484E-003
1.1499999999999975E+000	-2.8414164312769996E-003
1.1549999999999974E+000	-2.8492420063038759E-003
1.1599999999999973E+000	-2.8557627540780617E-003
1.1649999999999971E+000	-2.8609789472393565E-003
1.1699999999999970E+000	-2.8648919534636219E-003
1.1749999999999969E+000	-2.8675043960766367E-003
1.1799999999999968E+000	-2.8688206556441997E-003
1.1849999999999967E+000	-2.8688457524632671E-003
1.1899999999999966E+000	-2.8675846957703088E-003
1.1949999999999965E+000	-2.8650437489973202E-003
1.1999999999999964E+000	-2.8612303959065777E-003
1.2049999999999963E+000	-2.8561534886509810E-003
1.2099999999999962E+000	-2.8498229282971632E-003
1.2149999999999961E+000	-2.8422495577833384E-003
1.2199999999999960E+000	-2.8334457008210023E-003
1.2249999999999959E+000	-2.8234248059567646E-003
1.2299999999999958E+000	-2.8122146605519260E-003
1.2349999999999957E+000	-2.7998175670008729E-003
1.2399999999999956E+000	-2.7862510338438895E-003
1.2449999999999954E+000	-2.7715325349441100E-003
1.2499999999999953E+000	-2.7556803433127497E-003
1.2549999999999952E+000	-2.7387136167932313E-003
1.2599999999999951E+000	-2.7206525305317752E-003
1.2649999999999950E+000	-2.7015179492665409E-003
1.2699999999999949E+000	-2.6813315405876947E-003
1.2749999999999948E+000	-2.6601160176140670E-003
1.2799999999999947E+000	-2.6378947207841286E-003
1.2849999999999946E+000	-2.6146974248519861E-003
1.2899999999999945E+000	-2.5905491648283707E-003
1.2949999999999944E+000	-2.5654693042678200E-003
1.2999999999999943E+000	-2.5394838624986926E-003
1.3049999999999942E+000	-2.5126201435309303E-003
1.3099999999999941E+000	-2.4848944572111176E-003
1.3149999999999940E+000	-2.4563454540509344E-003
1.3199999999999938E+000	-2.4270019378469510E-003
1.3249999999999937E+000	-2.3948656747729835E-003
1.3299999999999936E+000	-2.3646126336001050E-003
1.3349999999999935E+000	-2.3334274491942919E-003
1.3399999999999934E+000	-2.3014561732648264E-003
1.3449999999999933E+000	-2.2656397324070099E-003
1.3499999999999932E+000	-2.2332849716942826E-003
1.3549999999999931E+000	-2.1998091369342943E-003
1.3599999999999930E+000	-2.1656024631705462E-003
1.3649999999999929E+000	-2.1307964112116107E-003
1.3699999999999928E+000	-2.0954533659927055E-003
1.3749999999999927E+000	-2.0596178432201739E-003
1.3799999999999926E+000	-2.0233296545227875E-003
1.3849999999999925E+000	-1.9866267522349323E-003
1.3899999999999924E+000	-1.9495460606283599E-003
1.3949999999999922E+000	-1.9121237244189571E-003
1.3999999999999921E+000	-1.8743951313296980E-003
1.4049999999999920E+000	-1.8363950019808506E-003
1.4099999999999919E+000	-1.7981574559041702E-003
1.4149999999999918E+000	-1.7597160746088969E-003
1.4199999999999917E+000	-1.7211039556952468E-003
1.4249999999999916E+000	-1.6823537421699619E-003
1.4299999999999915E+000	-1.6434976736933171E-003
1.4349999999999914E+000	-1.6045675835592021E-003
1.4399999999999913E+000	-1.5655948999575564E-003
1.4449999999999912E+000	-1.5266106544343794E-003
1.4499999999999911E+000	-1.4876454482973811E-003
1.4549999999999910E+000	-1.4487294624773162E-003
1.4599999999999909E+000	-1.4098924468193275E-003
1.4649999999999908E+000	-1.3711636757421930E-003
1.4699999999999906E+000	-1.3325719442031092E-003
1.4749999999999905E+000	-1.2941455452267769E-003
1.4799999999999904E+000	-1.2559122459896432E-003
1.4849999999999903E+000	-1.2178992883951079E-003
1.4899999999999902E+000	-1.1801371104749325E-003
1.4949999999999901E+000	-1.1426474677109777E-003
1.4999999999999900E+000	-1.1054562019793268E-003
1.5049999999999899E+000	-1.0685883049356137E-003
1.5099999999999898E+000	-1.0320680795444792E-003
1.5149999999999897E+000	-9.9591918172992067E-004
1.5199999999999896E+000	-9.6016461588865898E-004
1.5249999999999895E+000	-9.2482677719274431E-004
1.5299999999999894E+000	-8.8985796054852351E-004
1.5349999999999893E+000	-8.5535062555164298E-004
1.5399999999999892E+000	-8.2132403369239437E-004
1.5449999999999890E+000	-7.8779055958011490E-004
1.5499999999999889E+000	-7.5477610713148291E-004
1.5549999999999888E+000	-7.2229913542376512E-004
1.5599999999999887E+000	-6.9037719388476138E-004
1.5649999999999886E+000	-6.5971180829482723E-004
1.5699999999999885E+000	-6.2968188033662997E-004
1.5749999999999884E+000	-5.9952915426941811E-004
1.5799999999999883E+000	-5.6991355043622960E-004
1.5849999999999882E+000	-5.4095916355645368E-004
1.5899999999999881E+000	-5.1267630390572361E-004
1.5949999999999880E+000	-4.8506516438129310E-004
1.5999999999999879E+000	-4.5812477926787665E-004
1.6049999999999878E+000	-4.3186977016007599E-004
1.6099999999999877E+000	-4.0630801220264967E-004
1.6149999999999876E+000	-3.8144234617554229E-004
1.6199999999999875E+000	-3.5728469960327747E-004
1.6249999999999873E+000	-3.3384429817451267E-004
1.6299999999999872E+000	-3.1112860418180954E-004
1.6349999999999871E+000	-2.8914452347872377E-004
1.6399999999999870E+000	-2.6789835554286157E-004
1.6449999999999869E+000	-2.4739571715537423E-004
1.6499999999999868E+000	-2.2764157439092436E-004
1.6549999999999867E+000	-2.0864026977585048E-004
1.6599999999999866E+000	-1.9039554109412382E-004
1.6649999999999865E+000	-1.7291053186341276E-004
1.6699999999999864E+000	-1.5618777884351953E-004
1.6749999999999863E+000	-1.4144985730102366E-004
1.6799999999999862E+000	-1.2629127134200502E-004
1.6849999999999861E+000	-1.1211282972123371E-004
1.6899999999999860E+000	-9.6637368086849307E-005
1.6949999999999859E+000	-8.3814745954868819E-005
1.6999999999999857E+000	-7.1477056642677006E-005
1.7049999999999856E+000	-5.9993013167947140E-005
1.7099999999999855E+000	-4.9369349873540358E-005
1.7149999999999854E+000	-3.9572431740353409E-005
1.7199999999999853E+000	-3.2415074488922890E-005
1.7249999999999852E+000	-2.4090765360584854E-005
1.7299999999999851E+000	-1.6260982794169543E-005
1.7349999999999850E+000	-9.2574077388274389E-006
1.7399999999999849E+000	-3.0886024129372913E-006
1.7449999999999848E+000	2.2805980233187029E-006
1.7499999999999847E+000	6.8797901942030393E-006
1.7549999999999846E+000	1.0728420130057259E-005
1.7599999999999845E+000	1.3845204956064450E-005
1.7649999999999844E+000	1.6244261223929968E-005
1.7699999999999843E+000	1.7937463792305763E-005
1.7749999999999841E+000	1.8936082030185375E-005
1.7799999999999840E+000	1.9250940142656603E-005
1.7849999999999839E+000	1.8897311920840210E-005
1.7899999999999838E+000	1.7870226310723325E-005
1.7949999999999837E+000	1.6196540735258225E-005
1.7999999999999836E+000	1.3885095580201678E-005
1.8049999999999835E+000	1.0945416739405189E-005
1.8099999999999834E+000	7.3885010500873705E-006
1.8149999999999833E+000	3.2266068152875249E-006
1.8199999999999832E+000	-1.5292071439132471E-006
1.8249999999999831E+000	-6.8668080484002303E-006
1.8299999999999830E+000	-1.2773861576165224E-005
1.8349999999999829E+000	-1.9237825249263096E-005
1.8399999999999828E+000	-2.6245876233788046E-005
1.8449999999999827E+000	-3.3784920997592671E-005
1.8499999999999825E+000	-4.1841632616002045E-005
1.8549999999999824E+000	-5.0402460646359337E-005
1.8599999999999823E+000	-5.9453650640195477E-005
1.8649999999999822E+000	-6.8981254812028325E-005
1.8699999999999821E+000	-7.8971138698591403E-005
1.8749999999999820E+000	-8.9408994542572451E-005
1.8799999999999819E+000	-1.0028035349274322E-004
1.8799999999999819E+000	-1.0154465135125967E-004
1.8849999999999818E+000	-1.1259412246555911E-004
1.8899999999999817E+000	-1.2412235958936257E-004
1.8949999999999816E+000	-1.3608561369582439E-004
1.8999999999999815E+000	-1.4844924077361821E-004
1.9049999999999814E+000	-1.6118878204574028E-004
1.9099999999999813E+000	-1.7428445132217085E-004
1.9149999999999812E+000	-1.8774099134177824E-004
1.9199999999999811E+000	-2.0151008204216669E-004
1.9249999999999809E+000	-2.1558288301393169E-004
1.9299999999999808E+000	-2.2994233079121074E-004
1.9349999999999807E+000	-2.4457184777437746E-004
1.9399999999999806E+000	-2.5945522529280396E-004
1.9449999999999805E+000	-2.7457078165793458E-004
1.9499999999999804E+000	-2.8990799985129101E-004
1.9549999999999803E+000	-3.0649094199597382E-004
1.9599999999999802E+000	-3.2177004095268469E-004
1.9649999999999801E+000	-3.3750270068577670E-004
1.9699999999999800E+000	-3.5343738929050073E-004
1.9749999999999799E+000	-3.6954693257884585E-004
1.9799999999999798E+000	-3.8580722946379709E-004
1.9849999999999797E+000	-4.0338386609584109E-004
1.9899999999999796E+000	-4.1958330262747978E-004
1.9949999999999795E+000	-4.3732246865679780E-004
1.9999999999999793E+000	-4.5382841197583179E-004
2.0049999999999795E+000	-4.7048411716987815E-004
2.0099999999999794E+000	-4.8719260792551289E-004
2.0149999999999793E+000	-5.0393996947484254E-004
2.0199999999999791E+000	-5.2071004592701975E-004
2.0249999999999790E+000	-5.3748774067230443E-004
2.0299999999999789E+000	-5.5425802120745438E-004
2.0349999999999788E+000	-5.7100586942504528E-004
2.0399999999999787E+000	-5.8771644097199705E-004
2.0449999999999786E+000	-6.0437519403788720E-004
2.0499999999999785E+000	-6.2096796763677631E-004
2.0549999999999784E+000	-6.3748102114014049E-004
2.0599999999999783E+000	-6.5390097263184899E-004
2.0649999999999782E+000	-6.7021483022111639E-004
2.0699999999999781E+000	-6.8640995041091557E-004
2.0749999999999780E+000	-7.0247399985445824E-004
2.0799999999999779E+000	-7.1839492771164082E-004
2.0849999999999778E+000	-7.3416094922706954E-004
2.0899999999999777E+000	-7.4976054367736911E-004
2.0949999999999775E+000	-7.6518243010315068E-004
2.0999999999999774E+000	-7.8041555513252980E-004
2.1049999999999773E+000	-7.9544909683859633E-004
2.1099999999999772E+000	-8.1027249048748473E-004
2.1149999999999771E+000	-8.2487543422604670E-004
2.1199999999999770E+000	-8.3924786004041518E-004
2.1249999999999769E+000	-8.5337999288936928E-004
2.1299999999999768E+000	-8.6726230742761867E-004
2.1349999999999767E+000	-8.8088555946586045E-004
2.1399999999999766E+000	-8.9425577325985550E-004
2.1449999999999765E+000	-9.0734921077906261E-004
2.1499999999999764E+000	-9.2015729618000197E-004
2.1549999999999763E+000	-9.3267181779299602E-004
2.1599999999999762E+000	-9.4488487603583415E-004
2.1649999999999761E+000	-9.5613280084727581E-004
2.1699999999999759E+000	-9.6802755290859022E-004
2.1749999999999758E+000	-9.7954671589883802E-004
2.1799999999999757E+000	-9.9047420921849483E-004
2.1849999999999756E+000	-1.0011553515754112E-003
2.1899999999999755E+000	-1.0116660341410455E-003
2.1949999999999754E+000	-1.0217295799210824E-003
2.1999999999999753E+000	-1.0313684546473523E-003
2.2049999999999752E+000	-1.0406031245662195E-003
2.2099999999999751E+000	-1.0494468200150653E-003
2.2149999999999750E+000	-1.0579062129857375E-003
2.2199999999999749E+000	-1.0659836452791005E-003
2.2249999999999748E+000	-1.0736791099424936E-003
2.2299999999999747E+000	-1.0809908657622991E-003
2.2349999999999746E+000	-1.0871358231016037E-003
2.2399999999999745E+000	-1.0940767823481856E-003
2.2449999999999743E+000	-1.1005092499749569E-003
2.2499999999999742E+000	-1.1064297231438980E-003
2.2549999999999741E+000	-1.1118863821167890E-003
2.2599999999999740E+000	-1.1169038241444218E-003
2.2649999999999739E+000	-1.1214971398388895E-003
2.2699999999999738E+000	-1.1256753419548460E-003
2.2749999999999737E+000	-1.1294435317829032E-003
2.2799999999999736E+000	-1.1328045200162951E-003
2.2849999999999735E+000	-1.1357595420961042E-003
2.2899999999999734E+000	-1.1383089983132422E-003
2.2949999999999733E+000	-1.1404529653629147E-003
2.2999999999999732E+000	-1.1421916766284346E-003
2.3049999999999731E+000	-1.1435254769729397E-003
2.3099999999999730E+000	-1.1444549672949833E-003
2.3149999999999729E+000	-1.1449808724330879E-003
2.3199999999999728E+000	-1.1451041360986958E-003
2.3249999999999726E+000	-1.1448259402846439E-003
2.3299999999999725E+000	-1.1441477941673828E-003
2.3349999999999724E+000	-1.1430717648250877E-003
2.3399999999999723E+000	-1.1416001127722009E-003
2.3449999999999722E+000	-1.1397353167476032E-003
2.3499999999999721E+000	-1.1374799960771620E-003
2.3549999999999720E+000	-1.1348370390218410E-003
2.3599999999999719E+000	-1.1318095722510080E-003
2.3649999999999718E+000	-1.1284009348412338E-003
2.3699999999999717E+000	-1.1246146843738591E-003
2.3749999999999716E+000	-1.1204544528585769E-003
2.3799999999999715E+000	-1.1159242702482031E-003
2.3849999999999714E+000	-1.1110285154608546E-003
2.3899999999999713E+000	-1.1057716813520635E-003
2.3949999999999712E+000	-1.1001584480151427E-003
2.3999999999999710E+000	-1.0941936916519790E-003
2.4049999999999709E+000	-1.0878825017115457E-003
2.4099999999999708E+000	-1.0802236537604815E-003
2.4149999999999707E+000	-1.0735214504126178E-003
2.4199999999999706E+000	-1.0664958889978760E-003
2.4249999999999705E+000	-1.0590216543275854E-003
2.4299999999999704E+000	-1.0511515140699812E-003
2.4349999999999703E+000	-1.0429208889479735E-003
2.4399999999999702E+000	-1.0343556716452262E-003
2.4449999999999701E+000	-1.0254749341614966E-003
2.4499999999999700E+000	-1.0162937828168683E-003
2.4549999999999699E+000	-1.0068208030742376E-003
2.4599999999999698E+000	-9.9706921657249925E-004
2.4649999999999697E+000	-9.8704710882102642E-004
2.4699999999999696E+000	-9.7676241259503360E-004
2.4749999999999694E+000	-9.6622252686540122E-004
2.4799999999999693E+000	-9.5495577349535843E-004
2.4849999999999692E+000	-9.4414787828500657E-004
2.4899999999999691E+000	-9.3308621522736335E-004
2.4949999999999690E+000	-9.2170899086652103E-004
2.4999999999999689E+000	-9.1006602599985609E-004
2.5049999999999688E+000	-8.9818686216203147E-004
2.5099999999999687E+000	-8.8609303150966046E-004
2.5149999999999686E+000	-8.7303255075021902E-004
2.5199999999999685E+000	-8.6109516125054686E-004
2.5249999999999684E+000	-8.4864497533776451E-004
2.5299999999999683E+000	-8.3590999882687811E-004
2.5349999999999682E+000	-8.2297265848740864E-004
2.5399999999999681E+000	-8.0986638532765109E-004
2.5449999999999680E+000	-7.9661185597645900E-004
2.5499999999999678E+000	-7.8322367540650806E-004
2.5549999999999677E+000	-7.6971331609188010E-004
2.5599999999999676E+000	-7.5609072141857858E-004
2.5649999999999675E+000	-7.4236492591506220E-004
2.5699999999999674E+000	-7.2854492865104259E-004
2.5749999999999673E+000	-7.1463927355008838E-004
2.5799999999999672E+000	-7.0065668371177559E-004
2.5849999999999671E+000	-6.8660598094427705E-004
2.5899999999999670E+000	-6.7249602584029677E-004
2.5949999999999669E+000	-6.5833570698969890E-004
2.5999999999999668E+000	-6.4413392862205932E-004
2.6049999999999667E+000	-6.2989959435277854E-004
2.6099999999999666E+000	-6.1564159145255370E-004
2.6149999999999665E+000	-6.0136877876648676E-004
2.6199999999999664E+000	-5.8708997735990032E-004
2.6249999999999662E+000	-5.7281396372432791E-004
2.6299999999999661E+000	-5.5854946297628771E-004
2.6349999999999660E+000	-5.4430514063630309E-004
2.6399999999999659E+000	-5.3008960999556543E-004
2.6449999999999658E+000	-5.1591142503937260E-004
2.6499999999999657E+000	-5.0177907423931689E-004
2.6549999999999656E+000	-4.8770097550443481E-004
2.6599999999999655E+000	-4.7368547144277517E-004
2.6649999999999654E+000	-4.5974082017752327E-004
2.6699999999999653E+000	-4.4587516431660035E-004
2.6749999999999652E+000	-4.3209658676091056E-004
2.6799999999999651E+000	-4.1841307393342131E-004
2.6849999999999650E+000	-4.0483250961775852E-004
2.6899999999999649E+000	-3.9136266987827018E-004
2.6949999999999648E+000	-3.7801121561498174E-004
2.6999999999999647E+000	-3.6475713338257609E-004
2.7049999999999645E+000	-3.5147310493532924E-004
2.7099999999999644E+000	-3.3809827457087493E-004
2.7149999999999643E+000	-3.2571209838616610E-004
2.7199999999999642E+000	-3.1303612649502544E-004
2.7249999999999641E+000	-3.0044064369505463E-004
2.7299999999999640E+000	-2.8771632083191001E-004
2.7349999999999639E+000	-2.7591426733331037E-004
2.7399999999999638E+000	-2.6395756304264939E-004
2.7449999999999637E+000	-2.5209423723626667E-004
2.7499999999999636E+000	-2.4041066095614738E-004
2.7549999999999635E+000	-2.2892297282728347E-004
2.7599999999999634E+000	-2.1764366667587076E-004
2.7649999999999633E+000	-2.0657939762780408E-004
2.7699999999999632E+000	-1.9572882952789694E-004
2.7749999999999631E+000	-1.8510290237061522E-004
2.7799999999999629E+000	-1.7470738197511437E-004
2.7849999999999628E+000	-1.6454196998838544E-004
2.7899999999999627E+000	-1.5462868257076767E-004
2.7949999999999626E+000	-1.4495829314020714E-004
2.7999999999999625E+000	-1.3553421089207429E-004
2.8049999999999624E+000	-1.2636158298451328E-004
2.8099999999999623E+000	-1.1744358541432298E-004
2.8149999999999622E+000	-1.0878386170387611E-004
2.8199999999999621E+000	-1.0038593076289182E-004
2.8249999999999620E+000	-9.2252852202046043E-005
2.8299999999999619E+000	-8.4387490239090646E-005
2.8349999999999618E+000	-7.6792519476898136E-005
2.8399999999999617E+000	-6.9470419570505371E-005
2.8449999999999616E+000	-6.2423472270478619E-005
2.8499999999999615E+000	-5.5653760800522534E-005
2.8549999999999613E+000	-4.9163169166033249E-005
2.8599999999999612E+000	-4.2953380943955288E-005
2.8649999999999611E+000	-3.7025877717700162E-005
2.8699999999999610E+000	-3.1381938295882428E-005
2.8749999999999609E+000	-2.6022637903189150E-005
2.8799999999999608E+000	-2.0948846975232804E-005
2.8849999999999607E+000	-1.6161230417588435E-005
2.8899999999999606E+000	-1.1660247152822656E-005
2.8949999999999605E+000	-7.4461498782429913E-006
2.8999999999999604E+000	-3.5189850747796569E-006
2.9049999999999603E+000	1.2140672844829226E-007
2.9099999999999602E+000	3.4753904620821174E-006
2.9149999999999601E+000	6.5435365927957179E-006
2.9199999999999600E+000	9.3266252101376068E-006
2.9249999999999599E+000	1.1825632249440332E-005
2.9299999999999597E+000	1.4041735064251881E-005
2.9349999999999596E+000	1.5976310797638504E-005
2.9399999999999595E+000	1.7630934786350139E-005
2.9449999999999594E+000	1.9007378778690409E-005
2.9499999999999593E+000	2.0107609027375517E-005
2.9549999999999592E+000	2.0933784231180752E-005
2.9599999999999591E+000	2.1488280965265005E-005
2.9649999999999590E+000	2.1773591683427185E-005
2.9699999999999589E+000	2.1792682863619461E-005
2.9749999999999588E+000	2.1549934472897547E-005
2.9799999999999587E+000	2.1048039640536587E-005
2.9849999999999586E+000	2.0289324996092262E-005
2.9899999999999585E+000	1.9270195579013105E-005
2.9949999999999584E+000	1.8001203701878410E-005
2.9999999999999583E+000	1.6486208793020651E-005
3.0049999999999581E+000	1.4730174319410594E-005
3.0099999999999580E+000	1.2736211350672377E-005
3.0149999999999579E+000	1.0508367316086620E-005
3.0199999999999578E+000	8.0511067150901283E-006
3.0249999999999577E+000	5.3690144274920470E-006
3.0299999999999576E+000	2.4667980924597543E-006
3.0349999999999575E+000	-6.5069529509020896E-007
3.0399999999999574E+000	-3.9784846763701864E-006
3.0449999999999573E+000	-7.5114587424485180E-006
3.0499999999999572E+000	-1.1244378545605116E-005
3.0549999999999571E+000	-1.5171878547604045E-005
3.0599999999999570E+000	-1.9288475735845800E-005
3.0649999999999569E+000	-2.3588575539523760E-005
3.0699999999999568E+000	-2.8066472552046307E-005
3.0749999999999567E+000	-3.2716357258877338E-005
3.0799999999999566E+000	-3.7532321881084130E-005
3.0849999999999564E+000	-4.2508378282679615E-005
3.0899999999999563E+000	-4.7712171278191384E-005
3.0949999999999562E+000	-5.2945172789642392E-005
3.0999999999999561E+000	-5.9030609350863017E-005
3.1049999999999560E+000	-6.4660826980755814E-005
3.1099999999999559E+000	-7.0298934327528428E-005
3.1149999999999558E+000	-7.6032979907214582E-005
3.1199999999999557E+000	-8.1876498898791894E-005
3.1249999999999556E+000	-8.7828658907662671E-005
3.1299999999999555E+000	-9.3885074788691014E-005
3.1349999999999554E+000	-1.0004023559584407E-004
3.1399999999999553E+000	-1.0628809568791198E-004
3.1449999999999552E+000	-1.1262228407804553E-004
3.1499999999999551E+000	-1.1775308078243452E-004
3.1549999999999550E+000	-1.2407069743924914E-004
3.1599999999999548E+000	-1.3067427271540311E-004
3.1649999999999547E+000	-1.3736441019207568E-004
3.1699999999999546E+000	-1.4474498267968983E-004
3.1749999999999545E+000	-1.5170043839041192E-004
3.1799999999999544E+000	-1.5761584617135505E-004
3.1849999999999543E+000	-1.6521656594459255E-004
3.1899999999999542E+000	-1.7240338751667306E-004
3.1949999999999541E+000	-1.7941848592695209E-004
3.1999999999999540E+000	-1.8637361108153616E-004
3.2049999999999539E+000	-1.9329681478252869E-004
3.2099999999999538E+000	-2.0019501763468561E-004
3.2149999999999537E+000	-2.0706869384834459E-004
3.2199999999999536E+000	-2.1391571269979703E-004
3.2249999999999535E+000	-2.2073260488930657E-004
3.2299999999999534E+000	-2.2751509642926493E-004
3.2349999999999532E+000	-2.3425837696444685E-004
3.2399999999999531E+000	-2.4095730445661268E-004
3.2449999999999530E+000	-2.4760654402300464E-004
3.2499999999999529E+000	-2.5420065716563744E-004
3.2549999999999528E+000	-2.6073416769933910E-004
3.2599999999999527E+000	-2.6720158480009193E-004
3.2649999999999526E+000	-2.7359746461319556E-004
3.2699999999999525E+000	-2.7991640848568089E-004
3.2749999999999524E+000	-2.8615308429147390E-004
3.2799999999999523E+000	-2.9230225743714922E-004
3.2849999999999522E+000	-2.9835876127770611E-004
3.2899999999999521E+000	-3.0431752526149936E-004
3.2949999999999520E+000	-3.1017359861829075E-004
3.2999999999999519E+000	-3.1592214204734237E-004
3.3049999999999518E+000	-3.2155843162851028E-004
3.3099999999999516E+000	-3.2707784324559341E-004
3.3149999999999515E+000	-3.3247594529794977E-004
3.3199999999999514E+000	-3.3774841135258971E-004
3.3249999999999513E+000	-3.4289105101525941E-004
3.3299999999999512E+000	-3.4789982009753029E-004
3.3349999999999511E+000	-3.5277081455420412E-004
3.3399999999999510E+000	-3.5750028833159142E-004
3.3449999999999509E+000	-3.6208464307907473E-004
3.3499999999999508E+000	-3.6652043721197014E-004
3.3549999999999507E+000	-3.7080438059711174E-004
3.3599999999999506E+000	-3.7493332694282788E-004
3.3649999999999505E+000	-3.7890431502363153E-004
3.3699999999999504E+000	-3.8271453084759433E-004
3.3749999999999503E+000	-3.8636129403746278E-004
3.3799999999999502E+000	-3.8984207356329570E-004
3.3849999999999500E+000	-3.9315450808441454E-004
3.3899999999999499E+000	-3.9629638103777509E-004
3.3949999999999498E+000	-3.9926566524406404E-004
3.3999999999999497E+000	-4.0206047915580800E-004
3.4049999999999496E+000	-4.0467907704389017E-004
3.4099999999999495E+000	-4.0711992677378017E-004
3.4149999999999494E+000	-4.0938169584903150E-004
3.4199999999999493E+000	-4.1146321783713802E-004
3.4249999999999492E+000	-4.1336350466647520E-004
3.4299999999999491E+000	-4.1508163805892284E-004
3.4349999999999490E+000	-4.1661686480631843E-004
3.4399999999999489E+000	-4.1796856463016674E-004
3.4449999999999488E+000	-4.1913630787882017E-004
3.4499999999999487E+000	-4.2011990588686210E-004
3.4549999999999486E+000	-4.2091938942312446E-004
3.4599999999999485E+000	-4.2153511250797582E-004
3.4649999999999483E+000	-4.2196754478140974E-004
3.4699999999999482E+000	-4.2221712724055394E-004
3.4749999999999481E+000	-4.2228442691771839E-004
3.4799999999999480E+000	-4.2217018513435178E-004
3.4849999999999479E+000	-4.2187520505054810E-004
3.4899999999999478E+000	-4.2140028660708762E-004
3.4949999999999477E+000	-4.2074652834911408E-004
3.4999999999999476E+000	-4.1991525678797270E-004
3.5049999999999475E+000	-4.1890786581200157E-004
3.5099999999999474E+000	-4.1772591817312854E-004
3.5149999999999473E+000	-4.1637111769843305E-004
3.5199999999999472E+000	-4.1484532119229200E-004
3.5249999999999471E+000	-4.1315052781853989E-004
3.5299999999999470E+000	-4.1128886519736785E-004
3.5349999999999469E+000	-4.0926258672502325E-004
3.5399999999999467E+000	-4.0707407061479906E-004
3.5449999999999466E+000	-4.0472581465600399E-004
3.5499999999999465E+000	-4.0222043606841229E-004
3.5549999999999464E+000	-3.9956066365764986E-004
3.5599999999999463E+000	-3.9674933465028150E-004
3.5649999999999462E+000	-3.9378939305301230E-004
3.5699999999999461E+000	-3.9068388528318287E-004
3.5749999999999460E+000	-3.8743595630796879E-004
3.5799999999999459E+000	-3.8404884569920306E-004
3.5849999999999458E+000	-3.8052588366843665E-004
3.5899999999999457E+000	-3.7687048706525061E-004
3.5949999999999456E+000	-3.7308615536668643E-004
3.5999999999999455E+000	-3.6917646664025305E-004
3.6049999999999454E+000	-3.6514507348073266E-004
3.6099999999999453E+000	-3.6099569894199046E-004
3.6149999999999451E+000	-3.5673213244935553E-004
3.6199999999999450E+000	-3.5235822571022535E-004
3.6249999999999449E+000	-3.4787788861190272E-004
3.6299999999999448E+000	-3.4329508514008289E-004
3.6349999999999447E+000	-3.3861382928768169E-004
3.6399999999999446E+000	-3.3383818097221241E-004
3.6449999999999445E+000	-3.2897224199091024E-004
3.6499999999999444E+000	-3.2402015197152689E-004
3.6549999999999443E+000	-3.1898608435765308E-004
3.6599999999999442E+000	-3.1387424242745876E-004
3.6649999999999441E+000	-3.0868885533319457E-004
3.6699999999999440E+000	-3.0343417419209651E-004
3.6749999999999439E+000	-2.9811446572092226E-004
3.6799999999999438E+000	-2.9273401256046938E-004
3.6849999999999437E+000	-2.8729711384478662E-004
3.6899999999999435E+000	-2.8180806998323593E-004
3.6949999999999434E+000	-2.7627118226969394E-004
3.6999999999999433E+000	-2.7069075378993723E-004
3.7049999999999432E+000	-2.6507108381634836E-004
3.7099999999999431E+000	-2.5941646373239813E-004
3.7149999999999430E+000	-2.5373112816307053E-004
3.7199999999999429E+000	-2.4801939140295381E-004
3.7249999999999428E+000	-2.4228549762073115E-004
3.7299999999999427E+000	-2.3653366779841090E-004
3.7349999999999426E+000	-2.3076810305822093E-004
3.7399999999999425E+000	-2.2499297594791301E-004
3.7449999999999424E+000	-2.1921242950517783E-004
3.7499999999999423E+000	-2.1343057341793870E-004
3.7549999999999422E+000	-2.0765148111567822E-004
3.7599999999999421E+000	-2.0187918678116201E-004
3.7649999999999419E+000	-1.9611768773686311E-004
3.7699999999999418E+000	-1.9037092782658860E-004
3.7749999999999417E+000	-1.8464280363605923E-004
3.7799999999999416E+000	-1.7893716296746298E-004
3.7849999999999415E+000	-1.7325780207977370E-004
3.7899999999999414E+000	-1.6760846209751268E-004
3.7949999999999413E+000	-1.6199282633599932E-004
3.7999999999999412E+000	-1.5641451798364958E-004
3.8049999999999411E+000	-1.5087709783867531E-004
3.8099999999999410E+000	-1.4447473829559687E-004
3.8149999999999409E+000	-1.3966455431480007E-004
3.8199999999999408E+000	-1.3440147946697234E-004
3.8249999999999407E+000	-1.2822751715990677E-004
3.8299999999999406E+000	-1.2360106498598977E-004
3.8349999999999405E+000	-1.1848354815002793E-004
3.8399999999999403E+000	-1.1247738187603051E-004
3.8449999999999402E+000	-1.0801216595934804E-004
3.8499999999999401E+000	-1.0300137793362030E-004
3.8549999999999400E+000	-9.7989417801480627E-005
3.8599999999999399E+000	-9.3062509939456639E-005
3.8649999999999398E+000	-8.8229425806440887E-005
3.8699999999999397E+000	-8.3489702786265774E-005
3.8749999999999396E+000	-7.8842894057573609E-005
3.8799999999999395E+000	-7.4289360320833886E-005
3.8849999999999394E+000	-6.9830019146621680E-005
3.8899999999999393E+000	-6.5466084196219576E-005
3.8949999999999392E+000	-6.1198911298632197E-005
3.8999999999999391E+000	-5.7029921431417385E-005
3.9049999999999390E+000	-5.2960562330395256E-005
3.9099999999999389E+000	-4.8992284755855486E-005
3.9149999999999388E+000	-4.5126523490424120E-005
3.9199999999999386E+000	-4.1934275822330669E-005
3.9199999999999386E+000	-4.2365830955737316E-005
3.9249999999999385E+000	-3.8631668220379112E-005
3.9299999999999384E+000	-3.4941030243040849E-005
3.9349999999999383E+000	-3.1375992671556219E-005
3.9399999999999382E+000	-2.7940728537401149E-005
3.9449999999999381E+000	-2.4631191177126865E-005
3.9499999999999380E+000	-2.1444095540501529E-005
3.9549999999999379E+000	-1.8377594075413839E-005
3.9599999999999378E+000	-1.5430747223321717E-005
3.9649999999999377E+000	-1.2603060471905181E-005
3.9699999999999376E+000	-9.8942350897912590E-006
3.9749999999999375E+000	-7.3040614269048731E-006
3.9799999999999374E+000	-4.8323781876025151E-006
3.9849999999999373E+000	-2.4790478941882910E-006
3.9899999999999372E+000	-2.4393859299198795E-007
3.9949999999999370E+000	1.8730912627606955E-006
3.9999999999999369E+000	3.8722065405227823E-006
4.0049999999999368E+000	5.7536077915365524E-006
4.0099999999999367E+000	7.5175419786965847E-006
4.0149999999999366E+000	9.1643111896910767E-006
4.0199999999999365E+000	1.0691258659267788E-005
4.0249999999999364E+000	1.2102323238893931E-005
4.0299999999999363E+000	1.3398040946466239E-005
4.0349999999999362E+000	1.4578716243107692E-005
4.0399999999999361E+000	1.5644917015444904E-005
4.0449999999999360E+000	1.6597317834321501E-005
4.0499999999999359E+000	1.7436670641135521E-005
4.0549999999999358E+000	1.8163806653870296E-005
4.0599999999999357E+000	1.8779632294352311E-005
4.0649999999999356E+000	1.9285463609852727E-005
4.0699999999999354E+000	1.9682056521030944E-005
4.0749999999999353E+000	1.9970470740870994E-005
4.0799999999999352E+000	2.0151882789587461E-005
4.0849999999999351E+000	2.0228779688657994E-005
4.0899999999999350E+000	2.0204535400081269E-005
4.0949999999999349E+000	2.0070615431633243E-005
4.0999999999999348E+000	1.9836695572150731E-005
4.1049999999999347E+000	1.9503144284893636E-005
4.1099999999999346E+000	1.9071165135775558E-005
4.1149999999999345E+000	1.8542435106461141E-005
4.1199999999999344E+000	1.7918634529490163E-005
4.1249999999999343E+000	1.7201850908366012E-005
4.1299999999999342E+000	1.6393484545629278E-005
4.1349999999999341E+000	1.5495391675113268E-005
4.1399999999999340E+000	1.4509729729939025E-005
4.1449999999999338E+000	1.3438103653617972E-005
4.1499999999999337E+000	1.2282483969228153E-005
4.1549999999999336E+000	1.1044866365272910E-005
4.1599999999999335E+000	9.7272673433845824E-006
4.1649999999999334E+000	8.3317530985560495E-006
4.1699999999999333E+000	6.8604357152945994E-006
4.1749999999999332E+000	5.3154660009102628E-006
4.1799999999999331E+000	3.6990297822558915E-006
4.1849999999999330E+000	2.0133471725358731E-006
4.1899999999999329E+000	2.6066820213443975E-007
4.1949999999999328E+000	-1.5567265813087872E-006
4.1999999999999327E+000	-3.4365289877102967E-006
4.2049999999999326E+000	-5.3764055953919865E-006
4.2099999999999325E+000	-7.3740001864663896E-006
4.2149999999999324E+000	-9.4269357483467431E-006
4.2199999999999322E+000	-1.1532816712955807E-005
4.2249999999999321E+000	-1.3689231137758995E-005
4.2299999999999320E+000	-1.5893752149831464E-005
4.2349999999999319E+000	-1.8143940558434934E-005
4.2399999999999318E+000	-2.0437346487822694E-005
4.2449999999999317E+000	-2.2771511724140048E-005
4.2499999999999316E+000	-2.5143970991403641E-005
4.2549999999999315E+000	-2.7552254165841283E-005
4.2599999999999314E+000	-2.9993888079782316E-005
4.2649999999999313E+000	-3.2466398196651092E-005
4.2699999999999312E+000	-3.4967310473921209E-005
4.2749999999999311E+000	-3.7494152982930906E-005
4.2799999999999310E+000	-4.0044458846200115E-005
4.2849999999999309E+000	-4.2615767069209554E-005
4.2899999999999308E+000	-4.5205624490951557E-005
4.2949999999999307E+000	-4.7811586705082121E-005
4.2999999999999305E+000	-5.0431221009672456E-005
4.3049999999999304E+000	-5.3062106340817650E-005
4.3099999999999303E+000	-5.5701836568888830E-005
4.3149999999999302E+000	-5.8348022194620874E-005
4.3199999999999301E+000	-6.0998291330549570E-005
4.3249999999999300E+000	-6.3650302250084501E-005
4.3299999999999299E+000	-6.6301715004213335E-005
4.3349999999999298E+000	-6.8950215362351130E-005
4.3399999999999297E+000	-7.1593514037959771E-005
4.3449999999999296E+000	-7.4229350544241512E-005
4.3499999999999295E+000	-7.6855491247140861E-005
4.3549999999999294E+000	-7.9469729000414269E-005
4.3599999999999293E+000	-8.2069885219415717E-005
4.3649999999999292E+000	-8.4653814140467354E-005
4.3699999999999291E+000	-8.7219403654303918E-005
4.3749999999999289E+000	-8.9764573672157510E-005
4.3799999999999288E+000	-9.2287281465375237E-005
4.3849999999999287E+000	-9.4785509298533910E-005
4.3899999999999286E+000	-9.7257286021723566E-005
4.3949999999999285E+000	-9.9700674321079319E-005
4.3999999999999284E+000	-1.0211377426927459E-004
4.4049999999999283E+000	-1.0449472633411450E-004
4.4099999999999282E+000	-1.0684171227293149E-004
4.4149999999999281E+000	-1.0915295490765420E-004
4.4199999999999280E+000	-1.1142671802555348E-004
4.4249999999999279E+000	-1.1366130951040443E-004
4.4299999999999278E+000	-1.1585508072076145E-004
4.4349999999999277E+000	-1.1800642863779576E-004
4.4399999999999276E+000	-1.2011379668164235E-004
4.4449999999999275E+000	-1.2217567494710035E-004
4.4499999999999273E+000	-1.2419059747392769E-004
4.4549999999999272E+000	-1.2615713824348784E-004
4.4599999999999271E+000	-1.2807393239122611E-004
4.4649999999999270E+000	-1.2993966243601829E-004
4.4699999999999269E+000	-1.3175306064405756E-004
4.4749999999999268E+000	-1.3351290987817510E-004
4.4799999999999267E+000	-1.3521796053916901E-004
4.4849999999999266E+000	-1.3686718586414237E-004
4.4899999999999265E+000	-1.3845951555613301E-004
4.4949999999999264E+000	-1.3999393883001865E-004
4.4999999999999263E+000	-1.4146950526983115E-004
4.5049999999999262E+000	-1.4288531841077923E-004
4.5099999999999261E+000	-1.4424052565309431E-004
4.5149999999999260E+000	-1.4553431899655411E-004
4.5199999999999259E+000	-1.4676594390594655E-004
4.5249999999999257E+000	-1.4793468852225544E-004
4.5299999999999256E+000	-1.4903988575243332E-004
4.5349999999999255E+000	-1.5008093258195299E-004
4.5399999999999254E+000	-1.5105728916831040E-004
4.5449999999999253E+000	-1.5196848104115368E-004
4.5499999999999252E+000	-1.5281406033651468E-004
4.5549999999999251E+000	-1.5359364473932491E-004
4.5599999999999250E+000	-1.5430690299966798E-004
4.5649999999999249E+000	-1.5495356111849823E-004
4.5699999999999248E+000	-1.5553338809692896E-004
4.5749999999999247E+000	-1.5604621912179706E-004
4.5799999999999246E+000	-1.5649193029065867E-004
4.5849999999999245E+000	-1.5687042975331966E-004
4.5899999999999244E+000	-1.5718168911615926E-004
4.5949999999999243E+000	-1.5742573122401460E-004
4.5999999999999241E+000	-1.5760254378149874E-004
4.6049999999999240E+000	-1.5771216177107306E-004
4.6099999999999239E+000	-1.5775476361445939E-004
4.6149999999999238E+000	-1.5773061659518639E-004
4.6199999999999237E+000	-1.5763995083195592E-004
4.6249999999999236E+000	-1.5748305484775127E-004
4.6299999999999235E+000	-1.5726038757579719E-004
4.6349999999999234E+000	-1.5697230003430818E-004
4.6399999999999233E+000	-1.5661930385491019E-004
4.6449999999999232E+000	-1.5620190840004433E-004
4.6499999999999231E+000	-1.5572065207392072E-004
4.6549999999999230E+000	-1.5517603871451069E-004
4.6599999999999229E+000	-1.5456883273101685E-004
4.6649999999999228E+000	-1.5389961406109265E-004
4.6699999999999227E+000	-1.5316908740725665E-004
4.6749999999999226E+000	-1.5237799806011587E-004
4.6799999999999224E+000	-1.5152712294597137E-004
4.6849999999999223E+000	-1.5061727818255211E-004
4.6899999999999222E+000	-1.4964931883798549E-004
4.6949999999999221E+000	-1.4862413878125036E-004
4.6999999999999220E+000	-1.4754266733296717E-004
4.7049999999999219E+000	-1.4640578640756630E-004
4.7099999999999218E+000	-1.4521466280792428E-004
4.7149999999999217E+000	-1.4397023661050223E-004
4.7199999999999216E+000	-1.4267357411490433E-004
4.7249999999999215E+000	-1.4132577611580821E-004
4.7299999999999214E+000	-1.3992796624784365E-004
4.7349999999999213E+000	-1.3848129742266568E-004
4.7399999999999212E+000	-1.3698695191766141E-004
4.7449999999999211E+000	-1.3544613940108530E-004
4.7499999999999210E+000	-1.3386009539106958E-004
4.7549999999999208E+000	-1.3223008018292681E-004
4.7599999999999207E+000	-1.3055737786804578E-004
4.7649999999999206E+000	-1.2884329524398552E-004
4.7699999999999205E+000	-1.2708916069270604E-004
4.7749999999999204E+000	-1.2529622787971206E-004
4.7799999999999203E+000	-1.2346605977642255E-004
4.7849999999999202E+000	-1.2159993843108285E-004
4.7899999999999201E+000	-1.1969926869737080E-004
4.7949999999999200E+000	-1.1776547849728924E-004
4.7999999999999199E+000	-1.1580001492039749E-004
4.8049999999999198E+000	-1.1380432530527784E-004
4.8099999999999197E+000	-1.1177987086974372E-004
4.8149999999999196E+000	-1.0972812453380332E-004
4.8199999999999195E+000	-1.0765056930539529E-004
4.8249999999999194E+000	-1.0554869715984072E-004
4.8299999999999192E+000	-1.0342400798324380E-004
4.8349999999999191E+000	-1.0127800845272095E-004
4.8399999999999190E+000	-9.9112210878993245E-005
4.8449999999999189E+000	-9.6928132059193040E-005
4.8499999999999188E+000	-9.4727292135665664E-005
4.8549999999999187E+000	-9.2511213470092279E-005
4.8599999999999186E+000	-9.0281419517612704E-005
4.8649999999999185E+000	-8.8039433713382742E-005
4.8699999999999184E+000	-8.5786778355578797E-005
4.8749999999999183E+000	-8.3524973512716372E-005
4.8799999999999182E+000	-8.1255535924085187E-005
4.8849999999999181E+000	-7.8979977922055689E-005
4.8899999999999180E+000	-7.6699806353608402E-005
4.8949999999999179E+000	-7.4416521527287394E-005
4.8999999999999178E+000	-7.2131616159376577E-005
4.9049999999999176E+000	-6.9846603218515213E-005
4.9099999999999175E+000	-6.7562928252051790E-005
4.9149999999999174E+000	-6.5282053980708632E-005
4.9199999999999173E+000	-6.3005433649676590E-005
4.9249999999999172E+000	-6.0734506982740299E-005
4.9299999999999171E+000	-5.8470699825674544E-005
4.9349999999999170E+000	-5.6215423411387633E-005
4.9399999999999169E+000	-5.3970073459641554E-005
4.9449999999999168E+000	-5.1736029293425467E-005
4.9499999999999167E+000	-4.9514652948556837E-005
4.9549999999999166E+000	-4.7307288286946303E-005
4.9599999999999165E+000	-4.5115260135730750E-005
4.9649999999999164E+000	-4.2939873432956688E-005
4.9699999999999163E+000	-4.0782412432882609E-005
4.9749999999999162E+000	-3.8644140018306850E-005
4.9799999999999160E+000	-3.6526296582573003E-005
4.9849999999999159E+000	-3.4430099407400938E-005
4.9899999999999158E+000	-3.2356741996197869E-005
4.9949999999999157E+000	-3.0307393336759247E-005
4.9999999999999156E+000	-2.8283197201939281E-005
5.0049999999999155E+000	-2.6285271471748750E-005
5.0099999999999154E+000	-2.4314707480321829E-005
5.0149999999999153E+000	-2.2372569395634478E-005
5.0199999999999152E+000	-2.0459893603774759E-005
5.0249999999999151E+000	-1.8577688131848902E-005
5.0299999999999150E+000	-1.6726932085986412E-005
5.0349999999999149E+000	-1.4908575115879508E-005
5.0399999999999148E+000	-1.3123536908965505E-005
5.0449999999999147E+000	-1.1372706701484603E-005
5.0499999999999146E+000	-9.6569428184034578E-006
5.0549999999999145E+000	-7.9770722333227795E-006
5.0599999999999143E+000	-6.3338901677978399E-006
5.0649999999999142E+000	-4.7281596933235193E-006
5.0699999999999141E+000	-3.1606113812809866E-006
5.0749999999999140E+000	-1.6319429633204763E-006
5.0799999999999139E+000	-1.4281902371848787E-007
5.0849999999999138E+000	1.3061292822857951E-006
5.0899999999999137E+000	2.7143044811772654E-006
5.0949999999999136E+000	4.0811430270792926E-006
5.0999999999999135E+000	5.4061154892703911E-006
5.1049999999999134E+000	6.6887267387016891E-006
5.1099999999999133E+000	7.9285161018738393E-006
5.1149999999999132E+000	9.1250578493351497E-006
5.1199999999999131E+000	1.0277961162818983E-005
5.1249999999999130E+000	1.1386869362750573E-005
5.1299999999999129E+000	1.2451460575491069E-005
5.1349999999999127E+000	1.3471447739776821E-005
5.1399999999999126E+000	1.4446578616711392E-005
5.1449999999999125E+000	1.5376635760677715E-005
5.1499999999999124E+000	1.6261436458941958E-005
5.1549999999999123E+000	1.7100832664596055E-005
5.1599999999999122E+000	1.7894710873544994E-005
5.1649999999999121E+000	1.8642992008599535E-005
5.1699999999999120E+000	1.9345631260714313E-005
5.1749999999999119E+000	2.0002617900694020E-005
5.1799999999999118E+000	2.0613975087124814E-005
5.1849999999999117E+000	2.1179759625677974E-005
5.1899999999999116E+000	2.1700061724194697E-005
5.1949999999999115E+000	2.2175004710023316E-005
5.1999999999999114E+000	2.2604744738030647E-005
5.2049999999999113E+000	2.2989470458201211E-005
5.2099999999999111E+000	2.3329402673688548E-005
5.2149999999999110E+000	2.3624793975773883E-005
5.2199999999999109E+000	2.3875928345296060E-005
5.2249999999999108E+000	2.4083118809858917E-005
5.2299999999999107E+000	2.4246707976294246E-005
5.2349999999999106E+000	2.4366969447298104E-005
5.2399999999999105E+000	2.4444291047087674E-005
5.2449999999999104E+000	2.4480506939150715E-005
5.2499999999999103E+000	2.4477060289074259E-005
5.2549999999999102E+000	2.4434261620021047E-005
5.2599999999999101E+000	2.4350457524580094E-005
5.2649999999999100E+000	2.4225666141353130E-005
5.2699999999999099E+000	2.4058894677159159E-005
5.2749999999999098E+000	2.3853371489579445E-005
5.2799999999999097E+000	2.3609729973506077E-005
5.2849999999999095E+000	2.3328416487444770E-005
5.2899999999999094E+000	2.3009996389156129E-005
5.2949999999999093E+000	2.2655134089388795E-005
5.2999999999999092E+000	2.2264538629190866E-005
5.3049999999999091E+000	2.1838940224450099E-005
5.3099999999999090E+000	2.1379089185424860E-005
5.3149999999999089E+000	2.0885757491262424E-005
5.3199999999999088E+000	2.0359737959108060E-005
5.3249999999999087E+000	1.9801844313382944E-005
5.3299999999999086E+000	1.9212909555088586E-005
5.3349999999999085E+000	1.8593785489962045E-005
5.3399999999999084E+000	1.7945341599601150E-005
5.3449999999999083E+000	1.7268268653891639E-005
5.3499999999999082E+000	1.6563436603389547E-005
5.3549999999999081E+000	1.5832972387164190E-005
5.3599999999999079E+000	1.5077808548813465E-005
5.3649999999999078E+000	1.4297795044138084E-005
5.3699999999999077E+000	1.3493781487516898E-005
5.3749999999999076E+000	1.2666825685236915E-005
5.3799999999999075E+000	1.1817947816128438E-005
5.3849999999999074E+000	1.0948154620882278E-005
5.3899999999999073E+000	1.0058454263939254E-005
5.3949999999999072E+000	9.1498574184001313E-006
5.3999999999999071E+000	8.2233782014995427E-006
5.4049999999999070E+000	7.2800350536805780E-006
5.4099999999999069E+000	6.3208507963263827E-006
5.4149999999999068E+000	5.3468520238020290E-006
5.4199999999999067E+000	4.3590684124517054E-006
5.4249999999999066E+000	3.3585319836326732E-006
5.4299999999999065E+000	2.3462756029157816E-006
5.4349999999999064E+000	1.3233327569306397E-006
5.4399999999999062E+000	2.9073720120287305E-007
5.4449999999999061E+000	-7.5047764025448771E-007
5.4499999999999060E+000	-1.7992798885257955E-006
5.4549999999999059E+000	-2.8546402551787864E-006
5.4599999999999058E+000	-3.9155324995654439E-006
5.4649999999999057E+000	-4.9809348983131940E-006
5.4699999999999056E+000	-6.0498268539266320E-006
5.4749999999999055E+000	-7.1211919783209510E-006
5.4799999999999054E+000	-8.1940225613585937E-006
5.4849999999999053E+000	-9.2673184465263958E-006
5.4899999999999052E+000	-1.0340087747140458E-005
5.4949999999999051E+000	-1.1411348198153703E-005
5.4999999999999050E+000	-1.2480127650094097E-005
5.5049999999999049E+000	-1.3545463510067357E-005
5.5099999999999048E+000	-1.4606403187067407E-005
5.5149999999999046E+000	-1.5662005858563255E-005
5.5199999999999045E+000	-1.6711343228892339E-005
5.5249999999999044E+000	-1.7753499151451635E-005
5.5299999999999043E+000	-1.8787569929346049E-005
5.5349999999999042E+000	-1.9812660905005330E-005
5.5399999999999041E+000	-2.0827891616725935E-005
5.5449999999999040E+000	-2.1832399372923028E-005
5.5499999999999039E+000	-2.2825338379273141E-005
5.5549999999999038E+000	-2.3805879272864594E-005
5.5599999999999037E+000	-2.4773374615927324E-005
5.5649999999999036E+000	-2.5726875648723890E-005
5.5699999999999035E+000	-2.6665591142949197E-005
5.5749999999999034E+000	-2.7588763487851331E-005
5.5799999999999033E+000	-2.8495653366933382E-005
5.5849999999999032E+000	-2.9385538696247160E-005
5.5899999999999030E+000	-3.0257717731907441E-005
5.5949999999999029E+000	-3.1111508470571536E-005
5.5999999999999028E+000	-3.1946091227696982E-005
5.6049999999999027E+000	-3.2760972042633618E-005
5.6099999999999026E+000	-3.3555543735963589E-005
5.6149999999999025E+000	-3.4329206354155595E-005
5.6199999999999024E+000	-3.5081381484114438E-005
5.6249999999999023E+000	-3.5811514380479359E-005
5.6299999999999022E+000	-3.6519070983231927E-005
5.6349999999999021E+000	-3.7203541272123886E-005
5.6399999999999020E+000	-3.7864603110837614E-005
5.6449999999999019E+000	-3.8501642004029613E-005
5.6499999999999018E+000	-3.9114212327384656E-005
5.6549999999999017E+000	-3.9701900467425943E-005
5.6599999999999016E+000	-4.0264318110661002E-005
5.6649999999999014E+000	-4.0800938029050826E-005
5.6699999999999013E+000	-4.1311547684386163E-005
5.6749999999999012E+000	-4.1795821542511824E-005
5.6799999999999011E+000	-4.2253456106311482E-005
5.6849999999999010E+000	-4.2684174256568674E-005
5.6899999999999009E+000	-4.3087711671052631E-005
5.6949999999999008E+000	-4.3463833040213729E-005
5.6999999999999007E+000	-4.3806128722789772E-005
5.7049999999999006E+000	-4.4120579043238628E-005
5.7099999999999005E+000	-4.4407292983716928E-005
5.7149999999999004E+000	-4.4666125945447277E-005
5.7199999999999003E+000	-4.4896946390537984E-005
5.7249999999999002E+000	-4.5099676714954740E-005
5.7299999999999001E+000	-4.5274255409233355E-005
5.7349999999999000E+000	-4.5420647779570444E-005
5.7399999999998998E+000	-4.5538867953665019E-005
5.7449999999998997E+000	-4.5628937795916258E-005
5.7499999999998996E+000	-4.5690865260294977E-005
5.7549999999998995E+000	-4.5724660424517616E-005
5.7599999999998994E+000	-4.5730397698506842E-005
5.7649999999998993E+000	-4.5708189335691429E-005
5.7699999999998992E+000	-4.5658182892482913E-005
5.7749999999998991E+000	-4.5580559632218964E-005
5.7799999999998990E+000	-4.5475537109318509E-005
5.7849999999998989E+000	-4.5343319947876992E-005
5.7899999999998988E+000	-4.5184107838935894E-005
5.7949999999998987E+000	-4.4998129591244940E-005
5.7999999999998986E+000	-4.4785632121513430E-005
5.8049999999998985E+000	-4.4546886465268720E-005
5.8099999999998984E+000	-4.4282181384636132E-005
5.8149999999998983E+000	-4.3991824973943494E-005
5.8199999999998981E+000	-4.3676141535553548E-005
5.8249999999998980E+000	-4.3335472426853094E-005
5.8299999999998979E+000	-4.2970177700163426E-005
5.8349999999998978E+000	-4.2580976321149322E-005
5.8399999999998977E+000	-4.2168554095667332E-005
5.8449999999998976E+000	-4.1732651254511310E-005
5.8499999999998975E+000	-4.1274103140920282E-005
5.8549999999998974E+000	-4.0793982708953180E-005
5.8599999999998973E+000	-4.0291710274864556E-005
5.8649999999998972E+000	-3.9767608773999541E-005
5.8699999999998971E+000	-3.9222184024856332E-005
5.8749999999998970E+000	-3.8655966572154199E-005
5.8799999999998969E+000	-3.8069476743451958E-005
5.8849999999998968E+000	-3.7463234065504558E-005
5.8899999999998967E+000	-3.6837767450337289E-005
5.8949999999998965E+000	-3.6193618027646757E-005
5.8999999999998964E+000	-3.5531338337557727E-005
5.9049999999998963E+000	-3.4851491202858575E-005
5.9099999999998962E+000	-3.4154649126483250E-005
5.9149999999998961E+000	-3.3441393901822991E-005
5.9199999999998960E+000	-3.2712316170968592E-005
5.9249999999998959E+000	-3.1968014876593287E-005
5.9299999999998958E+000	-3.1209096689077676E-005
5.9349999999998957E+000	-3.0436175319392689E-005
5.9399999999998956E+000	-2.9649870939896239E-005
5.9449999999998955E+000	-2.8850809557945389E-005
5.9499999999998954E+000	-2.8039622405051645E-005
5.9549999999998953E+000	-2.7216945324037845E-005
5.9599999999998952E+000	-2.6383418175512929E-005
5.9649999999998951E+000	-2.5539684256559170E-005
5.9699999999998949E+000	-2.4686389731853886E-005
5.9749999999998948E+000	-2.3824183069343086E-005
5.9799999999998947E+000	-2.2953714498674671E-005
5.9849999999998946E+000	-2.2075635468632449E-005
5.9899999999998945E+000	-2.1190598120224280E-005
5.9949999999998944E+000	-2.0299254756994678E-005
5.9999999999998943E+000	-1.9402257340095375E-005
6.0049999999998942E+000	-1.8500256968478901E-005
6.0099999999998941E+000	-1.7593903375079378E-005
6.0149999999998940E+000	-1.6683844433984518E-005
6.0199999999998939E+000	-1.5770725658725837E-005
6.0249999999998938E+000	-1.4855189716556083E-005
6.0299999999998937E+000	-1.3937875950165157E-005
6.0349999999998936E+000	-1.3019419896176387E-005
6.0399999999998935E+000	-1.2100452815522189E-005
6.0449999999998933E+000	-1.1181601238363648E-005
6.0499999999998932E+000	-1.0263486505457386E-005

 
