Grouping:(8, 0) J686-3OrdInit
# x 	 y
0.0000000000000000E+000	-2.7139025033330219E-006
5.0000000000000001E-003	2.5295700575435212E-004
1.0000000000000000E-002	5.8829818880713530E-004
1.4999999999999999E-002	8.9417075979188914E-004
2.0000000000000000E-002	1.1709334031845052E-003
2.5000000000000001E-002	1.4197360299023788E-003
3.0000000000000002E-002	1.6414412847685323E-003
3.5000000000000003E-002	1.8367710015898034E-003
4.0000000000000001E-002	2.0063540832658093E-003
4.4999999999999998E-002	2.1507827926543978E-003
4.9999999999999996E-002	2.2706643357585849E-003
5.4999999999999993E-002	2.3666465836398938E-003
5.9999999999999991E-002	2.4394393151771472E-003
6.4999999999999988E-002	2.4898173352676592E-003
6.9999999999999993E-002	2.5133094242485382E-003
7.4999999999999997E-002	2.5242571442407793E-003
8.0000000000000002E-002	2.5141036270893043E-003
8.5000000000000006E-002	2.4848148433995179E-003
9.0000000000000011E-002	2.4378699787364405E-003
9.5000000000000015E-002	2.3745735106329266E-003
1.0000000000000002E-001	2.2962217170063182E-003
1.0500000000000002E-001	2.2041416786969209E-003
1.1000000000000003E-001	2.0996942922753762E-003
1.1500000000000003E-001	1.9843494326090851E-003
1.2000000000000004E-001	1.8594195461618995E-003
1.2500000000000003E-001	1.7263822501280798E-003
1.3000000000000003E-001	1.5866446049095304E-003
1.3500000000000004E-001	1.4415982068536465E-003
1.4000000000000004E-001	1.2926076262271670E-003
1.4500000000000005E-001	1.1410095537887906E-003
1.5000000000000005E-001	9.8810234294246461E-004
1.5500000000000005E-001	8.3513352109656851E-004
1.6000000000000006E-001	6.8329215304130083E-004
1.6500000000000006E-001	5.3370195647773277E-004
1.7000000000000007E-001	3.8741465114042011E-004
1.7500000000000007E-001	2.4540427550704601E-004
1.8000000000000008E-001	1.0842626729111620E-004
1.8500000000000008E-001	-2.2572370496852246E-005
1.9000000000000009E-001	-1.4688032531221578E-004
1.9500000000000009E-001	-2.6387320587790438E-004
2.0000000000000009E-001	-3.7435876807048887E-004
2.0500000000000010E-001	-4.7348402192608810E-004
2.1000000000000010E-001	-5.6501608531015716E-004
2.1500000000000011E-001	-6.4799926389654515E-004
2.2000000000000011E-001	-7.2207541569460003E-004
2.2500000000000012E-001	-7.8710949012965542E-004
2.3000000000000012E-001	-8.4308516061261970E-004
2.3500000000000013E-001	-8.9205140505672009E-004
2.4000000000000013E-001	-9.2891310177018697E-004
2.4500000000000013E-001	-9.5783203973319377E-004
2.5000000000000011E-001	-9.7863056491681480E-004
2.5500000000000012E-001	-9.9337776484101793E-004
2.6000000000000012E-001	-9.9794016436660399E-004
2.6500000000000012E-001	-9.9573129653338544E-004
2.7000000000000013E-001	-9.8698517030382021E-004
2.7500000000000013E-001	-9.7215530817619837E-004
2.8000000000000014E-001	-9.5465233003536141E-004
2.8500000000000014E-001	-9.2924881857530328E-004
2.9000000000000015E-001	-8.9884771304930920E-004
2.9500000000000015E-001	-8.6442802737244891E-004
3.0000000000000016E-001	-8.2661835539476320E-004
3.0500000000000016E-001	-7.8724140216245833E-004
3.1000000000000016E-001	-7.4469595329313852E-004
3.1500000000000017E-001	-6.9958976856718084E-004
3.2000000000000017E-001	-6.5497849615954961E-004
3.2500000000000018E-001	-6.0800226273091749E-004
3.3000000000000018E-001	-5.6000227637027788E-004
3.3500000000000019E-001	-5.1194563659859597E-004
3.4000000000000019E-001	-4.6437694289626840E-004
3.4500000000000020E-001	-4.1765363808318778E-004
3.5000000000000020E-001	-3.7208739205811590E-004
3.5500000000000020E-001	-3.2796433395775488E-004
3.6000000000000021E-001	-2.8553829947639247E-004
3.6500000000000021E-001	-2.4503099295650020E-004
3.7000000000000022E-001	-2.0662882424511906E-004
3.7500000000000022E-001	-1.7048560685233835E-004
3.8000000000000023E-001	-1.3672307490399048E-004
3.8500000000000023E-001	-1.0546074878290608E-004
3.9000000000000024E-001	-7.6743973213248617E-005
3.9500000000000024E-001	-5.0610961620286490E-005
4.0000000000000024E-001	-2.6931161692058536E-005
4.0500000000000025E-001	-5.7447957028722105E-006
4.1000000000000025E-001	2.0202726656752228E-008
4.1500000000000026E-001	1.9620748157350832E-005
4.2000000000000026E-001	2.8952103417821131E-005
4.2500000000000027E-001	4.4208045146962450E-005
4.3000000000000027E-001	5.5056208133170844E-005
4.3500000000000028E-001	5.8683921644480522E-005
4.4000000000000028E-001	6.8784046946094037E-005
4.4500000000000028E-001	7.4470405293814782E-005
4.5000000000000029E-001	7.2421414693140074E-005
4.5500000000000029E-001	7.7876168725281493E-005
4.6000000000000030E-001	7.9327188636608851E-005
4.6500000000000030E-001	7.9599720920243283E-005
4.7000000000000031E-001	7.9443800173817171E-005
4.7500000000000031E-001	7.8583728989229756E-005
4.8000000000000032E-001	7.7158743336723265E-005
4.8500000000000032E-001	7.5350482187919152E-005
4.9000000000000032E-001	7.3260007413611812E-005
4.9500000000000033E-001	6.7557793648954638E-005
5.0000000000000033E-001	7.0125908634328907E-005
5.0500000000000034E-001	7.1984252509467621E-005
5.1000000000000034E-001	7.0600420000037294E-005
5.1500000000000035E-001	6.9289945590354139E-005
5.2000000000000035E-001	6.8211622498874538E-005
5.2500000000000036E-001	6.2443029133034376E-005
5.3000000000000036E-001	6.5516872715876319E-005
5.3500000000000036E-001	6.5217973263453943E-005
5.4000000000000037E-001	6.4952960400576880E-005
5.4500000000000037E-001	5.8371427387513794E-005
5.5000000000000038E-001	6.0845337040367408E-005
5.5500000000000038E-001	6.0531664536801272E-005
5.6000000000000039E-001	5.9458622505218717E-005
5.6500000000000039E-001	5.5793704611846902E-005
5.7000000000000040E-001	5.7305891667599939E-005
5.7500000000000040E-001	5.6260882153321359E-005
5.8000000000000040E-001	5.5459067553185138E-005
5.8500000000000041E-001	5.5043722507231426E-005
5.9000000000000041E-001	5.5066374579819024E-005
5.9500000000000042E-001	5.5548812727049164E-005
6.0000000000000042E-001	5.6495578484830676E-005
6.0500000000000043E-001	5.2545683981586232E-005
6.1000000000000043E-001	5.6646535631071614E-005
6.1500000000000044E-001	5.5476335214707590E-005
6.2000000000000044E-001	6.0872741959391505E-005
6.2500000000000044E-001	6.5444953371038289E-005
6.3000000000000045E-001	6.9738907586476014E-005
6.3500000000000045E-001	7.3989532868663961E-005
6.4000000000000046E-001	7.8352219735381120E-005
6.4500000000000046E-001	8.2802202583075855E-005
6.5000000000000047E-001	8.7330479183043796E-005
6.5500000000000047E-001	9.1905610381177468E-005
6.6000000000000048E-001	9.6503194028484639E-005
6.6500000000000048E-001	1.0107799721028925E-004
6.7000000000000048E-001	1.0558015556450464E-004
6.7500000000000049E-001	1.0995816626460856E-004
6.8000000000000049E-001	1.1415976654319406E-004
6.8500000000000050E-001	1.1813275461533981E-004
6.9000000000000050E-001	1.2182602015405909E-004
6.9500000000000051E-001	1.2519058698251111E-004
7.0000000000000051E-001	1.2818045155386061E-004
7.0500000000000052E-001	1.3075340493532423E-004
7.1000000000000052E-001	1.3287571736424501E-004
7.1500000000000052E-001	1.3451673136855822E-004
7.2000000000000053E-001	1.3563327771857155E-004
7.2500000000000053E-001	1.3621729745438903E-004
7.3000000000000054E-001	1.3626916882144245E-004
7.3500000000000054E-001	1.3578762230648979E-004
7.4000000000000055E-001	1.3486596061903814E-004
7.4500000000000055E-001	1.3341433069056054E-004
7.5000000000000056E-001	1.3143314083401158E-004
7.5500000000000056E-001	1.1908729105862180E-004
7.6000000000000056E-001	1.2238056431131448E-004
7.6500000000000057E-001	1.2000922480217715E-004
7.7000000000000057E-001	1.1638177339247770E-004
7.7500000000000058E-001	9.8148145463035940E-005
7.8000000000000058E-001	9.2258749156558901E-005
7.8500000000000059E-001	8.6332872084368301E-005
7.9000000000000059E-001	8.8986623781584076E-005
7.9500000000000060E-001	8.5213803873701477E-005
8.0000000000000060E-001	7.9819406914149012E-005
8.0500000000000060E-001	7.3952094435924466E-005
8.1000000000000061E-001	6.7952583917924378E-005
8.1500000000000061E-001	6.1952440893325584E-005
8.2000000000000062E-001	5.6024255328387506E-005
8.2500000000000062E-001	5.0222321807373922E-005
8.3000000000000063E-001	4.4594235138748676E-005
8.3500000000000063E-001	3.9184033583440346E-005
8.4000000000000064E-001	3.4032378709641414E-005
8.4500000000000064E-001	2.9173509205419949E-005
8.5000000000000064E-001	2.4636493319602537E-005
8.5500000000000065E-001	2.0428378210539606E-005
8.6000000000000065E-001	1.6569652108784316E-005
8.6500000000000066E-001	1.3060646204654943E-005
8.7000000000000066E-001	-3.4416298869694386E-007
8.7500000000000067E-001	2.2715517108242265E-006
8.8000000000000067E-001	1.2859374258476970E-006
8.8500000000000068E-001	-2.2335187819592631E-008
8.9000000000000068E-001	-9.8468750396141432E-007
8.9500000000000068E-001	-1.5150305626452208E-006
9.0000000000000069E-001	-1.8874023767187982E-006
9.0500000000000069E-001	-1.9807477617770726E-006
9.1000000000000070E-001	-1.8497652426539920E-006
9.1500000000000070E-001	-1.5495726296833475E-006
9.2000000000000071E-001	-1.1324359851715377E-006
9.2500000000000071E-001	-6.4849555394343946E-007
9.3000000000000071E-001	-1.4658525408982661E-007
9.3500000000000072E-001	3.0922834526525774E-007
9.4000000000000072E-001	7.0171519503676986E-007
9.4500000000000073E-001	9.9498580810193510E-007
9.5000000000000073E-001	1.1604524074161600E-006
9.5500000000000074E-001	1.1675613135514996E-006
9.6000000000000074E-001	9.9153048397421081E-007
9.6500000000000075E-001	6.1874934170322046E-007
9.7000000000000075E-001	4.2594631585904816E-008
9.7500000000000075E-001	-7.3842325525634295E-007
9.8000000000000076E-001	-1.7211570749897860E-006
9.8500000000000076E-001	-2.8981259414664668E-006
9.9000000000000077E-001	-4.2577583194436219E-006
9.9500000000000077E-001	-5.7847567380642598E-006
1.0000000000000007E+000	-7.4606020351332604E-006
1.0050000000000006E+000	-9.2641325936470535E-006
1.0100000000000005E+000	-1.1172087121237734E-005
1.0150000000000003E+000	-1.3159883812211883E-005
1.0200000000000002E+000	-1.5201813637229623E-005
1.0250000000000001E+000	-1.7271334465043881E-005
1.0300000000000000E+000	-1.9339613570080108E-005
1.0349999999999999E+000	-2.1377886134344307E-005
1.0399999999999998E+000	-2.3358393388444902E-005
1.0449999999999997E+000	-2.5255579291492743E-005
1.0499999999999996E+000	-2.7046419452785088E-005
1.0549999999999995E+000	-2.8710439836199080E-005
1.0599999999999994E+000	-6.9460359507861945E-005
1.0649999999999993E+000	-5.4657002710407381E-005
1.0699999999999992E+000	-5.0238535870991355E-005
1.0749999999999991E+000	-6.6144859510044269E-005
1.0799999999999990E+000	-4.8647169019070905E-005
1.0849999999999989E+000	-4.2641439395453745E-005
1.0899999999999987E+000	-3.8928087915353482E-005
1.0949999999999986E+000	-3.6075459518735742E-005
1.0999999999999985E+000	-3.3871597016275502E-005
1.1049999999999984E+000	-3.2125382601961223E-005
1.1099999999999983E+000	-3.0715684517849114E-005
1.1149999999999982E+000	-2.9553995115602218E-005
1.1199999999999981E+000	-2.8580107452259453E-005
1.1249999999999980E+000	-2.7747163945472250E-005
1.1299999999999979E+000	-2.7020925081999097E-005
1.1349999999999978E+000	-2.6374902643448073E-005
1.1399999999999977E+000	-2.5788411805660215E-005
1.1449999999999976E+000	-2.5245553868862585E-005
1.1499999999999975E+000	-2.4734168011905072E-005
1.1549999999999974E+000	-2.4246765534181427E-005
1.1599999999999973E+000	-2.3776887449142524E-005
1.1649999999999971E+000	-2.3321977160423695E-005
1.1699999999999970E+000	-2.2882507984769404E-005
1.1749999999999969E+000	-2.2457174845341881E-005
1.1799999999999968E+000	-2.2042647023678155E-005
1.1849999999999967E+000	-2.1636305381334628E-005
1.1899999999999966E+000	-2.1232286010366652E-005
1.1949999999999965E+000	-2.0825088735330961E-005
1.1999999999999964E+000	-2.0411284303794169E-005
1.2049999999999963E+000	-1.9991977279047457E-005
1.2099999999999962E+000	-1.9574916089895825E-005
1.2149999999999961E+000	-1.9166507653882143E-005
1.2199999999999960E+000	-1.8772224293364134E-005
1.2249999999999959E+000	-1.8392350149540787E-005
1.2299999999999958E+000	-1.8026966618293074E-005
1.2349999999999957E+000	-1.7677123017942177E-005
1.2399999999999956E+000	-1.7343662342124462E-005
1.2449999999999954E+000	-1.7027349732535698E-005
1.2499999999999953E+000	-1.6728913405186620E-005
1.2549999999999952E+000	-1.6449159060121853E-005
1.2599999999999951E+000	-1.6189089982173941E-005
1.2649999999999950E+000	-1.5949902149961637E-005
1.2699999999999949E+000	-1.5733081324279064E-005
1.2749999999999948E+000	-1.5540409047462877E-005
1.2799999999999947E+000	-1.5374009097487783E-005
1.2849999999999946E+000	-1.5236408272647089E-005
1.2899999999999945E+000	-1.5130448252350813E-005
1.2949999999999944E+000	-1.5063217377765429E-005
1.2999999999999943E+000	-1.5035480545412704E-005
1.3049999999999942E+000	-1.5049850880700902E-005
1.3099999999999941E+000	-1.5107651601419497E-005
1.3149999999999940E+000	-1.5210917084094661E-005
1.3199999999999938E+000	-1.5363770148953825E-005
1.3249999999999937E+000	-1.5431312454859131E-005
1.3299999999999936E+000	-1.5564653683165318E-005
1.3349999999999935E+000	-1.5764590882090781E-005
1.3399999999999934E+000	-5.8970443992770317E-005
1.3449999999999933E+000	-4.2984617880551283E-005
1.3499999999999932E+000	-3.6573850909858996E-005
1.3549999999999931E+000	-4.7959806426881008E-005
1.3599999999999930E+000	-3.3572768722370992E-005
1.3649999999999929E+000	-2.7340222486675187E-005
1.3699999999999928E+000	-2.2823816708232647E-005
1.3749999999999927E+000	-1.9166344658346658E-005
1.3799999999999926E+000	-1.6177566182516348E-005
1.3849999999999925E+000	-1.3779600035105502E-005
1.3899999999999924E+000	-1.1921294498669286E-005
1.3949999999999922E+000	-1.0560266367501883E-005
1.3999999999999921E+000	-9.6568595668697003E-006
1.4049999999999920E+000	-9.1711619387785547E-006
1.4099999999999919E+000	-9.0627626324433030E-006
1.4149999999999918E+000	-9.2912694199531878E-006
1.4199999999999917E+000	-9.8167214251837474E-006
1.4249999999999916E+000	-1.0599924345653660E-005
1.4299999999999915E+000	-1.1602699758799896E-005
1.4349999999999914E+000	-1.2788047005183568E-005
1.4399999999999913E+000	-1.4120262029692542E-005
1.4449999999999912E+000	-1.5565038215824735E-005
1.4499999999999911E+000	-1.7089565266986056E-005
1.4549999999999910E+000	-1.8662633195749209E-005
1.4599999999999909E+000	-2.0254742395023186E-005
1.4649999999999908E+000	-2.1838218445787151E-005
1.4699999999999906E+000	-2.3387329335284970E-005
1.4749999999999905E+000	-2.4878402233753081E-005
1.4799999999999904E+000	-2.6289936521904113E-005
1.4849999999999903E+000	-2.7602709269319608E-005
1.4899999999999902E+000	-2.8800073381973070E-005
1.4949999999999901E+000	-2.9867397680759200E-005
1.4999999999999900E+000	-3.0769795198749211E-005
1.5049999999999899E+000	-3.1525472759180016E-005
1.5099999999999898E+000	-3.2128678229753692E-005
1.5149999999999897E+000	-3.2573945136484763E-005
1.5199999999999896E+000	-3.2858355892649880E-005
1.5249999999999895E+000	-3.2981917884295082E-005
1.5299999999999894E+000	-3.2947286372183225E-005
1.5349999999999893E+000	-3.2759317949773507E-005
1.5399999999999892E+000	-3.2424730510593029E-005
1.5449999999999890E+000	-3.2173240181858667E-005
1.5499999999999889E+000	-3.1795069739797917E-005
1.5549999999999888E+000	-3.1294520311170182E-005
1.5599999999999887E+000	-3.0720511139320306E-005
1.5649999999999886E+000	-3.0003731391591301E-005
1.5699999999999885E+000	-2.9156378246705201E-005
1.5749999999999884E+000	-2.8201715615762631E-005
1.5799999999999883E+000	-3.4672876747798381E-005
1.5849999999999882E+000	-2.9537782145168909E-005
1.5899999999999881E+000	-2.6097772074590666E-005
1.5949999999999880E+000	-2.3536924358229540E-005
1.5999999999999879E+000	-2.1380125173790412E-005
1.6049999999999878E+000	-1.9506071873293598E-005
1.6099999999999877E+000	-1.7804217191162327E-005
1.6149999999999876E+000	-1.6238258935591111E-005
1.6199999999999875E+000	-1.4786430527550827E-005
1.6249999999999873E+000	-1.3472844085622203E-005
1.6299999999999872E+000	-1.2296387342230881E-005
1.6349999999999871E+000	-1.1231581403023220E-005
1.6399999999999870E+000	-1.0310227658430681E-005
1.6449999999999869E+000	-9.5411458336658786E-006
1.6499999999999868E+000	-8.9197633168158359E-006
1.6549999999999867E+000	-8.4384985458128678E-006
1.6599999999999866E+000	-8.0901538918627697E-006
1.6649999999999865E+000	-7.8684195248325724E-006
1.6699999999999864E+000	-7.7674643766156372E-006
1.6749999999999863E+000	-7.7814999794208619E-006
1.6799999999999862E+000	-7.9046097503923733E-006
1.6849999999999861E+000	-8.1305808629562282E-006
1.6899999999999860E+000	-1.7540334353395036E-005
1.6949999999999859E+000	-1.8150438558722938E-005
1.6999999999999857E+000	-1.0316818025050171E-005
1.7049999999999856E+000	-2.4735212326704368E-005
1.7099999999999855E+000	-1.6809968325230649E-005
1.7149999999999854E+000	-1.4752119822155348E-005
1.7199999999999853E+000	-1.3905306128953053E-005
1.7249999999999852E+000	-1.3426754168964354E-005
1.7299999999999851E+000	-1.3125730529130912E-005
1.7349999999999850E+000	-2.6525647069436601E-005
1.7399999999999849E+000	-1.6469899950513177E-005
1.7449999999999848E+000	-1.3986109253341028E-005
1.7499999999999847E+000	-1.3065512786089760E-005
1.7549999999999846E+000	-1.2677244235295143E-005
1.7599999999999845E+000	-1.2567511798984005E-005
1.7649999999999844E+000	-1.2643702733226916E-005
1.7699999999999843E+000	-1.2858527261348798E-005
1.7749999999999841E+000	-1.3180972693651082E-005
1.7799999999999840E+000	-1.3587896205541523E-005
1.7849999999999839E+000	-1.4056617110081761E-005
1.7899999999999838E+000	-1.4641808239280034E-005
1.7949999999999837E+000	-1.5274790250446346E-005
1.7999999999999836E+000	-1.5939983690753481E-005
1.8049999999999835E+000	-1.6637569395166267E-005
1.8099999999999834E+000	-1.7334341124915056E-005
1.8149999999999833E+000	-1.8031312140861736E-005
1.8199999999999832E+000	-1.8737229509433851E-005
1.8249999999999831E+000	-1.9453079224021079E-005
1.8299999999999830E+000	-2.0171730208330194E-005
1.8349999999999829E+000	-2.0882230317459367E-005
1.8349999999999829E+000	-3.5941566312838780E-005
1.8399999999999828E+000	-3.1954047241157064E-005
1.8449999999999827E+000	-2.9918968353205409E-005
1.8499999999999825E+000	-2.8630618930455663E-005
1.8549999999999824E+000	-2.7730252954953408E-005
1.8599999999999823E+000	-2.7052848315856852E-005
1.8649999999999822E+000	-2.6506210524726446E-005
1.8699999999999821E+000	-2.6037323220243422E-005
1.8749999999999820E+000	-2.5614743288793903E-005
1.8799999999999819E+000	-2.5220404734837356E-005
1.8849999999999818E+000	-2.4841632085058680E-005
1.8899999999999817E+000	-2.4466636436190237E-005
1.8949999999999816E+000	-2.4086226153896804E-005
1.8999999999999815E+000	-2.3693507171403397E-005
1.9049999999999814E+000	-2.3283339415940504E-005
1.9099999999999813E+000	-2.2852024616299370E-005
1.9149999999999812E+000	-2.2398550936267234E-005
1.9199999999999811E+000	-2.1922317146800701E-005
1.9249999999999809E+000	-2.1422936840259665E-005
1.9299999999999808E+000	-2.0903335215728236E-005
1.9349999999999807E+000	-2.0315030903460480E-005
1.9399999999999806E+000	-1.9677781918527340E-005
1.9449999999999805E+000	-1.9021745401768900E-005
1.9499999999999804E+000	-1.8350469826324213E-005
1.9549999999999803E+000	-1.7667377491265455E-005
1.9599999999999802E+000	-1.6974774270463591E-005
1.9649999999999801E+000	-1.6290172203358654E-005
1.9699999999999800E+000	-1.5603447758410230E-005
1.9749999999999799E+000	-3.9780231036021635E-005
1.9799999999999798E+000	-2.9760897115028409E-005
1.9849999999999797E+000	-2.3827619864945201E-005
1.9899999999999796E+000	-1.9499412072563254E-005
1.9949999999999795E+000	-1.6187946381093100E-005
1.9999999999999793E+000	-3.2027292394154079E-005
2.0049999999999795E+000	-2.2220565960548741E-005
2.0099999999999794E+000	-2.7563245480392768E-005
2.0149999999999793E+000	-1.8826493263614442E-005
2.0199999999999791E+000	-1.3171580933526707E-005
2.0249999999999790E+000	-8.8886061142605294E-006
2.0299999999999789E+000	-5.6219908844391299E-006
2.0349999999999788E+000	-3.0916371530709519E-006
2.0399999999999787E+000	-1.1010681746552703E-006
2.0449999999999786E+000	4.7786968133690051E-007
2.0499999999999785E+000	1.7288573029314582E-006
2.0549999999999784E+000	2.7091779348400225E-006
2.0599999999999783E+000	3.4603629393924493E-006
2.0649999999999782E+000	4.0148011111852541E-006
2.0699999999999781E+000	4.3978519502034305E-006
2.0749999999999780E+000	4.6306332135552100E-006
2.0799999999999779E+000	4.7312683863572372E-006
2.0849999999999778E+000	4.7157395965408954E-006
2.0899999999999777E+000	4.5983764255858023E-006
2.0949999999999775E+000	4.3921710832832541E-006
2.0999999999999774E+000	4.1090413530937102E-006
2.1049999999999773E+000	3.7600326754555886E-006
2.1099999999999772E+000	3.3555360074499737E-006
2.1149999999999771E+000	2.9053238038792215E-006
2.1199999999999770E+000	2.4186160047013073E-006
2.1249999999999769E+000	1.9040514362055094E-006
2.1299999999999768E+000	1.3697853822604121E-006
2.1349999999999767E+000	8.2347835687015756E-007
2.1399999999999766E+000	2.7222975182387056E-007
2.1449999999999765E+000	-2.7740020206864347E-007
2.1499999999999764E+000	-8.1924365186977841E-007
2.1549999999999763E+000	-1.3479572180027028E-006
2.1599999999999762E+000	-2.0101579004543019E-006
2.1649999999999761E+000	-2.6493914548381341E-006
2.1699999999999759E+000	-3.2605857974701179E-006
2.1749999999999758E+000	-3.8389384025617700E-006
2.1799999999999757E+000	-4.3805283754179345E-006
2.1849999999999756E+000	-4.8827869688426481E-006
2.1899999999999755E+000	-1.6367850206098159E-005
2.1949999999999754E+000	-1.3982714194065903E-005
2.1999999999999753E+000	-1.7734580338792569E-005
2.2049999999999752E+000	-1.4698289797582977E-005
2.2099999999999751E+000	-1.2517173144389113E-005
2.2149999999999750E+000	-1.0955437183585233E-005
2.2199999999999749E+000	-9.8714259471680084E-006
2.2249999999999748E+000	-9.0693817524782388E-006
2.2299999999999747E+000	-8.4244911566812788E-006
2.2349999999999746E+000	-7.8686239153006967E-006
2.2399999999999745E+000	-7.3652024173762165E-006
2.2449999999999743E+000	-6.8937120858087067E-006
2.2499999999999742E+000	-6.4419317758302200E-006
2.2549999999999741E+000	-6.0033298411991585E-006
2.2599999999999740E+000	-5.5742940127532961E-006
2.2649999999999739E+000	-1.3105740083892417E-005
2.2699999999999738E+000	-1.2388524815171570E-005
2.2749999999999737E+000	-8.2464628569677450E-006
2.2799999999999736E+000	-5.6951047126807986E-006
2.2849999999999735E+000	-3.8710630016940470E-006
2.2899999999999734E+000	-2.6250622881456724E-006
2.2949999999999733E+000	-1.7607033636390012E-006
2.2999999999999732E+000	-1.1453014394594335E-006
2.3049999999999731E+000	-7.0287203431381730E-007
2.3099999999999730E+000	-3.9044621316696097E-007
2.3149999999999729E+000	-1.7808378788113369E-007
2.3199999999999728E+000	-3.9763488720491572E-008
2.3249999999999726E+000	3.9264611427353572E-008
2.3299999999999725E+000	6.8451908710380520E-008
2.3349999999999724E+000	5.7513084107201443E-008
2.3399999999999723E+000	1.1569862407354039E-008
2.3449999999999722E+000	-5.9898012241279349E-008
2.3499999999999721E+000	-1.4893158518843963E-007
2.3549999999999720E+000	-2.4803441939065109E-007
2.3599999999999719E+000	-3.5428387560913262E-007
2.3649999999999718E+000	-4.6735095924003362E-007
2.3699999999999717E+000	-5.8539132017172386E-007
2.3749999999999716E+000	-7.0948067436966427E-007
2.3799999999999715E+000	-8.3619098868390262E-007
2.3849999999999714E+000	-9.6007685150325056E-007
2.3899999999999713E+000	-1.0810990448649064E-006
2.3949999999999712E+000	-1.2009514323131875E-006
2.3999999999999710E+000	-1.3194785499872659E-006
2.4049999999999709E+000	-1.4389603748140306E-006
2.4099999999999708E+000	-1.5538741649614948E-006
2.4149999999999707E+000	-1.0331155576824696E-005
2.4199999999999706E+000	-7.2613176961707026E-006
2.4249999999999705E+000	-5.2200105353343355E-006
2.4299999999999704E+000	-3.8822760394356291E-006
2.4349999999999703E+000	-3.1088083324993017E-006
2.4399999999999702E+000	-2.6865633924185842E-006
2.4449999999999701E+000	-2.4649350762235804E-006
2.4499999999999700E+000	-2.3551964384245015E-006
2.4549999999999699E+000	-2.3079191926816537E-006
2.4599999999999698E+000	-2.2969623263364213E-006
2.4649999999999697E+000	-2.0148293741389483E-006
2.4699999999999696E+000	-1.7273952920236642E-006
2.4749999999999694E+000	-1.4783995912848568E-006
2.4799999999999693E+000	-1.2856193719134436E-006
2.4849999999999692E+000	-1.1451977754653723E-006
2.4899999999999691E+000	-7.6280969891817867E-006
2.4949999999999690E+000	-4.7920042602798053E-006
2.4999999999999689E+000	-2.8629465091570820E-006
2.5049999999999688E+000	-1.4197464633810530E-006
2.5099999999999687E+000	-5.0177297894127630E-007
2.5149999999999686E+000	4.4361034070786120E-008
2.5199999999999685E+000	3.5225948554428621E-007
2.5249999999999684E+000	-6.3842823334210255E-006
2.5299999999999683E+000	-5.8217120229699530E-006
2.5349999999999682E+000	-3.7116956868671908E-006
2.5399999999999681E+000	-1.5975508519168343E-006
2.5449999999999680E+000	-2.7061451942211606E-008
2.5499999999999678E+000	9.1758280702878452E-007
2.5549999999999677E+000	1.4118235957047288E-006
2.5599999999999676E+000	1.6027200915550881E-006
2.5649999999999675E+000	1.5851077832435523E-006
2.5699999999999674E+000	1.4200555184598605E-006
2.5749999999999673E+000	1.1519152853986633E-006
2.5799999999999672E+000	8.1287063292485512E-007
2.5849999999999671E+000	4.2887175592284516E-007
2.5899999999999670E+000	2.1425091259751703E-008
2.5949999999999669E+000	-3.9143531978119210E-007
2.5999999999999668E+000	-7.9473999849098246E-007
2.6049999999999667E+000	-1.1762210440106366E-006
2.6099999999999666E+000	-1.5260701472911535E-006
2.6149999999999665E+000	-1.8366987672899614E-006
2.6199999999999664E+000	-2.1048684794297045E-006
2.6249999999999662E+000	-2.3249220655018131E-006
2.6299999999999661E+000	-2.4927516965005763E-006
2.6349999999999660E+000	-2.6085533338321632E-006
2.6399999999999659E+000	-2.6724269287668751E-006
2.6449999999999658E+000	-2.6876673237727556E-006
2.6499999999999657E+000	-2.6539633119350409E-006
2.6549999999999656E+000	-2.5719919500231260E-006
2.6599999999999655E+000	-2.4457884091515513E-006
2.6649999999999654E+000	-2.2813764723800015E-006
2.6699999999999653E+000	-2.0795852690976894E-006
2.6749999999999652E+000	-1.8427502284492968E-006
2.6799999999999651E+000	-1.5760323619928209E-006
2.6849999999999650E+000	-1.2863053950697647E-006
2.6899999999999649E+000	-9.7480570044196940E-007
2.6949999999999648E+000	-6.4422831844255315E-007
2.6999999999999647E+000	-3.0251594128982739E-007
2.7049999999999645E+000	4.9340579294131337E-008
2.7099999999999644E+000	4.0901600418552314E-007
2.7149999999999643E+000	-9.3410870995798755E-006
2.7199999999999642E+000	-7.9090607940051839E-006
2.7249999999999641E+000	-2.9374442659512887E-006
2.7299999999999640E+000	6.1130490790569653E-007
2.7349999999999639E+000	3.0451047900065066E-006
2.7399999999999638E+000	4.6848918762127217E-006
2.7449999999999637E+000	-7.9701209962136840E-006
2.7499999999999636E+000	-2.2297178978935889E-006
2.7549999999999635E+000	1.6907586092978613E-006
2.7599999999999634E+000	4.3254874513824310E-006
2.7649999999999633E+000	6.1279762760629917E-006
2.7699999999999632E+000	7.3791575805743183E-006
2.7749999999999631E+000	8.2773966768245552E-006
2.7799999999999629E+000	8.9275746500556332E-006
2.7849999999999628E+000	9.3598446393882803E-006
2.7899999999999627E+000	9.6381330690551864E-006
2.7949999999999626E+000	9.7920137341087163E-006
2.7999999999999625E+000	9.8550462724029825E-006
2.8049999999999624E+000	9.8528935547567929E-006
2.8099999999999623E+000	9.7845170144097083E-006
2.8149999999999622E+000	9.6585880107070045E-006
2.8199999999999621E+000	9.4938303671132621E-006
2.8249999999999620E+000	9.3035496670258716E-006
2.8299999999999619E+000	9.0899185025924712E-006
2.8349999999999618E+000	8.8630763503481355E-006
2.8399999999999617E+000	8.6289399165762018E-006
2.8449999999999616E+000	8.3935703874528025E-006
2.8499999999999615E+000	8.1605720536942651E-006
2.8549999999999613E+000	7.9328302239770039E-006
2.8599999999999612E+000	7.7131071762620081E-006
2.8649999999999611E+000	7.5013518171970884E-006
2.8699999999999610E+000	7.3018822343502829E-006
2.8749999999999609E+000	7.1177520982113656E-006
2.8799999999999608E+000	6.9495566339897708E-006
2.8849999999999607E+000	6.7981739539528090E-006
2.8899999999999606E+000	6.6644830023687510E-006
2.8949999999999605E+000	6.5491090331263491E-006
2.8999999999999604E+000	6.4524088384056249E-006
2.9049999999999603E+000	6.3745096140161369E-006
2.9099999999999602E+000	6.3153383940993024E-006
2.9149999999999601E+000	6.2765598573177015E-006
2.9199999999999600E+000	6.2555640009437850E-006
2.9249999999999599E+000	6.2515737076171186E-006
2.9299999999999597E+000	6.2640302311945590E-006
2.9349999999999596E+000	6.2921673495893068E-006
2.9399999999999595E+000	6.3350218870353482E-006
2.9449999999999594E+000	6.3914998647495200E-006
2.9499999999999593E+000	6.4604098476190717E-006
2.9549999999999592E+000	6.5404827180494037E-006
2.9599999999999591E+000	6.6303860567279370E-006
2.9649999999999590E+000	6.7287369547949883E-006
2.9699999999999589E+000	6.8341146269242170E-006
2.9749999999999588E+000	6.9450729620838298E-006
2.9799999999999587E+000	7.0641377534217257E-006
2.9849999999999586E+000	7.1856439090935567E-006
2.9899999999999585E+000	7.3384675111078084E-006
2.9949999999999584E+000	7.4912125846322147E-006
2.9999999999999583E+000	7.6339500920482918E-006
3.0049999999999581E+000	7.7611180058324183E-006
3.0099999999999580E+000	7.8714040528731262E-006
3.0149999999999579E+000	7.9649754314217871E-006
3.0199999999999578E+000	8.0423899383169453E-006
3.0249999999999577E+000	8.1043636351892028E-006
3.0299999999999576E+000	8.1517221495744366E-006
3.0349999999999575E+000	8.2598014225952841E-006
3.0399999999999574E+000	8.3608365237603104E-006
3.0449999999999573E+000	8.4506726260837460E-006
3.0499999999999572E+000	8.5294657987741373E-006
3.0549999999999571E+000	8.5972887162679910E-006
3.0599999999999570E+000	8.6539803691262544E-006
3.0649999999999569E+000	8.6992238540608788E-006
3.0699999999999568E+000	8.7326420479298183E-006
3.0749999999999567E+000	8.7541535250192216E-006
3.0799999999999566E+000	8.7631127741298688E-006
3.0849999999999564E+000	8.7592119265603311E-006
3.0899999999999563E+000	8.7422321716661480E-006
3.0949999999999562E+000	8.7120376572001364E-006
3.0999999999999561E+000	8.6685889062313167E-006
3.1049999999999560E+000	-3.6770827735324127E-006
3.1099999999999559E+000	-4.3950433964153279E-006
3.1149999999999558E+000	2.6036344184181824E-006
3.1199999999999557E+000	4.3630260697380613E-006
3.1249999999999556E+000	5.0300821474880969E-006
3.1299999999999555E+000	5.4004474286026983E-006
3.1349999999999554E+000	5.6691624630164102E-006
3.1399999999999553E+000	5.8920518450166853E-006
3.1449999999999552E+000	6.0840119488785242E-006
3.1499999999999551E+000	6.2463775155794483E-006
3.1549999999999550E+000	6.3760954806325891E-006
3.1599999999999548E+000	6.4693442884064333E-006
3.1649999999999547E+000	6.5221681333375514E-006
3.1699999999999546E+000	-8.1034380840575727E-006
3.1749999999999545E+000	1.1203968694799540E-007
3.1799999999999544E+000	-8.9793239875879718E-006
3.1849999999999543E+000	-6.8615114468583750E-007
3.1899999999999542E+000	1.9052850327861295E-006
3.1949999999999541E+000	-5.9834087618927398E-006
3.1999999999999540E+000	2.7030295869575459E-006
3.2049999999999539E+000	5.5274330916390725E-006
3.2099999999999538E+000	6.6138750160022111E-006
3.2149999999999537E+000	7.0735719840740869E-006
3.2199999999999536E+000	7.2446044182775869E-006
3.2249999999999535E+000	7.2484030762684083E-006
3.2299999999999534E+000	7.1356712264634208E-006
3.2349999999999532E+000	6.9311507620974805E-006
3.2399999999999531E+000	6.6496582233718066E-006
3.2449999999999530E+000	6.3023933856505078E-006
3.2499999999999529E+000	5.8994633892573871E-006
3.2549999999999528E+000	5.4507141161942841E-006
3.2599999999999527E+000	4.9659692613688673E-006
3.2649999999999526E+000	4.4549109226013815E-006
3.2699999999999525E+000	3.9268899457073317E-006
3.2749999999999524E+000	3.3907322200112761E-006
3.2799999999999523E+000	2.8546189137711710E-006
3.2849999999999522E+000	2.3260316335168025E-006
3.2899999999999521E+000	1.8117169141200615E-006
3.2949999999999520E+000	1.3176904546752197E-006
3.2999999999999519E+000	8.4922390949233152E-007
3.3049999999999518E+000	4.1085432977371741E-007
3.3099999999999516E+000	6.4223761781184965E-009
3.3149999999999515E+000	-3.6090104204583113E-007
3.3199999999999514E+000	-6.8859093926784031E-007
3.3249999999999513E+000	-9.7477113654911164E-007
3.3299999999999512E+000	-1.2181820560643050E-006
3.3349999999999511E+000	-1.4181169648998200E-006
3.3399999999999510E+000	-1.5744842952741918E-006
3.3449999999999509E+000	-1.6877894813564887E-006
3.3499999999999508E+000	-1.7592360981472985E-006
3.3549999999999507E+000	-1.7904480182474329E-006
3.3599999999999506E+000	-1.7833055218532264E-006
3.3649999999999505E+000	-1.7399399563086818E-006
3.3699999999999504E+000	-1.6628053516761494E-006
3.3749999999999503E+000	-1.5545841512907654E-006
3.3799999999999502E+000	-1.4182157395154283E-006
3.3849999999999500E+000	-1.2567717470480008E-006
3.3899999999999499E+000	-1.0733917733041355E-006
3.3949999999999498E+000	-8.7120232894551058E-007
3.3999999999999497E+000	-6.5342812312223174E-007
3.4049999999999496E+000	-4.2347180518921583E-007
3.4099999999999495E+000	-1.8478399861050923E-007
3.4149999999999494E+000	5.9246988026626895E-008
3.4199999999999493E+000	3.0552683150496039E-007
3.4249999999999492E+000	5.5097887696640628E-007
3.4299999999999491E+000	7.9257110051704789E-007
3.4349999999999490E+000	1.0273388827760970E-006
3.4399999999999489E+000	1.2522617132157852E-006
3.4449999999999488E+000	1.4646313849619004E-006
3.4499999999999487E+000	1.6623295438595202E-006
3.4549999999999486E+000	1.8432637346342379E-006
3.4599999999999485E+000	2.0053560211113682E-006
3.4649999999999483E+000	2.1463662648897648E-006
3.4699999999999482E+000	2.2636650242975841E-006
3.4749999999999481E+000	2.3550956645695586E-006
3.4799999999999480E+000	2.4210665285560781E-006
3.4849999999999479E+000	2.4611400263667769E-006
3.4899999999999478E+000	2.4750596348682682E-006
3.4949999999999477E+000	2.4632754351321385E-006
3.4999999999999476E+000	2.4263648135396412E-006
3.5049999999999475E+000	2.3648885086795985E-006
3.5099999999999474E+000	2.2809135834544661E-006
3.5149999999999473E+000	2.1760530920593540E-006
3.5199999999999472E+000	2.0520741489329916E-006
3.5249999999999471E+000	1.9107804319803397E-006
3.5299999999999470E+000	1.7540062927022880E-006
3.5349999999999469E+000	1.5836056178062508E-006
3.5399999999999467E+000	1.4014432592613244E-006
3.5449999999999466E+000	1.2093792602420936E-006
3.5499999999999465E+000	1.0092709432920283E-006
3.5549999999999464E+000	8.0296048822209978E-007
3.5599999999999463E+000	5.9225516163003624E-007
3.5649999999999462E+000	3.7891669356069905E-007
3.5699999999999461E+000	1.6463006948852744E-007
3.5749999999999460E+000	-4.8988045408838636E-008
3.5799999999999459E+000	-2.6041535211952215E-007
3.5849999999999458E+000	-4.6822731230994878E-007
3.5899999999999457E+000	-6.7110522378134714E-007
3.5949999999999456E+000	-8.6784196238786882E-007
3.5999999999999455E+000	-1.0573460207266517E-006
3.6049999999999454E+000	-1.2386441002640663E-006
3.6099999999999453E+000	-1.4108822629319149E-006
3.6149999999999451E+000	-1.5733258767494417E-006
3.6199999999999450E+000	-1.7253583111969469E-006
3.6249999999999449E+000	-1.8664785999139119E-006
3.6299999999999448E+000	-1.9962981310539716E-006
3.6349999999999447E+000	-2.1145364869263079E-006
3.6399999999999446E+000	-2.2210165713891355E-006
3.6449999999999445E+000	-2.3156591036774249E-006
3.6499999999999444E+000	-2.3984766431180477E-006
3.6549999999999443E+000	-2.4695672202195422E-006
3.6599999999999442E+000	-2.5291076840789502E-006
3.6649999999999441E+000	-2.5773468688272734E-006
3.6699999999999440E+000	-2.6145987100697410E-006
3.6749999999999439E+000	-2.6412352878577128E-006
3.6799999999999438E+000	-2.6576800077596255E-006
3.6849999999999437E+000	-2.6644008606515979E-006
3.6899999999999435E+000	-2.6619039367250926E-006
3.6949999999999434E+000	-2.6507271607095380E-006
3.6999999999999433E+000	-2.6314342857905296E-006
3.7049999999999432E+000	-2.6046093277700178E-006
3.7099999999999431E+000	-2.5708512011691535E-006
3.7149999999999430E+000	-2.5307688590807135E-006
3.7199999999999429E+000	-2.4849767531031184E-006
3.7249999999999428E+000	-2.4340906819046753E-006
3.7299999999999427E+000	-2.3787240914841929E-006
3.7349999999999426E+000	-2.3194846681052310E-006
3.7399999999999425E+000	-2.2569713628405365E-006
3.7449999999999424E+000	-2.1917717324329379E-006
3.7499999999999423E+000	-2.1244573281573617E-006
3.7549999999999422E+000	-2.0555830187510991E-006
3.7599999999999421E+000	-1.9856898620438714E-006
3.7649999999999419E+000	-1.9152996628549781E-006
3.7699999999999418E+000	-1.8449139941280700E-006
3.7749999999999417E+000	-1.7750130870171445E-006
3.7799999999999416E+000	-1.7060550261498318E-006
3.7849999999999415E+000	-1.6384754157419578E-006
3.7899999999999414E+000	-1.5726863509573294E-006
3.7949999999999413E+000	-1.5090755489013571E-006
3.7999999999999412E+000	-1.4480057825844603E-006
3.8049999999999411E+000	-1.3898143785346496E-006
3.8099999999999410E+000	-1.3348127534610571E-006
3.8149999999999409E+000	-1.2832859362657776E-006
3.8199999999999408E+000	-1.2354921090555420E-006
3.8249999999999407E+000	-1.9630898132405226E-005
3.8299999999999406E+000	-1.1542577549633446E-005
3.8349999999999405E+000	-8.9487739468116642E-006
3.8399999999999403E+000	-1.9363224626037078E-005
3.8449999999999402E+000	-1.8866139714089604E-005
3.8499999999999401E+000	-9.8914685989155493E-006
3.8549999999999400E+000	-1.7767115577020662E-005
3.8599999999999399E+000	-9.7721333986186223E-006
3.8649999999999398E+000	-7.1831936919897277E-006
3.8699999999999397E+000	-5.8279482994358710E-006
3.8749999999999396E+000	-4.8099209031899230E-006
3.8799999999999395E+000	-3.9047061367419529E-006
3.8849999999999394E+000	-3.0504014201295157E-006
3.8899999999999393E+000	-2.2322311197768469E-006
3.8949999999999392E+000	-1.4499457136201583E-006
3.8999999999999391E+000	-7.0757027490603998E-007
3.9049999999999390E+000	-9.9314762954126509E-009
3.9099999999999389E+000	6.3853395370197181E-007
3.9149999999999388E+000	1.2340788667473037E-006
3.9199999999999386E+000	1.7736508733911732E-006
3.9249999999999385E+000	2.2548167099409430E-006
3.9299999999999384E+000	2.6757144709754929E-006
3.9349999999999383E+000	-9.0378939592413342E-006
3.9399999999999382E+000	-8.8769239751430562E-006
3.9449999999999381E+000	-1.0474788461972985E-007
3.9499999999999380E+000	2.3898527284834189E-006
3.9549999999999379E+000	3.4209428992680482E-006
3.9599999999999378E+000	3.9693082727841033E-006
3.9649999999999377E+000	4.2937479674972813E-006
3.9699999999999376E+000	4.4794854913381390E-006
3.9749999999999375E+000	4.5613413070272117E-006
3.9799999999999374E+000	4.5576082802330719E-006
3.9849999999999373E+000	4.4803883121005812E-006
3.9899999999999372E+000	4.3392038195082539E-006
3.9949999999999370E+000	4.1427418355941593E-006
3.9999999999999369E+000	3.8993193676016794E-006
4.0049999999999368E+000	3.6170005958700519E-006
4.0099999999999367E+000	3.3034614702967012E-006
4.0149999999999366E+000	2.9658268988987020E-006
4.0199999999999365E+000	2.6105705970557615E-006
4.0249999999999364E+000	2.2434869132373916E-006
4.0299999999999363E+000	1.8697133420835585E-006
4.0349999999999362E+000	1.4937827119875325E-006
4.0399999999999361E+000	1.1196892043555966E-006
4.0449999999999360E+000	7.5095675043320739E-007
4.0499999999999359E+000	3.9070182016892501E-007
4.0549999999999358E+000	4.1686094243875367E-008
4.0599999999999357E+000	-2.9364254040747868E-007
4.0649999999999356E+000	-6.4021427655602614E-007
4.0699999999999354E+000	-9.8726919256243211E-007
4.0749999999999353E+000	-1.3335381296017201E-006
4.0799999999999352E+000	-1.6635062500929956E-006
4.0849999999999351E+000	-1.9753334589199544E-006
4.0899999999999350E+000	-2.2677249472701602E-006
4.0949999999999349E+000	-2.5456860686470543E-006
4.0949999999999349E+000	-1.1885805519203095E-005
4.0999999999999348E+000	-8.7023217353649503E-006
4.1049999999999347E+000	-7.2281164916807757E-006
4.1099999999999346E+000	-6.3607944594060147E-006
4.1149999999999345E+000	-5.7699167597022157E-006
4.1199999999999344E+000	-5.3151808987136552E-006
4.1249999999999343E+000	-4.9297848378945478E-006
4.1299999999999342E+000	-4.5823389973405098E-006
4.1349999999999341E+000	-4.2584245760981990E-006
4.1399999999999340E+000	-3.9515586059305073E-006
4.1449999999999338E+000	-3.6590407798265676E-006
4.1499999999999337E+000	-3.3799796812307704E-006
4.1549999999999336E+000	-3.1143001647353488E-006
4.1599999999999335E+000	-2.8622592786671142E-006
4.1649999999999334E+000	-2.6242380922188690E-006
4.1699999999999333E+000	-2.4006028412950631E-006
4.1749999999999332E+000	-2.1918922764308506E-006
4.1799999999999331E+000	-1.9985945529069990E-006
4.1849999999999330E+000	-1.8211829600077254E-006
4.1899999999999329E+000	-1.6600885724665195E-006
4.1949999999999328E+000	-1.5156623040562851E-006
4.1999999999999327E+000	-1.3881427334539713E-006
4.2049999999999326E+000	-1.2776230666483130E-006
4.2099999999999325E+000	-1.1840395052406760E-006
4.2149999999999324E+000	-1.1071615566257084E-006
4.2199999999999322E+000	-1.0465929363270287E-006
4.2249999999999321E+000	-1.0017761569910489E-006
4.2299999999999320E+000	-9.7200491491685430E-007
4.2349999999999319E+000	-9.5643109941860804E-007
4.2399999999999318E+000	-9.5408092141594361E-007
4.2449999999999317E+000	-9.6386615530662290E-007
4.2499999999999316E+000	-9.8460456671971554E-007
4.2549999999999315E+000	-1.0150376847418568E-006
4.2599999999999314E+000	-1.0512586787882874E-006
4.2649999999999313E+000	-1.0938158763084017E-006
4.2699999999999312E+000	-1.1399459082535267E-006
4.2749999999999311E+000	-1.1858382442573358E-006
4.2799999999999310E+000	-1.2288296717393850E-006
4.2849999999999309E+000	-1.2673254368862490E-006
4.2899999999999308E+000	-1.3005632345182740E-006
4.2949999999999307E+000	-1.3283757349257235E-006
4.2999999999999305E+000	-1.3509128334229972E-006
4.3049999999999304E+000	-1.3684388919117548E-006
4.3099999999999303E+000	-1.3812312570240487E-006
4.3149999999999302E+000	-1.3895604140697108E-006
4.3199999999999301E+000	-1.3936874558653962E-006
4.3249999999999300E+000	-1.3939058876055292E-006
4.3299999999999299E+000	-1.3906498436237609E-006
4.3349999999999298E+000	-1.3843995161168998E-006
4.3399999999999297E+000	-1.3756096006029580E-006
4.3449999999999296E+000	-1.3646858835006678E-006
4.3499999999999295E+000	-1.3519871839986297E-006
4.3549999999999294E+000	-1.3378189434638002E-006
4.3599999999999293E+000	-1.3224341310053823E-006
4.3649999999999292E+000	-1.3060334771828453E-006
4.3699999999999291E+000	-1.2887844211453519E-006
4.3749999999999289E+000	-1.2708262110454904E-006
4.3799999999999288E+000	-1.2522696831171634E-006
4.3849999999999287E+000	-1.2331927441610007E-006
4.3899999999999286E+000	-1.2136466568022143E-006
4.3949999999999285E+000	-1.1936703119609941E-006
4.3999999999999284E+000	-1.1732798069850509E-006
4.4049999999999283E+000	-1.1524722513768706E-006
4.4099999999999282E+000	-1.1312351655328344E-006
4.4149999999999281E+000	-1.1095573398555684E-006
4.4199999999999280E+000	-1.0874301874513636E-006
4.4249999999999279E+000	-1.0648318917120984E-006
4.4299999999999278E+000	-1.0417366876244502E-006
4.4349999999999277E+000	-1.0181184868663857E-006
4.4399999999999276E+000	-9.9394841804684453E-007
4.4449999999999275E+000	-9.6920053455944790E-007
4.4499999999999273E+000	-9.4386227918244162E-007
4.4549999999999272E+000	-9.1793273184179084E-007
4.4599999999999271E+000	-8.9141387187355786E-007
4.4649999999999270E+000	-8.6432812980656870E-007
4.4699999999999269E+000	-8.3670543594268540E-007
4.4749999999999268E+000	-8.0860011532700032E-007
4.4799999999999267E+000	-7.8004051586728747E-007
4.4849999999999266E+000	-7.5104183004329662E-007
4.4899999999999265E+000	-7.2162539598335814E-007
4.4949999999999264E+000	-6.9179238169844334E-007
4.4999999999999263E+000	-6.6153439213251425E-007
4.5049999999999262E+000	-6.3085285208526258E-007
4.5099999999999261E+000	-5.9974476698830610E-007
4.5149999999999260E+000	-5.6821502319367735E-007
4.5199999999999259E+000	-5.3633209249078582E-007
4.5249999999999257E+000	-5.0421072543143668E-007
4.5299999999999256E+000	-4.7193997430656509E-007
4.5349999999999255E+000	-4.3957725255122083E-007
4.5399999999999254E+000	-4.1138733145801521E-007
4.5449999999999253E+000	-3.8092736445653014E-007
4.5499999999999252E+000	-3.4778709299642151E-007
4.5549999999999251E+000	-3.1259359155988155E-007
4.5599999999999250E+000	-2.7590739140184476E-007
4.5649999999999249E+000	-2.3820241332642410E-007
4.5699999999999248E+000	-1.9984121195871651E-007
4.5749999999999247E+000	-1.6106691008301496E-007
4.5799999999999246E+000	-1.2216657889971929E-007
4.5849999999999245E+000	-8.3407251101865927E-008
4.5899999999999244E+000	-4.5052749783662643E-008
4.5949999999999243E+000	-7.4958482304374120E-009
4.5999999999999241E+000	2.8987576806838198E-008
4.6049999999999240E+000	6.3889037586511923E-008
4.6099999999999239E+000	9.6840790791200644E-008
4.6149999999999238E+000	1.2819135380355297E-007
4.6199999999999237E+000	1.5840849077027893E-007
4.6249999999999236E+000	1.8694113014131789E-007
4.6299999999999235E+000	2.1274009325876759E-007
4.6349999999999234E+000	2.3515473842027815E-007
4.6399999999999233E+000	2.5376669964485255E-007
4.6449999999999232E+000	2.6801344689985131E-007
4.6499999999999231E+000	2.7745463973850921E-007
4.6549999999999230E+000	2.8217664754714884E-007
4.6599999999999229E+000	2.8225531711547266E-007
4.6649999999999228E+000	2.7780894830225992E-007
4.6699999999999227E+000	2.6904404275123043E-007
4.6749999999999226E+000	2.5622048184932089E-007
4.6799999999999224E+000	2.3963059689842945E-007
4.6849999999999223E+000	2.1961061561351711E-007
4.6899999999999222E+000	1.9652245580617229E-007
4.6949999999999221E+000	1.7074173484980682E-007
4.6999999999999220E+000	1.4265475861752333E-007
4.7049999999999219E+000	1.1265289295457620E-007
4.7099999999999218E+000	8.1129792685732383E-008
4.7149999999999217E+000	4.8470215753449659E-008
4.7199999999999216E+000	1.5045611387007540E-008
4.7249999999999215E+000	-1.8786863564237072E-008
4.7299999999999214E+000	-5.2687778408012055E-008
4.7349999999999213E+000	-8.6338229840874752E-008
4.7399999999999212E+000	-1.1944210299475143E-007
4.7449999999999211E+000	-1.5172786737695593E-007
4.7499999999999210E+000	-1.8294994772104061E-007
4.7549999999999208E+000	-2.1288967832467855E-007
4.7599999999999207E+000	-2.4135587761645010E-007
4.7649999999999206E+000	-2.6818507078975153E-007
4.7699999999999205E+000	-2.9301689735573651E-007
4.7749999999999204E+000	-3.1605387789633514E-007
4.7799999999999203E+000	-3.3739837047508072E-007
4.7849999999999202E+000	-3.5698396012190247E-007
4.7899999999999201E+000	-3.7472983668906533E-007
4.7949999999999200E+000	-3.9057653920522993E-007
4.7999999999999199E+000	-4.0449364331686991E-007
4.8049999999999198E+000	-4.1647912451940694E-007
4.8099999999999197E+000	-4.2649264918640747E-007
4.8149999999999196E+000	-4.3456309287938356E-007
4.8199999999999195E+000	-4.4074274382367920E-007
4.8249999999999194E+000	-4.4509901512844684E-007
4.8299999999999192E+000	-4.4771242887019511E-007
4.8349999999999191E+000	-4.4867453618017867E-007
4.8399999999999190E+000	-4.4808574734285481E-007
4.8449999999999189E+000	-4.4605323236933021E-007
4.8499999999999188E+000	-4.4268888597499488E-007
4.8549999999999187E+000	-4.3810745656711353E-007
4.8599999999999186E+000	-4.3242475105170467E-007
4.8649999999999185E+000	-4.2575595717797175E-007
4.8699999999999184E+000	-4.1821413237487634E-007
4.8749999999999183E+000	-4.0990881922422016E-007
4.8799999999999182E+000	-4.0094482479294044E-007
4.8849999999999181E+000	-3.9142114495374254E-007
4.8899999999999180E+000	-3.8143004691909534E-007
4.8949999999999179E+000	-3.7105633183946383E-007
4.8999999999999178E+000	-3.6037670248425885E-007
4.9049999999999176E+000	-3.4945932067714257E-007
4.9099999999999175E+000	-3.3836349263406719E-007
4.9149999999999174E+000	-3.2713949770463891E-007
4.9199999999999173E+000	-3.1582852135694754E-007
4.9249999999999172E+000	-3.0446274114148378E-007
4.9299999999999171E+000	-2.9306551460616748E-007
4.9349999999999170E+000	-2.8165164264271008E-007
4.9399999999999169E+000	-2.7022776477127776E-007
4.9449999999999168E+000	-2.5879281496356482E-007
4.9499999999999167E+000	-2.4733852264965461E-007
4.9549999999999166E+000	-2.3585003583223656E-007
4.9599999999999165E+000	-2.2430652954499856E-007
4.9649999999999164E+000	-2.1268189495124734E-007
4.9699999999999163E+000	-2.0119242393462721E-007
4.9749999999999162E+000	-1.8965616506129869E-007
4.9799999999999160E+000	-1.7796357174785118E-007
4.9849999999999159E+000	-1.6605262316243754E-007
4.9899999999999158E+000	-1.5387643757594618E-007
4.9949999999999157E+000	-1.4138884823277283E-007
4.9999999999999156E+000	-1.2854341346314190E-007
5.0049999999999155E+000	-1.1529487271902350E-007
5.0099999999999154E+000	-1.0159968125931043E-007
5.0149999999999153E+000	-8.7416223226372568E-008
5.0199999999999152E+000	-7.2705175022758612E-008
5.0249999999999151E+000	-5.7429959994697004E-008
5.0299999999999150E+000	-4.1557164215914600E-008
5.0349999999999149E+000	-2.5056963012821788E-008
5.0399999999999148E+000	-7.9034295786220474E-009
5.0449999999999147E+000	9.9251701315706790E-009
5.0499999999999146E+000	2.8446175637186446E-008
5.0549999999999145E+000	4.7672347675413193E-008
5.0599999999999143E+000	6.7611752713307036E-008
5.0649999999999142E+000	8.8267719977636646E-008
5.0699999999999141E+000	1.0963884207696871E-007
5.0749999999999140E+000	1.3171897504004357E-007
5.0799999999999139E+000	1.5449737247715011E-007
5.0849999999999138E+000	1.7795878287830007E-007
5.0899999999999137E+000	2.0208363392981286E-007
5.0949999999999136E+000	2.2684820238897112E-007
5.0999999999999135E+000	2.5222489370909128E-007
5.1049999999999134E+000	2.7818244783982179E-007
5.1099999999999133E+000	3.0468627527469236E-007
5.1149999999999132E+000	3.3169869975523329E-007
5.1199999999999131E+000	3.5917934237074120E-007
5.1249999999999130E+000	3.8708539021121091E-007
5.1299999999999129E+000	4.1537143373137817E-007
5.1349999999999127E+000	4.4399167784847792E-007
5.1399999999999126E+000	4.7289806209970178E-007
5.1449999999999125E+000	5.0204157083711445E-007
5.1499999999999124E+000	5.3137242730329671E-007
5.1549999999999123E+000	5.6084044371990278E-007
5.1599999999999122E+000	5.9039531012608745E-007
5.1649999999999121E+000	6.1998689860727805E-007
5.1699999999999120E+000	6.4956552582537959E-007
5.1749999999999119E+000	6.7908220736224849E-007
5.1799999999999118E+000	7.0848892274032587E-007
5.1849999999999117E+000	7.3773879036780007E-007
5.1899999999999116E+000	7.6678631268807325E-007
5.1949999999999115E+000	7.9558752979580008E-007
5.1999999999999114E+000	8.2410019160834841E-007
5.2049999999999113E+000	8.5228389867058117E-007
5.2099999999999111E+000	8.8010019101116813E-007
5.2149999999999110E+000	9.0751266229231125E-007
5.2199999999999109E+000	9.3448702388832882E-007
5.2249999999999108E+000	9.6172003348891311E-007
5.2299999999999107E+000	9.8909482357905284E-007
5.2349999999999106E+000	1.0159076104819695E-006
5.2399999999999105E+000	1.0424718937962596E-006
5.2449999999999104E+000	1.0687939277970844E-006
5.2499999999999103E+000	1.0944151396896327E-006
5.2549999999999102E+000	1.1193056711892078E-006
5.2599999999999101E+000	1.1434160817085849E-006
5.2649999999999100E+000	1.1667122859371989E-006
5.2699999999999099E+000	1.1931332289870690E-006
5.2749999999999098E+000	1.2333728615505016E-006
5.2799999999999097E+000	1.2669841443501721E-006
5.2849999999999095E+000	1.2832177200659209E-006
5.2899999999999094E+000	1.2707103834709446E-006
5.2949999999999093E+000	1.2310317904372345E-006
5.2999999999999092E+000	1.1693833097113667E-006
5.3049999999999091E+000	1.0904837450686399E-006
5.3099999999999090E+000	9.9960214160150855E-007
5.3149999999999089E+000	9.0218810113811079E-007
5.3199999999999088E+000	8.0092838782685565E-007
5.3249999999999087E+000	6.9874039854676430E-007
5.3299999999999086E+000	5.9963584825070213E-007
5.3349999999999085E+000	5.0697022103621357E-007
5.3399999999999084E+000	4.3980072531578271E-007
5.3449999999999083E+000	3.8542068676541822E-007
5.3499999999999082E+000	3.6167277624645249E-007
5.3549999999999081E+000	3.8640556241757356E-007
5.3599999999999079E+000	4.3040793424550104E-007
5.3649999999999078E+000	4.9206999269689541E-007
5.3699999999999077E+000	5.7054003465790716E-007
5.3749999999999076E+000	6.6479211052693268E-007
5.3799999999999075E+000	7.7341844884690587E-007
5.3849999999999074E+000	8.9490203069204980E-007
5.3899999999999073E+000	1.0276367262839802E-006
5.3949999999999072E+000	1.1699271223713496E-006
5.3999999999999071E+000	1.3200187242648645E-006
5.4049999999999070E+000	1.4761374436164070E-006
5.4099999999999069E+000	1.6365179372627673E-006
5.4149999999999068E+000	1.7994278443425345E-006
5.4199999999999067E+000	1.9631909780973116E-006
5.4249999999999066E+000	2.1262065992169048E-006
5.4299999999999065E+000	2.2869671772549007E-006
5.4349999999999064E+000	2.4440718905659611E-006
5.4399999999999062E+000	2.5962365557790712E-006
5.4449999999999061E+000	2.7423023938113873E-006
5.4499999999999060E+000	2.8812417905964156E-006
5.4549999999999059E+000	3.0121602521862845E-006
5.4599999999999058E+000	3.1342969924177455E-006
5.4649999999999057E+000	3.2470250124624949E-006
5.4699999999999056E+000	3.3498490717039707E-006
5.4749999999999055E+000	3.4424066235567809E-006
5.4799999999999054E+000	3.5244632699176352E-006
5.4849999999999053E+000	3.5959171101128246E-006
5.4899999999999052E+000	3.6566315222792935E-006
5.4949999999999051E+000	3.7070348888755299E-006
5.4999999999999050E+000	3.7474293014603804E-006
5.5049999999999049E+000	3.7782053952029523E-006
5.5099999999999048E+000	3.7998276761718088E-006
5.5149999999999046E+000	3.8128238860320341E-006
5.5199999999999045E+000	3.8177664670595766E-006
5.5249999999999044E+000	3.8152598497589179E-006
5.5299999999999043E+000	3.8059400172942441E-006
5.5349999999999042E+000	3.7904672724252904E-006
5.5399999999999041E+000	3.7695164433767383E-006
5.5449999999999040E+000	3.7437682968599297E-006
5.5499999999999039E+000	3.7139029089795492E-006
5.5549999999999038E+000	3.6805876965501829E-006
5.5599999999999037E+000	3.6444725385047212E-006
5.5649999999999036E+000	3.6061866523958271E-006
5.5699999999999035E+000	3.5663351473057041E-006
5.5749999999999034E+000	3.5254964964523541E-006
5.5799999999999033E+000	3.4842120605907527E-006
5.5849999999999032E+000	3.4429814985905407E-006
5.5899999999999030E+000	3.4022606069296746E-006
5.5949999999999029E+000	3.3624615347407362E-006
5.5999999999999028E+000	3.3239574509786431E-006
5.6049999999999027E+000	3.2870774273226020E-006
5.6099999999999026E+000	3.2521054279792269E-006
5.6149999999999025E+000	3.2192883124835251E-006
5.6199999999999024E+000	3.1888283893701519E-006
5.6249999999999023E+000	3.1608813415933949E-006
5.6299999999999022E+000	3.1355536204918436E-006
5.6349999999999021E+000	3.1129008127896667E-006
5.6399999999999020E+000	3.0929163057555401E-006
5.6449999999999019E+000	3.0755592927052227E-006
5.6499999999999018E+000	3.0607707290051271E-006
5.6549999999999017E+000	3.0484908222377626E-006
5.6599999999999016E+000	3.0386312521158439E-006
5.6649999999999014E+000	3.0310749997591733E-006
5.6699999999999013E+000	3.0256707442476723E-006
5.6749999999999012E+000	3.0222763827484687E-006
5.6799999999999011E+000	3.0207692032189887E-006
5.6849999999999010E+000	3.0210317628669460E-006
5.6899999999999009E+000	3.0229164553880283E-006
5.6949999999999008E+000	3.0262453878643941E-006
5.6999999999999007E+000	3.0308114956267935E-006
5.7049999999999006E+000	3.0363949628545686E-006
5.7099999999999005E+000	3.0427495943674126E-006
5.7149999999999004E+000	3.0496293952711903E-006
5.7199999999999003E+000	3.0567467398690970E-006
5.7249999999999002E+000	3.0638106414200349E-006
5.7299999999999001E+000	3.0420064166520958E-006
5.7349999999999000E+000	3.0035742805366608E-006
5.7399999999998998E+000	2.9651601577096889E-006
5.7449999999998997E+000	2.9254544101694618E-006
5.7499999999998996E+000	2.8837820772367778E-006
5.7549999999998995E+000	2.8405406316087226E-006
5.7599999999998994E+000	2.7965585111034189E-006
5.7649999999998993E+000	2.7528732805129216E-006
5.7699999999998992E+000	2.7104317056045724E-006
5.7749999999998991E+000	2.6695859039918642E-006
5.7799999999998990E+000	2.6306631131159698E-006
5.7849999999998989E+000	2.5939867445452002E-006
5.7899999999998988E+000	2.5597408444513425E-006
5.7949999999998987E+000	2.5280642357346155E-006
5.7999999999998986E+000	2.4990364665903575E-006
5.8049999999998985E+000	2.4727920538588568E-006
5.8099999999998984E+000	2.4494717287709846E-006
5.8149999999998983E+000	2.4291893917808108E-006
5.8199999999998981E+000	2.4120044011470315E-006
5.8249999999998980E+000	2.3979347206267672E-006
5.8299999999998979E+000	2.3869529289613808E-006
5.8349999999998978E+000	2.3816598485727658E-006
5.8399999999998977E+000	2.3865638133294751E-006
5.8449999999998976E+000	2.3936515398257357E-006
5.8499999999998975E+000	2.4071281905133187E-006
5.8549999999998974E+000	2.4341641779515063E-006
5.8599999999998973E+000	2.4655172490770670E-006
5.8649999999998972E+000	2.4979870342114616E-006
5.8699999999998971E+000	2.5311081252732617E-006
5.8749999999998970E+000	2.5652068451923199E-006
5.8799999999998969E+000	2.6003632980093485E-006
5.8849999999998968E+000	2.6362974869938336E-006
5.8899999999998967E+000	2.6725794189434339E-006
5.8949999999998965E+000	2.7087745533029436E-006
5.8999999999998964E+000	2.7444849065972343E-006
5.9049999999998963E+000	2.7793502888213984E-006
5.9099999999998962E+000	2.8130470799817487E-006
5.9149999999998961E+000	2.8452904140441963E-006
5.9199999999998960E+000	2.8758365683488007E-006
5.9249999999998959E+000	2.9044839167954402E-006
5.9299999999998958E+000	2.9310725401311034E-006
5.9349999999998957E+000	2.9554829151129187E-006
5.9399999999998956E+000	2.9776337871341894E-006
5.9449999999998955E+000	2.9974803032764732E-006
5.9499999999998954E+000	3.0150115655684792E-006
5.9549999999998953E+000	3.0302477230447219E-006
5.9599999999998952E+000	3.0432370653816824E-006
5.9649999999998951E+000	3.0540531672192356E-006
5.9699999999998949E+000	3.0627920411432790E-006
5.9749999999998948E+000	3.0695692953098268E-006
5.9799999999998947E+000	3.0745173284358714E-006
5.9849999999998946E+000	3.0777826013907277E-006
5.9899999999998945E+000	3.0795230044899098E-006
5.9949999999998944E+000	3.0799053039113967E-006
5.9999999999998943E+000	3.0791026623230999E-006
6.0049999999998942E+000	3.0772923323096883E-006
6.0099999999998941E+000	3.0746533887556189E-006
6.0149999999998940E+000	3.0713646283195164E-006
6.0199999999998939E+000	3.0676025753656550E-006
6.0249999999998938E+000	3.0635396219409215E-006
6.0299999999998937E+000	3.0593423360571865E-006
6.0349999999998936E+000	3.0551698910286129E-006
6.0399999999998935E+000	3.0511727029529328E-006
6.0449999999998933E+000	3.0474911817563802E-006
6.0499999999998932E+000	3.0442547168561482E-006
6.0549999999998931E+000	3.0415808180550240E-006
6.0599999999998930E+000	3.0395744454052998E-006
6.0649999999998929E+000	3.0383275205082952E-006
6.0699999999998928E+000	3.0379186151830358E-006
6.0749999999998927E+000	3.0384128227341566E-006
6.0799999999998926E+000	3.0398617802784207E-006
6.0849999999998925E+000	3.0423046114302703E-006
6.0899999999998924E+000	3.0457686959398743E-006
6.0949999999998923E+000	3.0502675570626908E-006
6.0999999999998922E+000	3.0558025588191370E-006
6.1049999999998921E+000	3.0623637148916991E-006
6.1099999999998920E+000	3.0699305442190642E-006
6.1149999999998919E+000	3.0785245820748661E-006
6.1199999999998917E+000	3.0884287106703886E-006
6.1249999999998916E+000	3.0996107586054229E-006
6.1299999999998915E+000	3.1118988387779185E-006
6.1349999999998914E+000	3.1251514162729268E-006
6.1399999999998913E+000	3.1394237640881441E-006
6.1449999999998912E+000	3.1544279097383812E-006
6.1499999999998911E+000	3.1700500987940862E-006
6.1549999999998910E+000	3.1861955916055098E-006
6.1599999999998909E+000	3.2027656658053309E-006
6.1649999999998908E+000	3.2196634991539496E-006
6.1699999999998907E+000	3.2367943654323750E-006
6.1749999999998906E+000	3.2540664954640064E-006

 
