Grouping:(4, 0) J686
# x 	 y
0.0000000000000000E+000	4.2437433745975392E-008
5.0000000000000001E-003	1.2615787689867948E-006
1.0000000000000000E-002	2.0423416473528049E-005
1.4999999999999999E-002	6.0667108970275234E-005
2.0000000000000000E-002	1.2031977700044159E-004
2.5000000000000001E-002	1.9859425748616880E-004
3.0000000000000002E-002	2.9474810581989522E-004
3.5000000000000003E-002	4.0804570404278767E-004
4.0000000000000001E-002	5.3775393940609986E-004
4.4999999999999998E-002	6.8313964994622957E-004
4.9999999999999996E-002	8.4346818996737158E-004
5.4999999999999993E-002	1.0180037729530837E-003
5.9999999999999991E-002	1.2060106455156442E-003
6.4999999999999988E-002	1.4067542493920518E-003
6.9999999999999993E-002	1.6207571280941878E-003
7.4999999999999997E-002	1.8436239633138666E-003
8.0000000000000002E-002	2.0781061857163721E-003
8.5000000000000006E-002	2.3225225504106932E-003
9.0000000000000011E-002	2.5760545470059162E-003
9.5000000000000015E-002	2.8379778195679541E-003
1.0000000000000002E-001	3.1075913629810760E-003
1.0500000000000002E-001	3.3842049486802676E-003
1.1000000000000003E-001	3.6671373487645841E-003
1.1500000000000003E-001	3.9557166937236330E-003
1.2000000000000004E-001	4.2492813316408881E-003
1.2500000000000003E-001	4.5471807324997645E-003
1.3000000000000003E-001	4.8486976046669241E-003
1.3500000000000004E-001	5.1532833898236385E-003
1.4000000000000004E-001	5.4603785799187277E-003
1.4500000000000005E-001	5.7693306595497347E-003
1.5000000000000005E-001	6.0795518920036097E-003
1.5500000000000005E-001	6.3904671501644620E-003
1.6000000000000006E-001	6.7015195210893622E-003
1.6500000000000006E-001	7.0121654139843025E-003
1.7000000000000007E-001	7.3218760383069311E-003
1.7500000000000007E-001	7.6299572920539450E-003
1.8000000000000008E-001	7.9360895623719705E-003
1.8500000000000008E-001	8.2397896793878819E-003
1.9000000000000009E-001	8.5405889605551892E-003
1.9500000000000009E-001	8.8383268796272795E-003
2.0000000000000009E-001	9.1317518400754766E-003
2.0500000000000010E-001	9.4213684056266740E-003
2.1000000000000010E-001	9.7063408974513224E-003
2.1500000000000011E-001	9.9862509865625056E-003
2.2000000000000011E-001	1.0260729058364979E-002
2.2500000000000012E-001	1.0529422715330227E-002
2.3000000000000012E-001	1.0791992335236027E-002
2.3500000000000013E-001	1.1048098716734305E-002
2.4000000000000013E-001	1.1297735280026677E-002
2.4500000000000013E-001	1.1540379706360963E-002
2.5000000000000011E-001	1.1775568090176875E-002
2.5500000000000012E-001	1.2003051725316049E-002
2.6000000000000012E-001	1.2222597464469444E-002
2.6500000000000012E-001	1.2434098591363955E-002
2.7000000000000013E-001	1.2637215928136132E-002
2.7500000000000013E-001	1.2831740474923687E-002
2.8000000000000014E-001	1.3017474245410060E-002
2.8500000000000014E-001	1.3194229892534786E-002
2.9000000000000015E-001	1.3361833059183554E-002
2.9500000000000015E-001	1.3518615109079922E-002
3.0000000000000016E-001	1.3668334306031078E-002
3.0500000000000016E-001	1.3807946514358562E-002
3.1000000000000016E-001	1.3936631520398561E-002
3.1500000000000017E-001	1.4057392359414823E-002
3.2000000000000017E-001	1.4167547598424623E-002
3.2500000000000018E-001	1.4264936104518348E-002
3.3000000000000018E-001	1.4356504616973570E-002
3.3500000000000019E-001	1.4436498770680430E-002
3.4000000000000019E-001	1.4505925247010871E-002
3.4500000000000020E-001	1.4564962593873515E-002
3.5000000000000020E-001	1.4613659135195517E-002
3.5500000000000020E-001	1.4652032464585907E-002
3.6000000000000021E-001	1.4680095211238814E-002
3.6500000000000021E-001	1.4697819042590559E-002
3.7000000000000022E-001	1.4705270874740065E-002
3.7500000000000022E-001	1.4702484200195426E-002
3.8000000000000023E-001	1.4689500212815482E-002
3.8500000000000023E-001	1.4666120024700885E-002
3.9000000000000024E-001	1.4632780466990569E-002
3.9500000000000024E-001	1.4586781237244859E-002
4.0000000000000024E-001	1.4535388422758835E-002
4.0500000000000025E-001	1.4470394399974794E-002
4.1000000000000025E-001	1.4399293119743023E-002
4.1500000000000026E-001	1.4317195312354966E-002
4.2000000000000026E-001	1.4222676915855180E-002
4.2500000000000027E-001	1.4117942930671179E-002
4.3000000000000027E-001	1.4008656824030661E-002
4.3500000000000028E-001	1.3887814932551102E-002
4.4000000000000028E-001	1.3760621425152893E-002
4.4500000000000028E-001	1.3623380439809443E-002
4.5000000000000029E-001	1.3477295644843788E-002
4.5500000000000029E-001	1.3322753196686549E-002
4.6000000000000030E-001	1.3160290969500790E-002
4.6500000000000030E-001	1.2989843572259891E-002
4.7000000000000031E-001	1.2811594683031162E-002
4.7500000000000031E-001	1.2625707878550411E-002
4.8000000000000032E-001	1.2433978932914810E-002
4.8500000000000032E-001	1.2234073294964046E-002
4.9000000000000032E-001	1.2024982268844379E-002
4.9500000000000033E-001	1.1813334030546088E-002
5.0000000000000033E-001	1.1593984544740712E-002
5.0500000000000034E-001	1.1368508970189116E-002
5.1000000000000034E-001	1.1137428463676890E-002
5.1500000000000035E-001	1.0903004272725492E-002
5.2000000000000035E-001	1.0661944808576181E-002
5.2500000000000036E-001	1.0415528291782229E-002
5.3000000000000036E-001	1.0164894518987814E-002
5.3500000000000036E-001	9.9167348783116317E-003
5.4000000000000037E-001	9.6573747680885752E-003
5.4500000000000037E-001	9.3953306657270589E-003
5.5000000000000038E-001	9.1306448838941508E-003
5.5500000000000038E-001	8.8654434279731228E-003
5.6000000000000039E-001	8.5947828602325159E-003
5.6500000000000039E-001	8.3224508586262486E-003
5.7000000000000040E-001	8.0484974111739854E-003
5.7500000000000040E-001	7.7731793340629352E-003
5.8000000000000040E-001	7.4968325524957394E-003
5.8500000000000041E-001	7.2225589734818659E-003
5.9000000000000041E-001	6.9430803647783281E-003
5.9500000000000042E-001	6.6672637515679256E-003
6.0000000000000042E-001	6.3881593218826091E-003
6.0500000000000043E-001	6.1117496748731553E-003
6.1000000000000043E-001	5.8367128929548793E-003
6.1500000000000044E-001	5.5632356550820673E-003
6.2000000000000044E-001	5.2916929997551846E-003
6.2500000000000044E-001	5.0223799815405307E-003
6.3000000000000045E-001	4.7556440083678765E-003
6.3500000000000045E-001	4.4918308135421603E-003
6.4000000000000046E-001	4.2312720943877766E-003
6.4500000000000046E-001	3.9742877514617365E-003
6.5000000000000047E-001	3.7212010792057135E-003
6.5500000000000047E-001	3.4723265843547586E-003
6.6000000000000048E-001	3.2279698605346039E-003
6.6500000000000048E-001	2.9884273319254590E-003
6.7000000000000048E-001	2.7539860107612824E-003
6.7500000000000049E-001	2.5249233094082400E-003
6.8000000000000049E-001	2.3015068302587398E-003
6.8500000000000050E-001	2.0839942439938473E-003
6.9000000000000050E-001	1.8726617758003303E-003
6.9500000000000051E-001	1.6677232849218772E-003
7.0000000000000051E-001	1.4694052510521435E-003
7.0500000000000052E-001	1.2779227653994646E-003
7.1000000000000052E-001	1.0934772353408944E-003
7.1500000000000052E-001	9.1626061384331246E-004
7.2000000000000053E-001	7.4645813762055609E-004
7.2500000000000053E-001	5.8424416532172174E-004
7.3000000000000054E-001	4.2978110794949983E-004
7.3500000000000054E-001	2.7461965779166183E-004
7.4000000000000055E-001	1.4010707788115546E-004
7.4500000000000055E-001	1.0530680405789086E-005
7.5000000000000056E-001	-1.1120063188305752E-004
7.5500000000000056E-001	-2.2456127538410164E-004
7.6000000000000056E-001	-3.3224038607013423E-004
7.6500000000000057E-001	-4.2438841775115316E-004
7.7000000000000057E-001	-5.1433888550757344E-004
7.7500000000000058E-001	-5.8920643996482227E-004
7.8000000000000058E-001	-6.5885571338478676E-004
7.8500000000000059E-001	-7.2012035286673506E-004
7.9000000000000059E-001	-7.7261341166681631E-004
7.9500000000000060E-001	-8.1633237623006220E-004
8.0000000000000060E-001	-8.5132525355225796E-004
8.0500000000000060E-001	-8.7764548396820311E-004
8.1000000000000061E-001	-8.9535138046693971E-004
8.1500000000000061E-001	-9.0450962986831523E-004
8.2000000000000062E-001	-9.0519670955086797E-004
8.2500000000000062E-001	-8.9750230006256963E-004
8.3000000000000063E-001	-8.8152863621145116E-004
8.3500000000000063E-001	-8.5741778134193307E-004
8.4000000000000064E-001	-8.2527312780958828E-004
8.4500000000000064E-001	-7.8523348666633796E-004
8.5000000000000064E-001	-7.3745145010354512E-004
8.5500000000000065E-001	-6.8446250159383737E-004
8.6000000000000065E-001	-6.1617359704388354E-004
8.6500000000000066E-001	-5.4418340925492786E-004
8.7000000000000066E-001	-4.6577403432392745E-004
8.7500000000000067E-001	-3.8075658736611017E-004
8.8000000000000067E-001	-2.8879758761589863E-004
8.8500000000000068E-001	-1.9062709868899810E-004
8.9000000000000068E-001	-8.6465723757337976E-005
8.9500000000000068E-001	2.3456172538051833E-005
9.0000000000000069E-001	1.3889972178197411E-004
9.0500000000000069E-001	2.5961838176690214E-004
9.1000000000000070E-001	3.8535903736489898E-004
9.1500000000000070E-001	5.1586804489182588E-004
9.2000000000000071E-001	6.5087686579310788E-004
9.2500000000000071E-001	7.9011738877058041E-004
9.3000000000000071E-001	9.3331520119829066E-004
9.3500000000000072E-001	1.0801971881751167E-003
9.4000000000000072E-001	1.2304861004675005E-003
9.4500000000000073E-001	1.3839033349779995E-003
9.5000000000000073E-001	1.5401694252637234E-003
9.5500000000000074E-001	1.6990039483633509E-003
9.6000000000000074E-001	1.8601256280483891E-003
9.6500000000000075E-001	2.0232527513348677E-003
9.7000000000000075E-001	2.1881036212935538E-003
9.7500000000000075E-001	2.3543970478619187E-003
9.8000000000000076E-001	2.5218526330616077E-003
9.8500000000000076E-001	2.6901911530084490E-003
9.9000000000000077E-001	2.8591355946921888E-003
9.9500000000000077E-001	3.0284142567756078E-003
1.0000000000000007E+000	3.1977592237544140E-003
1.0050000000000006E+000	3.3669054233832563E-003
1.0100000000000005E+000	3.5355908808641840E-003
1.0150000000000003E+000	3.7035563028312039E-003
1.0200000000000002E+000	3.8705455253233330E-003
1.0250000000000001E+000	4.0363058227173825E-003
1.0300000000000000E+000	4.1875232267831776E-003
1.0349999999999999E+000	4.3580523688080850E-003
1.0399999999999998E+000	4.5197683561832075E-003
1.0449999999999997E+000	4.6780545048013752E-003
1.0499999999999996E+000	4.8276429048015575E-003
1.0549999999999995E+000	4.9907457581727290E-003
1.0599999999999994E+000	5.1429046509360267E-003
1.0649999999999993E+000	5.2907391487859367E-003
1.0699999999999992E+000	5.4347540701526467E-003
1.0749999999999991E+000	5.5749845618587417E-003
1.0799999999999990E+000	5.7113473677506766E-003
1.0849999999999989E+000	5.8437250216184823E-003
1.0899999999999987E+000	5.9719866769810115E-003
1.0949999999999986E+000	6.0959965532121560E-003
1.0999999999999985E+000	6.2155923565601970E-003
1.1049999999999984E+000	6.3306678235721661E-003
1.1099999999999983E+000	6.4410949296451608E-003
1.1149999999999982E+000	6.5467501267528977E-003
1.1199999999999981E+000	6.6475169001400172E-003
1.1249999999999980E+000	6.7432871051183452E-003
1.1299999999999979E+000	6.8339608833397191E-003
1.1349999999999978E+000	6.9194468591961310E-003
1.1399999999999977E+000	6.9996644237535965E-003
1.1449999999999976E+000	7.0745543311593155E-003
1.1499999999999975E+000	7.1440369406019395E-003
1.1549999999999974E+000	7.2080616624229680E-003
1.1599999999999973E+000	7.2665937838038066E-003
1.1649999999999971E+000	7.3195825978447657E-003
1.1699999999999970E+000	7.3670014197928660E-003
1.1749999999999969E+000	7.4088341994671854E-003
1.1799999999999968E+000	7.4450688817994824E-003
1.1849999999999967E+000	7.4757031795292007E-003
1.1899999999999966E+000	7.5007460131727962E-003
1.1949999999999965E+000	7.5202135968725223E-003
1.1999999999999964E+000	7.5341295641339111E-003
1.2049999999999963E+000	7.5425260668054404E-003
1.2099999999999962E+000	7.5454436819147814E-003
1.2149999999999961E+000	7.5429304957084446E-003
1.2199999999999960E+000	7.5350420671828639E-003
1.2249999999999959E+000	7.5218410620437361E-003
1.2299999999999958E+000	7.5032833083148792E-003
1.2349999999999957E+000	7.4795621386537546E-003
1.2399999999999956E+000	7.4507540664770239E-003
1.2449999999999954E+000	7.4169480303492609E-003
1.2499999999999953E+000	7.3782400204647110E-003
1.2549999999999952E+000	7.3347328394615923E-003
1.2599999999999951E+000	7.2865342650718498E-003
1.2649999999999950E+000	7.2337572243967845E-003
1.2699999999999949E+000	7.1765191840770810E-003
1.2749999999999948E+000	7.1149426126899604E-003
1.2799999999999947E+000	7.0491543732884090E-003
1.2849999999999946E+000	6.9793008163613777E-003
1.2899999999999945E+000	6.9055145723165047E-003
1.2949999999999944E+000	6.8279163850930597E-003
1.2999999999999943E+000	6.7466472739651263E-003
1.3049999999999942E+000	6.6618518717617772E-003
1.3099999999999941E+000	6.5737804493597382E-003
1.3149999999999940E+000	6.4824801045371893E-003
1.3199999999999938E+000	6.3880998334564284E-003
1.3249999999999937E+000	6.2751556583963653E-003
1.3299999999999936E+000	6.1815262466740507E-003
1.3349999999999935E+000	6.0800806735560754E-003
1.3399999999999934E+000	5.9754690659443140E-003
1.3449999999999933E+000	5.8687483980473564E-003
1.3499999999999932E+000	5.7631871999231582E-003
1.3549999999999931E+000	5.6522488748507087E-003
1.3599999999999930E+000	5.5389577806360711E-003
1.3649999999999929E+000	5.4239670295045490E-003
1.3699999999999928E+000	5.3075071849980962E-003
1.3749999999999927E+000	5.1897386977679478E-003
1.3799999999999926E+000	5.0708109732006106E-003
1.3849999999999925E+000	4.9508727023096361E-003
1.3899999999999924E+000	4.8300726048867114E-003
1.3949999999999922E+000	4.7085591244809622E-003
1.3999999999999921E+000	4.5864801297004548E-003
1.4049999999999920E+000	4.4639824381061226E-003
1.4099999999999919E+000	4.3412114199647212E-003
1.4149999999999918E+000	4.2183106379063929E-003
1.4199999999999917E+000	4.0954215742822443E-003
1.4249999999999916E+000	3.9726833819014925E-003
1.4299999999999915E+000	3.8502327135810305E-003
1.4349999999999914E+000	3.7282035202661581E-003
1.4399999999999913E+000	3.6067268904353962E-003
1.4449999999999912E+000	3.4859309255628602E-003
1.4499999999999911E+000	3.3659404881533806E-003
1.4549999999999910E+000	3.2468774056701008E-003
1.4599999999999909E+000	3.1288600970094914E-003
1.4649999999999908E+000	3.0120034531504361E-003
1.4699999999999906E+000	2.8964188016292343E-003
1.4749999999999905E+000	2.7822138084704819E-003
1.4799999999999904E+000	2.6694923767388314E-003
1.4849999999999903E+000	2.5583545815485919E-003
1.4899999999999902E+000	2.4488997522910615E-003
1.4949999999999901E+000	2.3412154651764622E-003
1.4999999999999900E+000	2.2353908429896701E-003
1.5049999999999899E+000	2.1315102857413551E-003
1.5099999999999898E+000	2.0296537839114442E-003
1.5149999999999897E+000	1.9298968246740909E-003
1.5199999999999896E+000	1.8323105030909020E-003
1.5249999999999895E+000	1.7369615016155232E-003
1.5299999999999894E+000	1.6442095061589977E-003
1.5349999999999893E+000	1.5538069127163485E-003
1.5399999999999892E+000	1.4658114351008579E-003
1.5449999999999890E+000	1.3802752896531173E-003
1.5499999999999889E+000	1.2972468939036871E-003
1.5549999999999888E+000	1.2167703741690207E-003
1.5599999999999887E+000	1.1388799549926563E-003
1.5649999999999886E+000	1.0684626548025209E-003
1.5699999999999885E+000	9.9127596777751873E-004
1.5749999999999884E+000	9.2070066545948959E-004
1.5799999999999883E+000	8.5338996094649542E-004
1.5849999999999882E+000	7.8889539725646716E-004
1.5899999999999881E+000	7.2719346694422060E-004
1.5949999999999880E+000	6.6823675544104024E-004
1.5999999999999879E+000	6.1198692641920775E-004
1.6049999999999878E+000	5.5846761250670236E-004
1.6099999999999877E+000	5.0767687637760751E-004
1.6149999999999876E+000	4.5959186448842461E-004
1.6199999999999875E+000	4.1421687456291289E-004
1.6249999999999873E+000	3.7154539472338482E-004
1.6299999999999872E+000	3.3156243987689146E-004
1.6349999999999871E+000	2.9424918798950385E-004
1.6399999999999870E+000	2.5958364931307929E-004
1.6449999999999869E+000	2.2754079550700056E-004
1.6499999999999868E+000	1.9809270944372583E-004
1.6549999999999867E+000	1.7120869416874452E-004
1.6599999999999866E+000	1.4685545098182219E-004
1.6649999999999865E+000	1.2499714244458776E-004
1.6699999999999864E+000	1.0559561555875582E-004
1.6749999999999863E+000	9.5058685432750770E-005
1.6799999999999862E+000	7.9580076372032498E-005
1.6849999999999861E+000	6.4820066064136820E-005
1.6899999999999860E+000	5.4323434939844409E-005
1.6949999999999859E+000	4.4699710645658557E-005
1.6999999999999857E+000	3.8726201970769504E-005
1.7049999999999856E+000	3.5053872607213210E-005
1.7099999999999855E+000	3.3534962781005542E-005
1.7149999999999854E+000	3.4074138685924452E-005
1.7199999999999853E+000	3.6815988198281124E-005
1.7249999999999852E+000	4.0847291991162013E-005
1.7299999999999851E+000	4.7117002327514026E-005
1.7349999999999850E+000	5.5262742588740418E-005
1.7399999999999849E+000	6.5230522720580251E-005
1.7449999999999848E+000	7.6922039539912177E-005
1.7499999999999847E+000	9.0254883453735454E-005
1.7549999999999846E+000	1.0516393806629941E-004
1.7599999999999845E+000	1.2158475513052841E-004
1.7649999999999844E+000	1.3945781957162335E-004
1.7699999999999843E+000	1.5872579702255727E-004
1.7749999999999841E+000	1.7933097896637133E-004
1.7799999999999840E+000	2.0121565725222926E-004
1.7849999999999839E+000	2.2431505419099983E-004
1.7899999999999838E+000	2.4860792758179607E-004
1.7949999999999837E+000	2.7399389862873505E-004
1.7999999999999836E+000	3.0042913711354177E-004
1.8049999999999835E+000	3.2786398220533650E-004
1.8099999999999834E+000	3.5624181093858747E-004
1.8149999999999833E+000	3.8550376247853662E-004
1.8199999999999832E+000	4.1559633079046610E-004
1.8249999999999831E+000	4.4646462527559865E-004
1.8299999999999830E+000	4.7805478913296693E-004
1.8349999999999829E+000	5.1031398709731164E-004
1.8399999999999828E+000	5.4319019915986843E-004
1.8449999999999827E+000	5.7663224721027752E-004
1.8499999999999825E+000	6.1058980908331947E-004
1.8549999999999824E+000	6.4501345213541878E-004
1.8599999999999823E+000	6.7985464893101919E-004
1.8649999999999822E+000	7.1506581838278013E-004
1.8699999999999821E+000	7.5060037487534857E-004
1.8749999999999820E+000	7.8641274258406499E-004
1.8799999999999819E+000	8.2245838644887223E-004
1.8799999999999819E+000	8.2040510970398577E-004
1.8849999999999818E+000	8.5704258624597638E-004
1.8899999999999817E+000	8.9344469131696924E-004
1.8949999999999816E+000	9.2994159983284734E-004
1.8999999999999815E+000	9.6652119005239312E-004
1.9049999999999814E+000	1.0031350314228162E-003
1.9099999999999813E+000	1.0397374057062217E-003
1.9149999999999812E+000	1.0763297682769442E-003
1.9199999999999811E+000	1.1128627995013354E-003
1.9249999999999809E+000	1.1492783055790561E-003
1.9299999999999808E+000	1.1855434759076211E-003
1.9349999999999807E+000	1.2216264208116390E-003
1.9399999999999806E+000	1.2574962055834074E-003
1.9449999999999805E+000	1.2931330693923976E-003
1.9499999999999804E+000	1.3284967441698741E-003
1.9549999999999803E+000	1.3617357571140121E-003
1.9599999999999802E+000	1.3995182841162869E-003
1.9649999999999801E+000	1.4339146775610334E-003
1.9699999999999800E+000	1.4676240739960066E-003
1.9749999999999799E+000	1.5009398581024051E-003
1.9799999999999798E+000	1.5338728287639871E-003
1.9849999999999797E+000	1.5658763967363919E-003
1.9899999999999796E+000	1.6008582487528008E-003
1.9949999999999795E+000	1.6317569667455263E-003
1.9999999999999793E+000	1.6661008903841043E-003
2.0049999999999795E+000	1.6969538721170131E-003
2.0099999999999794E+000	1.7268752753672723E-003
2.0149999999999793E+000	1.7561534653929949E-003
2.0199999999999791E+000	1.7848409905671600E-003
2.0249999999999790E+000	1.8129464404825237E-003
2.0299999999999789E+000	1.8404647324623252E-003
2.0349999999999788E+000	1.8673851546867062E-003
2.0399999999999787E+000	1.8936944897923367E-003
2.0449999999999786E+000	1.9193787656897386E-003
2.0499999999999785E+000	1.9444242703629906E-003
2.0549999999999784E+000	1.9688181225925010E-003
2.0599999999999783E+000	1.9925482762947109E-003
2.0649999999999782E+000	2.0156037715172940E-003
2.0699999999999781E+000	2.0379746931748293E-003
2.0749999999999780E+000	2.0596521382625589E-003
2.0799999999999779E+000	2.0806282033992035E-003
2.0849999999999778E+000	2.1008959442096525E-003
2.0899999999999777E+000	2.1204493309807579E-003
2.0949999999999775E+000	2.1392832801212461E-003
2.0999999999999774E+000	2.1573935698756992E-003
2.1049999999999773E+000	2.1747768197064176E-003
2.1099999999999772E+000	2.1914304615272711E-003
2.1149999999999771E+000	2.2073526901042833E-003
2.1199999999999770E+000	2.2225423103996314E-003
2.1249999999999769E+000	2.2369989535285660E-003
2.1299999999999768E+000	2.2507228240408756E-003
2.1349999999999767E+000	2.2637148580632854E-003
2.1399999999999766E+000	2.2758624607670513E-003
2.1449999999999765E+000	2.2872834935438375E-003
2.1499999999999764E+000	2.2979807863797242E-003
2.1549999999999763E+000	2.3079575709860681E-003
2.1599999999999762E+000	2.3172174636747023E-003
2.1649999999999761E+000	2.3316907765679935E-003
2.1699999999999759E+000	2.3399805674132260E-003
2.1749999999999758E+000	2.3458588589153934E-003
2.1799999999999757E+000	2.3548874531156097E-003
2.1849999999999756E+000	2.3601015617449894E-003
2.1899999999999755E+000	2.3638130208469819E-003
2.1949999999999754E+000	2.3670508275028526E-003
2.1999999999999753E+000	2.3698400418798267E-003
2.2049999999999752E+000	2.3721479607916179E-003
2.2099999999999751E+000	2.3739429688204440E-003
2.2149999999999750E+000	2.3752014179351912E-003
2.2199999999999749E+000	2.3759060213057368E-003
2.2249999999999748E+000	2.3760446286346646E-003
2.2299999999999747E+000	2.3756102250112195E-003
2.2349999999999746E+000	2.3787233473540632E-003
2.2399999999999745E+000	2.3770202430711939E-003
2.2449999999999743E+000	2.3735789434471788E-003
2.2499999999999742E+000	2.3697232867392354E-003
2.2549999999999741E+000	2.3655192555423971E-003
2.2599999999999740E+000	2.3609395608321653E-003
2.2649999999999739E+000	2.3559543923047338E-003
2.2699999999999738E+000	2.3505409854577834E-003
2.2749999999999737E+000	2.3446834141258948E-003
2.2799999999999736E+000	2.3383718615401935E-003
2.2849999999999735E+000	2.3316012481548825E-003
2.2899999999999734E+000	2.3243698348763809E-003
2.2949999999999733E+000	2.3166787536440165E-003
2.2999999999999732E+000	2.3085313884536585E-003
2.3049999999999731E+000	2.2999327957317103E-003
2.3099999999999730E+000	2.2908892856292507E-003
2.3149999999999729E+000	2.2814091353108175E-003
2.3199999999999728E+000	2.2715017289480065E-003
2.3249999999999726E+000	2.2611765751392597E-003
2.3299999999999725E+000	2.2504432916771407E-003
2.3349999999999724E+000	2.2393106931210701E-003
2.3399999999999723E+000	2.2277880473670747E-003
2.3449999999999722E+000	2.2158851752901556E-003
2.3499999999999721E+000	2.2036121451126855E-003
2.3549999999999720E+000	2.1909791306372844E-003
2.3599999999999719E+000	2.1779964086270070E-003
2.3649999999999718E+000	2.1646742984087097E-003
2.3699999999999717E+000	2.1510231965206563E-003
2.3749999999999716E+000	2.1370540262873440E-003
2.3799999999999715E+000	2.1227770252364290E-003
2.3849999999999714E+000	2.1082024344657017E-003
2.3899999999999713E+000	2.0933406229019756E-003
2.3949999999999712E+000	2.0782020477472726E-003
2.3999999999999710E+000	2.0627971916773484E-003
2.4049999999999709E+000	2.0471365746065678E-003
2.4099999999999708E+000	2.0425361676208766E-003
2.4149999999999707E+000	2.0253093152029222E-003
2.4199999999999706E+000	2.0074783783799598E-003
2.4249999999999705E+000	1.9896877113045053E-003
2.4299999999999704E+000	1.9719172742526676E-003
2.4349999999999703E+000	1.9541331767280483E-003
2.4399999999999702E+000	1.9363083334381817E-003
2.4449999999999701E+000	1.9184228876826554E-003
2.4499999999999700E+000	1.9004564095707758E-003
2.4549999999999699E+000	1.8824279805466928E-003
2.4599999999999698E+000	1.8642979718609964E-003
2.4649999999999697E+000	1.8460669938321435E-003
2.4699999999999696E+000	1.8277325515697225E-003
2.4749999999999694E+000	1.8092960420623360E-003
2.4799999999999693E+000	1.7963435487952876E-003
2.4849999999999692E+000	1.7774873288713511E-003
2.4899999999999691E+000	1.7579929850413309E-003
2.4949999999999690E+000	1.7385228503754822E-003
2.4999999999999689E+000	1.7190713180241346E-003
2.5049999999999688E+000	1.6996320835001967E-003
2.5099999999999687E+000	1.6802004899195439E-003
2.5149999999999686E+000	1.6634079386308117E-003
2.5199999999999685E+000	1.6447591332629141E-003
2.5249999999999684E+000	1.6247522929976692E-003
2.5299999999999683E+000	1.6047556733344841E-003
2.5349999999999682E+000	1.5848331609072093E-003
2.5399999999999681E+000	1.5649836517283953E-003
2.5449999999999680E+000	1.5451987206643201E-003
2.5499999999999678E+000	1.5254710163242952E-003
2.5549999999999677E+000	1.5057952875292433E-003
2.5599999999999676E+000	1.4861670124928740E-003
2.5649999999999675E+000	1.4665866508977682E-003
2.5699999999999674E+000	1.4470532851602448E-003
2.5749999999999673E+000	1.4275679489558931E-003
2.5799999999999672E+000	1.4081327957224444E-003
2.5849999999999671E+000	1.3887508161104824E-003
2.5899999999999670E+000	1.3694256123743685E-003
2.5949999999999669E+000	1.3501611899511599E-003
2.5999999999999668E+000	1.3309618318344985E-003
2.6049999999999667E+000	1.3118320096119039E-003
2.6099999999999666E+000	1.2927763195455717E-003
2.6149999999999665E+000	1.2737994316174049E-003
2.6199999999999664E+000	1.2549060559962639E-003
2.6249999999999662E+000	1.2361009208135376E-003
2.6299999999999661E+000	1.2173887533976861E-003
2.6349999999999660E+000	1.1987742621786203E-003
2.6399999999999659E+000	1.1802621545563092E-003
2.6449999999999658E+000	1.1618571226295876E-003
2.6499999999999657E+000	1.1435638331002741E-003
2.6549999999999656E+000	1.1253869225359000E-003
2.6599999999999655E+000	1.1073309963914228E-003
2.6649999999999654E+000	1.0894006399027574E-003
2.6699999999999653E+000	1.0716004843341169E-003
2.6749999999999652E+000	1.0539350507359239E-003
2.6799999999999651E+000	1.0364088337342264E-003
2.6849999999999650E+000	1.0190263039079185E-003
2.6899999999999649E+000	1.0017919089000567E-003
2.6949999999999648E+000	9.8471007761005550E-004
2.6999999999999647E+000	9.6779123282658220E-004
2.7049999999999645E+000	9.5189841302858059E-004
2.7099999999999644E+000	9.3411302054414135E-004
2.7149999999999643E+000	9.1852043689472150E-004
2.7199999999999642E+000	9.0214726400052007E-004
2.7249999999999641E+000	8.8584219539588824E-004
2.7299999999999640E+000	8.6920839515605361E-004
2.7349999999999639E+000	8.5480713342110768E-004
2.7399999999999638E+000	8.3930941347672714E-004
2.7449999999999637E+000	8.2386311928734171E-004
2.7499999999999636E+000	8.0862613387871866E-004
2.7549999999999635E+000	7.9363159498315426E-004
2.7599999999999634E+000	7.7888246108168266E-004
2.7649999999999633E+000	7.6437783364250291E-004
2.7699999999999632E+000	7.5011633832484351E-004
2.7749999999999631E+000	7.3609631128022262E-004
2.7799999999999629E+000	7.2231738468077193E-004
2.7849999999999628E+000	7.0879597696107174E-004
2.7899999999999627E+000	6.9554283342971224E-004
2.7949999999999626E+000	6.8253607285726056E-004
2.7999999999999625E+000	6.6978132501785837E-004
2.8049999999999624E+000	6.5728002615799243E-004
2.8099999999999623E+000	6.4503345289154375E-004
2.8149999999999622E+000	6.3304394696055827E-004
2.8199999999999621E+000	6.2131362861035254E-004
2.8249999999999620E+000	6.0984547299902615E-004
2.8299999999999619E+000	5.9864241236534774E-004
2.8349999999999618E+000	5.8770736819330053E-004
2.8399999999999617E+000	5.7704325472538104E-004
2.8449999999999616E+000	5.6665297143325204E-004
2.8499999999999615E+000	5.5653939116725624E-004
2.8549999999999613E+000	5.4670534523497036E-004
2.8599999999999612E+000	5.3715360731191252E-004
2.8649999999999611E+000	5.2788687808051063E-004
2.8699999999999610E+000	5.1890777250695921E-004
2.8749999999999609E+000	5.1021880841018493E-004
2.8799999999999608E+000	5.0182239570152577E-004
2.8849999999999607E+000	4.9372082731797748E-004
2.8899999999999606E+000	4.8591627121164307E-004
2.8949999999999605E+000	4.7841076307537998E-004
2.8999999999999604E+000	4.7120619953978704E-004
2.9049999999999603E+000	4.6430433181047414E-004
2.9099999999999602E+000	4.5770675950118725E-004
2.9149999999999601E+000	4.5141492714820936E-004
2.9199999999999600E+000	4.4543013330530784E-004
2.9249999999999599E+000	4.3975348742789018E-004
2.9299999999999597E+000	4.3438592552833807E-004
2.9349999999999596E+000	4.2932820525205112E-004
2.9399999999999595E+000	4.2458090152325690E-004
2.9449999999999594E+000	4.2014440265522558E-004
2.9499999999999593E+000	4.1601890690581123E-004
2.9549999999999592E+000	4.1220441956454825E-004
2.9599999999999591E+000	4.0870067595318959E-004
2.9649999999999590E+000	4.0550724824644401E-004
2.9699999999999589E+000	4.0261690687595368E-004
2.9749999999999588E+000	4.0002767833817156E-004
2.9799999999999587E+000	3.9774035565464646E-004
2.9849999999999586E+000	3.9575853304424174E-004
2.9899999999999585E+000	3.9409374523866937E-004
2.9949999999999584E+000	3.9273765909797833E-004
2.9999999999999583E+000	3.9168710804901087E-004
3.0049999999999581E+000	3.9093679932454312E-004
3.0099999999999580E+000	3.9048516342154516E-004
3.0149999999999579E+000	3.9032987318774490E-004
3.0199999999999578E+000	3.9046806085882513E-004
3.0249999999999577E+000	3.9089674199493376E-004
3.0299999999999576E+000	3.9161282147695217E-004
3.0349999999999575E+000	3.9261306181372790E-004
3.0399999999999574E+000	3.9389406078948097E-004
3.0449999999999573E+000	3.9545224563742297E-004
3.0499999999999572E+000	3.9728387141945272E-004
3.0549999999999571E+000	3.9938500876382667E-004
3.0599999999999570E+000	4.0175156635169937E-004
3.0649999999999569E+000	4.0437928946388170E-004
3.0699999999999568E+000	4.0726375546444983E-004
3.0749999999999567E+000	4.1040037574937535E-004
3.0799999999999566E+000	4.1378439792475857E-004
3.0849999999999564E+000	4.1741091719517572E-004
3.0899999999999563E+000	4.1280547933406287E-004
3.0949999999999562E+000	4.1717871441648613E-004
3.0999999999999561E+000	4.2422137999798638E-004
3.1049999999999560E+000	4.2956152392445624E-004
3.1099999999999559E+000	4.3480790210245030E-004
3.1149999999999558E+000	4.4021126457862927E-004
3.1199999999999557E+000	4.4579833077272417E-004
3.1249999999999556E+000	4.5156448712126813E-004
3.1299999999999555E+000	4.5750289644434533E-004
3.1349999999999554E+000	4.6360788646311303E-004
3.1399999999999553E+000	4.6987435047458588E-004
3.1449999999999552E+000	4.7629660982396451E-004
3.1499999999999551E+000	4.7838817394695157E-004
3.1549999999999550E+000	4.8535045345178448E-004
3.1599999999999548E+000	4.9237327431970513E-004
3.1649999999999547E+000	4.9942777257737229E-004
3.1699999999999546E+000	5.0850029528439172E-004
3.1749999999999545E+000	5.1625025496073601E-004
3.1799999999999544E+000	5.2047200922409492E-004
3.1849999999999543E+000	5.2960576043145180E-004
3.1899999999999542E+000	5.3747651210773095E-004
3.1949999999999541E+000	5.4532780642612614E-004
3.1999999999999540E+000	5.5327143436873579E-004
3.2049999999999539E+000	5.6129481605160763E-004
3.2099999999999538E+000	5.6937920138164417E-004
3.2149999999999537E+000	5.7751118447394345E-004
3.2199999999999536E+000	5.8568109480809974E-004
3.2249999999999535E+000	5.9388106316262898E-004
3.2299999999999534E+000	6.0210382714547667E-004
3.2349999999999532E+000	6.1034218238990856E-004
3.2399999999999531E+000	6.1858875929728671E-004
3.2449999999999530E+000	6.2683601696377010E-004
3.2499999999999529E+000	6.3507625465184349E-004
3.2549999999999528E+000	6.4330168386355865E-004
3.2599999999999527E+000	6.5150444939657791E-004
3.2649999999999526E+000	6.5967666473328067E-004
3.2699999999999525E+000	6.6781043106421841E-004
3.2749999999999524E+000	6.7589789264110660E-004
3.2799999999999523E+000	6.8393118812660970E-004
3.2849999999999522E+000	6.9190246336441367E-004
3.2899999999999521E+000	6.9980388497264154E-004
3.2949999999999520E+000	7.0762766656333952E-004
3.2999999999999519E+000	7.1536603934767512E-004
3.3049999999999518E+000	7.2301124806307927E-004
3.3099999999999516E+000	7.3055548631567309E-004
3.3149999999999515E+000	7.3799117927622908E-004
3.3199999999999514E+000	7.4531073482565302E-004
3.3249999999999513E+000	7.5250661069127197E-004
3.3299999999999512E+000	7.5957138551127569E-004
3.3349999999999511E+000	7.6649780798895785E-004
3.3399999999999510E+000	7.7327890670183207E-004
3.3449999999999509E+000	7.7990795148387805E-004
3.3499999999999508E+000	7.8637835432925562E-004
3.3549999999999507E+000	7.9268360933737155E-004
3.3599999999999506E+000	7.9881724871287685E-004
3.3649999999999505E+000	8.0477298014762922E-004
3.3699999999999504E+000	8.1054455264117844E-004
3.3749999999999503E+000	8.1612576795321459E-004
3.3799999999999502E+000	8.2151052539335904E-004
3.3849999999999500E+000	8.2669288419294224E-004
3.3899999999999499E+000	8.3166703979521879E-004
3.3949999999999498E+000	8.3642739220772750E-004
3.3999999999999497E+000	8.4096845627988420E-004
3.4049999999999496E+000	8.4528479224962037E-004
3.4099999999999495E+000	8.4937132202761868E-004
3.4149999999999494E+000	8.5322320042093393E-004
3.4199999999999493E+000	8.5683582050514052E-004
3.4249999999999492E+000	8.6020480010105772E-004
3.4299999999999491E+000	8.6332563648367747E-004
3.4349999999999490E+000	8.6619393096018591E-004
3.4399999999999489E+000	8.6880544322859993E-004
3.4449999999999488E+000	8.7115627248888681E-004
3.4499999999999487E+000	8.7324249437597526E-004
3.4549999999999486E+000	8.7506036109682517E-004
3.4599999999999485E+000	8.7660638524364389E-004
3.4649999999999483E+000	8.7787766614444906E-004
3.4699999999999482E+000	8.7887185128678123E-004
3.4749999999999481E+000	8.7958692701297031E-004
3.4799999999999480E+000	8.8002101361857354E-004
3.4849999999999479E+000	8.8017239553974790E-004
3.4899999999999478E+000	8.8004035797500729E-004
3.4949999999999477E+000	8.7962397862597166E-004
3.4999999999999476E+000	8.7892230002078466E-004
3.5049999999999475E+000	8.7793478000843992E-004
3.5099999999999474E+000	8.7666103867029498E-004
3.5149999999999473E+000	8.7510094176191375E-004
3.5199999999999472E+000	8.7325456993256128E-004
3.5249999999999471E+000	8.7112224274840308E-004
3.5299999999999470E+000	8.6870454576675903E-004
3.5349999999999469E+000	8.6600233551691757E-004
3.5399999999999467E+000	8.6301673010444097E-004
3.5449999999999466E+000	8.5974911458101344E-004
3.5499999999999465E+000	8.5620113930888865E-004
3.5549999999999464E+000	8.5237472285137558E-004
3.5599999999999463E+000	8.4827205626290272E-004
3.5649999999999462E+000	8.4389559239862473E-004
3.5699999999999461E+000	8.3924804781850503E-004
3.5749999999999460E+000	8.3433240117199452E-004
3.5799999999999459E+000	8.2915189148447183E-004
3.5849999999999458E+000	8.2371001607969472E-004
3.5899999999999457E+000	8.1801052813508112E-004
3.5949999999999456E+000	8.1205743375064492E-004
3.5999999999999455E+000	8.0585498868405254E-004
3.6049999999999454E+000	7.9940769463454934E-004
3.6099999999999453E+000	7.9272029515407177E-004
3.6149999999999451E+000	7.8579777113655346E-004
3.6199999999999450E+000	7.7864533590429506E-004
3.6249999999999449E+000	7.7126842987277581E-004
3.6299999999999448E+000	7.6367271484157522E-004
3.6349999999999447E+000	7.5586406786849476E-004
3.6399999999999446E+000	7.4784857477924640E-004
3.6449999999999445E+000	7.3963252329986952E-004
3.6499999999999444E+000	7.3122239582444994E-004
3.6549999999999443E+000	7.2262486183764449E-004
3.6599999999999442E+000	7.1384676998594563E-004
3.6649999999999441E+000	7.0489513985130586E-004
3.6699999999999440E+000	6.9577715338899602E-004
3.6749999999999439E+000	6.8650015017145778E-004
3.6799999999999438E+000	6.7707161738086140E-004
3.6849999999999437E+000	6.6749917291179361E-004
3.6899999999999435E+000	6.5779055323163303E-004
3.6949999999999434E+000	6.4795360372297748E-004
3.6999999999999433E+000	6.3799628290931170E-004
3.7049999999999432E+000	6.2792664689737161E-004
3.7099999999999431E+000	6.1775283706212280E-004
3.7149999999999430E+000	6.0748325645500255E-004
3.7199999999999429E+000	5.9712611915756718E-004
3.7249999999999428E+000	5.8668972249072181E-004
3.7299999999999427E+000	5.7618241626845206E-004
3.7349999999999426E+000	5.6561259102551136E-004
3.7399999999999425E+000	5.5498866153801140E-004
3.7449999999999424E+000	5.4431906680139789E-004
3.7499999999999423E+000	5.3361225000842232E-004
3.7549999999999422E+000	5.2287664466554265E-004
3.7599999999999421E+000	5.1212066335017689E-004
3.7649999999999419E+000	5.0135271267281458E-004
3.7699999999999418E+000	4.9058111397184230E-004
3.7749999999999417E+000	4.7981414263229764E-004
3.7799999999999416E+000	4.6906002459204681E-004
3.7849999999999415E+000	4.5832692008275760E-004
3.7899999999999414E+000	4.4762290958837408E-004
3.7949999999999413E+000	4.3695598450560653E-004
3.7999999999999412E+000	4.2633403899123434E-004
3.8049999999999411E+000	4.1576486175755968E-004
3.8099999999999410E+000	4.0610041234031028E-004
3.8149999999999409E+000	3.9507308356742112E-004
3.8199999999999408E+000	3.8434968515184837E-004
3.8249999999999407E+000	3.7442905226911814E-004
3.8299999999999406E+000	3.6365019967397113E-004
3.8349999999999405E+000	3.5313278483285157E-004
3.8399999999999403E+000	3.4371850351563567E-004
3.8449999999999402E+000	3.3342367561819237E-004
3.8499999999999401E+000	3.2334962007403271E-004
3.8549999999999400E+000	3.1351878952710487E-004
3.8599999999999399E+000	3.0393158349558205E-004
3.8649999999999398E+000	2.9454505238189494E-004
3.8699999999999397E+000	2.8533211546382113E-004
3.8749999999999396E+000	2.7628016762491764E-004
3.8799999999999395E+000	2.6738520692439914E-004
3.8849999999999394E+000	2.5864773082045659E-004
3.8899999999999393E+000	2.5007042527283233E-004
3.8949999999999392E+000	2.4165696825747228E-004
3.8999999999999391E+000	2.3341143788039917E-004
3.9049999999999390E+000	2.2533803421803978E-004
3.9099999999999389E+000	2.1744094449837643E-004
3.9149999999999388E+000	2.0972427064565690E-004
3.9199999999999386E+000	2.0126450861741160E-004
3.9199999999999386E+000	2.0151870653268168E-004
3.9249999999999385E+000	1.9397568152034072E-004
3.9299999999999384E+000	1.8671657083562735E-004
3.9349999999999383E+000	1.7977416295493750E-004
3.9399999999999382E+000	1.7310043350764840E-004
3.9449999999999381E+000	1.6666080726602994E-004
3.9499999999999380E+000	1.6043827441286301E-004
3.9549999999999379E+000	1.5442581672242870E-004
3.9599999999999378E+000	1.4862129888398311E-004
3.9649999999999377E+000	1.4302473274913489E-004
3.9699999999999376E+000	1.3763700683449168E-004
3.9749999999999375E+000	1.3245932984941815E-004
3.9799999999999374E+000	1.2749299283459602E-004
3.9849999999999373E+000	1.2273926417076341E-004
3.9899999999999372E+000	1.1819933989974737E-004
3.9949999999999370E+000	1.1387431206265801E-004
3.9999999999999369E+000	1.0976514148947128E-004
4.0049999999999368E+000	1.0587263312606792E-004
4.0099999999999367E+000	1.0219741468244689E-004
4.0149999999999366E+000	9.8739919261518121E-005
4.0199999999999365E+000	9.5504701865981674E-005
4.0249999999999364E+000	9.2486470034967147E-005
4.0299999999999363E+000	8.9684728850131714E-005
4.0349999999999362E+000	8.7099511032658519E-005
4.0399999999999361E+000	8.4730364156757913E-005
4.0449999999999360E+000	8.2576515195801470E-005
4.0499999999999359E+000	8.0636954565043822E-005
4.0549999999999358E+000	7.8910469029922446E-005
4.0599999999999357E+000	7.7395650959770463E-005
4.0649999999999356E+000	7.6089643330185750E-005
4.0699999999999354E+000	7.4991793223486109E-005
4.0749999999999353E+000	7.4100311613939661E-005
4.0799999999999352E+000	7.3413090493402576E-005
4.0849999999999351E+000	7.2925885222595242E-005
4.0899999999999350E+000	7.2632165209285737E-005
4.0949999999999349E+000	7.2553509956492041E-005
4.0999999999999348E+000	7.2662117787256189E-005
4.1049999999999347E+000	7.2960787947609591E-005
4.1099999999999346E+000	7.3449037412834991E-005
4.1149999999999345E+000	7.4123335792959500E-005
4.1199999999999344E+000	7.4979764792069316E-005
4.1249999999999343E+000	7.6013761191084819E-005
4.1299999999999342E+000	7.7222722480096813E-005
4.1349999999999341E+000	7.8602811672313675E-005
4.1399999999999340E+000	8.0149580916965256E-005
4.1449999999999338E+000	8.1860104220865979E-005
4.1499999999999337E+000	8.3730447839854786E-005
4.1549999999999336E+000	8.5756654177449688E-005
4.1599999999999335E+000	8.7934745585354282E-005
4.1649999999999334E+000	9.0260646514724168E-005
4.1699999999999333E+000	9.2730183913979804E-005
4.1749999999999332E+000	9.5339097925024998E-005
4.1799999999999331E+000	9.8083050987324324E-005
4.1849999999999330E+000	1.0095763536118672E-004
4.1899999999999329E+000	1.0395837552622540E-004
4.1949999999999328E+000	1.0708074581062001E-004
4.1999999999999327E+000	1.1032016820424445E-004
4.2049999999999326E+000	1.1367201868932994E-004
4.2099999999999325E+000	1.1713163312175756E-004
4.2149999999999324E+000	1.2069431259013579E-004
4.2199999999999322E+000	1.2435532944662938E-004
4.2249999999999321E+000	1.2810993158969777E-004
4.2299999999999320E+000	1.3195334303147364E-004
4.2349999999999319E+000	1.3588076888802926E-004
4.2399999999999318E+000	1.3988740119058645E-004
4.2449999999999317E+000	1.4396842445050088E-004
4.2499999999999316E+000	1.4811901966240972E-004
4.2549999999999315E+000	1.5233436506003733E-004
4.2599999999999314E+000	1.5660964132425636E-004
4.2649999999999313E+000	1.6094003575761200E-004
4.2699999999999312E+000	1.6532074683782029E-004
4.2749999999999311E+000	1.6974698695555295E-004
4.2799999999999310E+000	1.7421398648959606E-004
4.2849999999999309E+000	1.7871699692801433E-004
4.2899999999999308E+000	1.8325129516552952E-004
4.2949999999999307E+000	1.8781218614276446E-004
4.2999999999999305E+000	1.9239500811037347E-004
4.3049999999999304E+000	1.9699513502340919E-004
4.3099999999999303E+000	2.0160795532609966E-004
4.3149999999999302E+000	2.0622882811585877E-004
4.3199999999999301E+000	2.1085311170296404E-004
4.3249999999999300E+000	2.1547619253865479E-004
4.3299999999999299E+000	2.2009346314740696E-004
4.3349999999999298E+000	2.2470039063295661E-004
4.3399999999999297E+000	2.2929251094283996E-004
4.3449999999999296E+000	2.3386543171313045E-004
4.3499999999999295E+000	2.3841482878115506E-004
4.3549999999999294E+000	2.4293645081494366E-004
4.3599999999999293E+000	2.4742612997879061E-004
4.3649999999999292E+000	2.5187977884553726E-004
4.3699999999999291E+000	2.5629338851142268E-004
4.3749999999999289E+000	2.6066303326480785E-004
4.3799999999999288E+000	2.6498489822357967E-004
4.3849999999999287E+000	2.6925521324614306E-004
4.3899999999999286E+000	2.7347032648464232E-004
4.3949999999999285E+000	2.7762667184707862E-004
4.3999999999999284E+000	2.8172077150136307E-004
4.4049999999999283E+000	2.8574924556210761E-004
4.4099999999999282E+000	2.8970880987429112E-004
4.4149999999999281E+000	2.9359627409582869E-004
4.4199999999999280E+000	2.9740854633295060E-004
4.4249999999999279E+000	3.0114263508235830E-004
4.4299999999999278E+000	3.0479565041139722E-004
4.4349999999999277E+000	3.0836480446577973E-004
4.4399999999999276E+000	3.1184741525113716E-004
4.4449999999999275E+000	3.1524090520017328E-004
4.4499999999999273E+000	3.1854283278909956E-004
4.4549999999999272E+000	3.2175088395841833E-004
4.4599999999999271E+000	3.2486278559311832E-004
4.4649999999999270E+000	3.2787636507091962E-004
4.4699999999999269E+000	3.3078955420272403E-004
4.4749999999999268E+000	3.3360038827437059E-004
4.4799999999999267E+000	3.3630673656916257E-004
4.4849999999999266E+000	3.3890714311030366E-004
4.4899999999999265E+000	3.4139990835344036E-004
4.4949999999999264E+000	3.4378343557801215E-004
4.4999999999999263E+000	3.4605624228538487E-004
4.5049999999999262E+000	3.4821696508220576E-004
4.5099999999999261E+000	3.5026435190329262E-004
4.5149999999999260E+000	3.5219723511708010E-004
4.5199999999999259E+000	3.5401456834225920E-004
4.5249999999999257E+000	3.5571540790105087E-004
4.5299999999999256E+000	3.5729889876167785E-004
4.5349999999999255E+000	3.5876432225616064E-004
4.5399999999999254E+000	3.6011111123937305E-004
4.5449999999999253E+000	3.6133886012884462E-004
4.5499999999999252E+000	3.6244719303533496E-004
4.5549999999999251E+000	3.6343587261782078E-004
4.5599999999999250E+000	3.6430471041355977E-004
4.5649999999999249E+000	3.6505365579133194E-004
4.5699999999999248E+000	3.6568271256532108E-004
4.5749999999999247E+000	3.6619211296219482E-004
4.5799999999999246E+000	3.6658231588563753E-004
4.5849999999999245E+000	3.6685381143714419E-004
4.5899999999999244E+000	3.6700723025475486E-004
4.5949999999999243E+000	3.6704320191857523E-004
4.5999999999999241E+000	3.6696286592200969E-004
4.6049999999999240E+000	3.6676739142583775E-004
4.6099999999999239E+000	3.6645760580759657E-004
4.6149999999999238E+000	3.6603435650831657E-004
4.6199999999999237E+000	3.6549868927499181E-004
4.6249999999999236E+000	3.6485175264846967E-004
4.6299999999999235E+000	3.6409471793069783E-004
4.6349999999999234E+000	3.6322825613368284E-004
4.6399999999999233E+000	3.6225332114441454E-004
4.6449999999999232E+000	3.6117110847425131E-004
4.6499999999999231E+000	3.5998291781064238E-004
4.6549999999999230E+000	3.5868989770572349E-004
4.6599999999999229E+000	3.5729402559561165E-004
4.6649999999999228E+000	3.5579653022250102E-004
4.6699999999999227E+000	3.5419901048241163E-004
4.6749999999999226E+000	3.5250313480881417E-004
4.6799999999999224E+000	3.5071060804943020E-004
4.6849999999999223E+000	3.4882318869867518E-004
4.6899999999999222E+000	3.4684268863730954E-004
4.6949999999999221E+000	3.4477097070231713E-004
4.6999999999999220E+000	3.4260994544074057E-004
4.7049999999999219E+000	3.4036130410946625E-004
4.7099999999999218E+000	3.3802761415859856E-004
4.7149999999999217E+000	3.3561059473222681E-004
4.7199999999999216E+000	3.3311233657167373E-004
4.7249999999999215E+000	3.3053497929237051E-004
4.7299999999999214E+000	3.2788067970051116E-004
4.7349999999999213E+000	3.2515162810169119E-004
4.7399999999999212E+000	3.2235004919608227E-004
4.7449999999999211E+000	3.1947819926259936E-004
4.7499999999999210E+000	3.1653836373748403E-004
4.7549999999999208E+000	3.1353285530076646E-004
4.7599999999999207E+000	3.1046401210932807E-004
4.7649999999999206E+000	3.0733419600211702E-004
4.7699999999999205E+000	3.0414579070113317E-004
4.7749999999999204E+000	3.0090089970370417E-004
4.7799999999999203E+000	2.9760258355755075E-004
4.7849999999999202E+000	2.9425292085141953E-004
4.7899999999999201E+000	2.9085437115234622E-004
4.7949999999999200E+000	2.8740940805507218E-004
4.7999999999999199E+000	2.8392044194605631E-004
4.8049999999999198E+000	2.8038995253214347E-004
4.8099999999999197E+000	2.7682042824154151E-004
4.8149999999999196E+000	2.7321436440482405E-004
4.8199999999999195E+000	2.6957426099888409E-004
4.8249999999999194E+000	2.6590262081018949E-004
4.8299999999999192E+000	2.6220194779904052E-004
4.8349999999999191E+000	2.5847474543631475E-004
4.8399999999999190E+000	2.5472351503436557E-004
4.8449999999999189E+000	2.5095075410604503E-004
4.8499999999999188E+000	2.4715895472267839E-004
4.8549999999999187E+000	2.4335060192525503E-004
4.8599999999999186E+000	2.3952817209297152E-004
4.8649999999999185E+000	2.3569413137495792E-004
4.8699999999999184E+000	2.3185093410898227E-004
4.8749999999999183E+000	2.2800102126415911E-004
4.8799999999999182E+000	2.2414681889854033E-004
4.8849999999999181E+000	2.2029073663184010E-004
4.8899999999999180E+000	2.1643516613090120E-004
4.8949999999999179E+000	2.1258247960804556E-004
4.8999999999999178E+000	2.0873502834230145E-004
4.9049999999999176E+000	2.0489520232196593E-004
4.9099999999999175E+000	2.0106530038780979E-004
4.9149999999999174E+000	1.9724757423296671E-004
4.9199999999999173E+000	1.9344426264856680E-004
4.9249999999999172E+000	1.8965758620090594E-004
4.9299999999999171E+000	1.8588973838597791E-004
4.9349999999999170E+000	1.8214288250827145E-004
4.9399999999999169E+000	1.7841915015262235E-004
4.9449999999999168E+000	1.7472063970882116E-004
4.9499999999999167E+000	1.7104941502044661E-004
4.9549999999999166E+000	1.6740750405003164E-004
4.9599999999999165E+000	1.6379689764814656E-004
4.9649999999999164E+000	1.6021954835500655E-004
4.9699999999999163E+000	1.5667736932644367E-004
4.9749999999999162E+000	1.5317223397354906E-004
4.9799999999999160E+000	1.4970597330707752E-004
4.9849999999999159E+000	1.4628037523821107E-004
4.9899999999999158E+000	1.4289718376006734E-004
4.9949999999999157E+000	1.3955809799213223E-004
4.9999999999999156E+000	1.3626477118111680E-004
5.0049999999999155E+000	1.3301880980466597E-004
5.0099999999999154E+000	1.2982177266990705E-004
5.0149999999999153E+000	1.2667517008715972E-004
5.0199999999999152E+000	1.2358046301022172E-004
5.0249999999999151E+000	1.2053906231921929E-004
5.0299999999999150E+000	1.1755232806684993E-004
5.0349999999999149E+000	1.1462156881128759E-004
5.0399999999999148E+000	1.1174804096250349E-004
5.0449999999999147E+000	1.0893294821318299E-004
5.0499999999999146E+000	1.0617744097489307E-004
5.0549999999999145E+000	1.0348261589947000E-004
5.0599999999999143E+000	1.0084951540106812E-004
5.0649999999999142E+000	9.8279127274232249E-005
5.0699999999999141E+000	9.5772384339924162E-005
5.0749999999999140E+000	9.3330164121941761E-005
5.0799999999999139E+000	9.0953288599262186E-005
5.0849999999999138E+000	8.8642523993399868E-005
5.0899999999999137E+000	8.6398580599940353E-005
5.0949999999999136E+000	8.4222112706019140E-005
5.0999999999999135E+000	8.2113718491088407E-005
5.1049999999999134E+000	8.0073940031318469E-005
5.1099999999999133E+000	7.8103263349945374E-005
5.1149999999999132E+000	7.6202119683844364E-005
5.1199999999999131E+000	7.4370885087706395E-005
5.1249999999999130E+000	7.2609878050417309E-005
5.1299999999999129E+000	7.0919361614993717E-005
5.1349999999999127E+000	6.9299543635086886E-005
5.1399999999999126E+000	6.7750577092291794E-005
5.1449999999999125E+000	6.6272560490417836E-005
5.1499999999999124E+000	6.4865538250289998E-005
5.1549999999999123E+000	6.3529501193775360E-005
5.1599999999999122E+000	6.2264387025268196E-005
5.1649999999999121E+000	6.1070080891649739E-005
5.1699999999999120E+000	5.9946415958901470E-005
5.1749999999999119E+000	5.8893174053209230E-005
5.1799999999999118E+000	5.7910086310151456E-005
5.1849999999999117E+000	5.6996833888615251E-005
5.1899999999999116E+000	5.6153048714608020E-005
5.1949999999999115E+000	5.5378314251419724E-005
5.1999999999999114E+000	5.4672166316207233E-005
5.2049999999999113E+000	5.4034093923693745E-005
5.2099999999999111E+000	5.3463540155617357E-005
5.2149999999999110E+000	5.2959903079924812E-005
5.2199999999999109E+000	5.2522536690728984E-005
5.2249999999999108E+000	5.2150737906878925E-005
5.2299999999999107E+000	5.1843754372741240E-005
5.2349999999999106E+000	5.1601047955503144E-005
5.2399999999999105E+000	5.1421748250259185E-005
5.2449999999999104E+000	5.1299281318455392E-005
5.2499999999999103E+000	5.1229379161797744E-005
5.2549999999999102E+000	5.1213290979085945E-005
5.2599999999999101E+000	5.1259173408452682E-005
5.2649999999999100E+000	5.1368451337654797E-005
5.2699999999999099E+000	5.1541799809250547E-005
5.2749999999999098E+000	5.1774698827306158E-005
5.2799999999999097E+000	5.2065475045689238E-005
5.2849999999999095E+000	5.2412349505242123E-005
5.2899999999999094E+000	5.2813854739785335E-005
5.2949999999999093E+000	5.3268581536575919E-005
5.2999999999999092E+000	5.3775110904122379E-005
5.3049999999999091E+000	5.4332016684776107E-005
5.3099999999999090E+000	5.4937864549497510E-005
5.3149999999999089E+000	5.5591209169348322E-005
5.3199999999999088E+000	5.6290592459077801E-005
5.3249999999999087E+000	5.7034546840039792E-005
5.3299999999999086E+000	5.7821598588229582E-005
5.3349999999999085E+000	5.8650270154098103E-005
5.3399999999999084E+000	5.9519081842104983E-005
5.3449999999999083E+000	6.0426831240493600E-005
5.3499999999999082E+000	6.1372085008966861E-005
5.3549999999999081E+000	6.2351620318315662E-005
5.3599999999999079E+000	6.3364093494353019E-005
5.3649999999999078E+000	6.4409880854201672E-005
5.3699999999999077E+000	6.5487759326755761E-005
5.3749999999999076E+000	6.6596061069949835E-005
5.3799999999999075E+000	6.7733188130598404E-005
5.3849999999999074E+000	6.8897601626498092E-005
5.3899999999999073E+000	7.0087780473647890E-005
5.3949999999999072E+000	7.1302208242811032E-005
5.3999999999999071E+000	7.2539371630310080E-005
5.4049999999999070E+000	7.3797761510074344E-005
5.4099999999999069E+000	7.5075872097156204E-005
5.4149999999999068E+000	7.6372200510420638E-005
5.4199999999999067E+000	7.7685247135188588E-005
5.4249999999999066E+000	7.9013516653884101E-005
5.4299999999999065E+000	8.0355520057572228E-005
5.4349999999999064E+000	8.1709774969798146E-005
5.4399999999999062E+000	8.3074806276841554E-005
5.4449999999999061E+000	8.4449147431596002E-005
5.4499999999999060E+000	8.5831341320947633E-005
5.4549999999999059E+000	8.7219941435167920E-005
5.4599999999999058E+000	8.8613513733839107E-005
5.4649999999999057E+000	9.0010639975181478E-005
5.4699999999999056E+000	9.1409951758644869E-005
5.4749999999999055E+000	9.2810127477625475E-005
5.4799999999999054E+000	9.4209866463467509E-005
5.4849999999999053E+000	9.5607883901810097E-005
5.4899999999999052E+000	9.7002906234825670E-005
5.4949999999999051E+000	9.8393672029582920E-005
5.4999999999999050E+000	9.9778930392374735E-005
5.5049999999999049E+000	1.0115744650832923E-004
5.5099999999999048E+000	1.0252800007302015E-004
5.5149999999999046E+000	1.0388938461105757E-004
5.5199999999999045E+000	1.0524040894012708E-004
5.5249999999999044E+000	1.0657989740970152E-004
5.5299999999999043E+000	1.0790668908065389E-004
5.5349999999999042E+000	1.0921962853488122E-004
5.5399999999999041E+000	1.1051757532162357E-004
5.5449999999999040E+000	1.1179941597245024E-004
5.5499999999999039E+000	1.1306405939326824E-004
5.5549999999999038E+000	1.1431043535192996E-004
5.5599999999999037E+000	1.1553764465481982E-004
5.5649999999999036E+000	1.1674473724444425E-004
5.5699999999999035E+000	1.1793065309953301E-004
5.5749999999999034E+000	1.1909433429497039E-004
5.5799999999999033E+000	1.2023478216900958E-004
5.5849999999999032E+000	1.2135104245127899E-004
5.5899999999999030E+000	1.2244219117245114E-004
5.5949999999999029E+000	1.2350732872702048E-004
5.5999999999999028E+000	1.2454545312741108E-004
5.6049999999999027E+000	1.2555563867414548E-004
5.6099999999999026E+000	1.2653711563367505E-004
5.6149999999999025E+000	1.2748916491185167E-004
5.6199999999999024E+000	1.2841106810623331E-004
5.6249999999999023E+000	1.2930212638522957E-004
5.6299999999999022E+000	1.3016168102625660E-004
5.6349999999999021E+000	1.3098911810808562E-004
5.6399999999999020E+000	1.3178396799596768E-004
5.6449999999999019E+000	1.3254575095314006E-004
5.6499999999999018E+000	1.3327388203109784E-004
5.6549999999999017E+000	1.3396776622930648E-004
5.6599999999999016E+000	1.3462687016155907E-004
5.6649999999999014E+000	1.3525057226110825E-004
5.6699999999999013E+000	1.3583825664224817E-004
5.6749999999999012E+000	1.3638949187341713E-004
5.6799999999999011E+000	1.3690392725556407E-004
5.6849999999999010E+000	1.3738121033314685E-004
5.6899999999999009E+000	1.3782096505882680E-004
5.6949999999999008E+000	1.3822285095369942E-004
5.6999999999999007E+000	1.3859204423372507E-004
5.7049999999999006E+000	1.3892325599967558E-004
5.7099999999999005E+000	1.3921654464278213E-004
5.7149999999999004E+000	1.3947138466427082E-004
5.7199999999999003E+000	1.3968716533028448E-004
5.7249999999999002E+000	1.3986343683936416E-004
5.7299999999999001E+000	1.3999984259889566E-004
5.7349999999999000E+000	1.4009607327165267E-004
5.7399999999998998E+000	1.4015197697142003E-004
5.7449999999998997E+000	1.4016750034908276E-004
5.7499999999998996E+000	1.4014273935081066E-004
5.7549999999998995E+000	1.4007777657253065E-004
5.7599999999998994E+000	1.3997263315779541E-004
5.7649999999998993E+000	1.3982731907555317E-004
5.7699999999998992E+000	1.3964172416716737E-004
5.7749999999998991E+000	1.3941572689220861E-004
5.7799999999998990E+000	1.3914925215231970E-004
5.7849999999998989E+000	1.3884229047409849E-004
5.7899999999998988E+000	1.3849504651250674E-004
5.7949999999998987E+000	1.3810774677485915E-004
5.7999999999998986E+000	1.3768065138657900E-004
5.8049999999998985E+000	1.3721403658573561E-004
5.8099999999998984E+000	1.3670820573621990E-004
5.8149999999998983E+000	1.3616348759198539E-004
5.8199999999998981E+000	1.3558024379256052E-004
5.8249999999998980E+000	1.3495886430865505E-004
5.8299999999998979E+000	1.3429976623715933E-004
5.8349999999998978E+000	1.3360099581093937E-004
5.8399999999998977E+000	1.3286293370308992E-004
5.8449999999998976E+000	1.3208853498363924E-004
5.8499999999998975E+000	1.3128018747303469E-004
5.8549999999998974E+000	1.3043942359364241E-004
5.8599999999998973E+000	1.2956378808815422E-004
5.8649999999998972E+000	1.2865347315288854E-004
5.8699999999998971E+000	1.2770947469664874E-004
5.8749999999998970E+000	1.2673272207516060E-004
5.8799999999998969E+000	1.2572402073986422E-004
5.8849999999998968E+000	1.2468413063182720E-004
5.8899999999998967E+000	1.2361380757275415E-004
5.8949999999998965E+000	1.2251381743278540E-004
5.8999999999998964E+000	1.2138493957807321E-004
5.9049999999998963E+000	1.2022796727239521E-004
5.9099999999998962E+000	1.1904370842357030E-004
5.9149999999998961E+000	1.1783298673403582E-004
5.9199999999998960E+000	1.1659664240913815E-004
5.9249999999998959E+000	1.1533553215159955E-004
5.9299999999998958E+000	1.1405052896715065E-004
5.9349999999998957E+000	1.1274252110453418E-004
5.9399999999998956E+000	1.1141241147714195E-004
5.9449999999998955E+000	1.1006111693861422E-004
5.9499999999998954E+000	1.0868956743785682E-004
5.9549999999998953E+000	1.0729870517858733E-004
5.9599999999998952E+000	1.0588948377934050E-004
5.9649999999998951E+000	1.0446286745904552E-004
5.9699999999998949E+000	1.0301983024522275E-004
5.9749999999998948E+000	1.0156135515928417E-004
5.9799999999998947E+000	1.0008843346750402E-004
5.9849999999998946E+000	9.8602063896676784E-005
5.9899999999998945E+000	9.7103251844242301E-005
5.9949999999998944E+000	9.5593008604804902E-005
5.9999999999998943E+000	9.4072350572800082E-005
6.0049999999998942E+000	9.2542298427070988E-005
6.0099999999998941E+000	9.1003876302271587E-005
6.0149999999998940E+000	8.9458110941800190E-005
6.0199999999998939E+000	8.7906030830017950E-005
6.0249999999998938E+000	8.6348665332867827E-005
6.0299999999998937E+000	8.4787043783047215E-005
6.0349999999998936E+000	8.3222194607938092E-005
6.0399999999998935E+000	8.1655144422126171E-005
6.0449999999998933E+000	8.0086917133262515E-005
6.0499999999998932E+000	7.8518533048172059E-005

 
