Grouping:(8, 0) J686-3OrdInit
# x 	 y
0.0000000000000000E+000	-5.4394512335117085E-007
5.0000000000000001E-003	1.5142621525952700E-006
1.0000000000000000E-002	6.8115597464982210E-006
1.4999999999999999E-002	1.1387729423025473E-005
2.0000000000000000E-002	1.5301595694126941E-005
2.5000000000000001E-002	1.8718049361988587E-005
3.0000000000000002E-002	2.1718665161150610E-005
3.5000000000000003E-002	2.4342605663211538E-005
4.0000000000000001E-002	2.6609677960021512E-005
4.4999999999999998E-002	2.8530566040784024E-005
4.9999999999999996E-002	2.9637755344391002E-005
5.4999999999999993E-002	3.0989652248017625E-005
5.9999999999999991E-002	3.1916242275187587E-005
6.4999999999999988E-002	3.2451755355694400E-005
6.9999999999999993E-002	3.2658881641849131E-005
7.4999999999999997E-002	3.2571906813293018E-005
8.0000000000000002E-002	3.2210126600637273E-005
8.5000000000000006E-002	3.1588067167032261E-005
9.0000000000000011E-002	3.0719301112250363E-005
9.5000000000000015E-002	2.9617914029862097E-005
1.0000000000000002E-001	2.8299120434762303E-005
1.0500000000000002E-001	2.6779492619749052E-005
1.1000000000000003E-001	2.5076950047357789E-005
1.1500000000000003E-001	2.3211027784443978E-005
1.2000000000000004E-001	2.1200891110521599E-005
1.2500000000000003E-001	1.9067278420028056E-005
1.3000000000000003E-001	1.6831676051836696E-005
1.3500000000000004E-001	1.4516009691761429E-005
1.4000000000000004E-001	1.2141613747639201E-005
1.4500000000000005E-001	9.7449695529520536E-006
1.5000000000000005E-001	7.3287201457668235E-006
1.5500000000000005E-001	4.9129771464355021E-006
1.6000000000000006E-001	2.5147786551660081E-006
1.6500000000000006E-001	1.4894653694440661E-007
1.7000000000000007E-001	-2.1602547606831792E-006
1.7500000000000007E-001	-4.3956334342978276E-006
1.8000000000000008E-001	-6.5436566124224046E-006
1.8500000000000008E-001	-8.5910067154991433E-006
1.9000000000000009E-001	-1.0524931068136487E-005
1.9500000000000009E-001	-1.2333518846642915E-005
2.0000000000000009E-001	-1.4007828143487767E-005
2.0500000000000010E-001	-1.5541161056004781E-005
2.1000000000000010E-001	-1.6930926154891855E-005
2.1500000000000011E-001	-1.8179606777654373E-005
2.2000000000000011E-001	-1.9285692614812968E-005
2.2500000000000012E-001	-2.0243364826943906E-005
2.3000000000000012E-001	-2.1301858650435216E-005
2.3500000000000013E-001	-2.1400431927818549E-005
2.4000000000000013E-001	-2.1966173229110218E-005
2.4500000000000013E-001	-2.2361832256048933E-005
2.5000000000000011E-001	-2.2576889857196788E-005
2.5500000000000012E-001	-2.2626391335128910E-005
2.6000000000000012E-001	-2.2524829733576110E-005
2.6500000000000012E-001	-2.2010974871125971E-005
2.7000000000000013E-001	-2.1183820336708926E-005
2.7500000000000013E-001	-2.1006363843704323E-005
2.8000000000000014E-001	-2.0625119070426872E-005
2.8500000000000014E-001	-2.0066202477137644E-005
2.9000000000000015E-001	-1.8250018147853737E-005
2.9500000000000015E-001	-1.7232080530752795E-005
3.0000000000000016E-001	-1.6624814691631877E-005
3.0500000000000016E-001	-1.5824322305212755E-005
3.1000000000000016E-001	-1.4896760126142881E-005
3.1500000000000017E-001	-1.2265345831197542E-005
3.2000000000000017E-001	-1.1749974955470545E-005
3.2500000000000018E-001	-1.1107141087023761E-005
3.3000000000000018E-001	-1.0262806618608020E-005
3.3500000000000019E-001	-9.3004634571782310E-006
3.4000000000000019E-001	-5.0582252447968155E-006
3.4500000000000020E-001	-4.8840060607808455E-006
3.5000000000000020E-001	-4.7148323071609004E-006
3.5500000000000020E-001	-4.3574132977959148E-006
3.6000000000000021E-001	-3.8072580308624828E-006
3.6500000000000021E-001	-3.1412720265628088E-006
3.7000000000000022E-001	-2.4045653757971276E-006
3.7500000000000022E-001	-1.6183610389079113E-006
3.8000000000000023E-001	-7.9709459261260475E-007
3.8500000000000023E-001	4.7393129439535711E-008
3.9000000000000024E-001	9.0728274535444577E-007
3.9500000000000024E-001	1.7743808175936984E-006
4.0000000000000024E-001	2.6428316307783217E-006
4.0500000000000025E-001	3.5061932555866815E-006
4.1000000000000025E-001	1.0897509478978937E-005
4.1500000000000026E-001	1.1538034735538239E-005
4.2000000000000026E-001	1.1872188292266376E-005
4.2500000000000027E-001	1.2216191736759556E-005
4.3000000000000027E-001	1.2539518690975279E-005
4.3500000000000028E-001	1.2832045842793878E-005
4.4000000000000028E-001	1.3089208468524127E-005
4.4500000000000028E-001	1.3312435604494049E-005
4.5000000000000029E-001	1.3504580722296222E-005
4.5500000000000029E-001	1.5099508088127764E-005
4.6000000000000030E-001	1.4506816843416976E-005
4.6500000000000030E-001	1.4230635813395273E-005
4.7000000000000031E-001	1.4065325088251435E-005
4.7500000000000031E-001	1.4622951309629931E-005
4.8000000000000032E-001	1.4119386246461481E-005
4.8500000000000032E-001	1.4029540543226862E-005
4.9000000000000032E-001	1.3951950140011598E-005
4.9500000000000033E-001	1.3837042089304393E-005
5.0000000000000033E-001	1.3729337808809593E-005
5.0500000000000034E-001	1.3634310359804646E-005
5.1000000000000034E-001	1.3528353516933237E-005
5.1500000000000035E-001	1.3429533964415497E-005
5.2000000000000035E-001	1.3387071798602307E-005
5.2500000000000036E-001	1.3355438382069828E-005
5.3000000000000036E-001	1.3341562536533566E-005
5.3500000000000036E-001	1.3347069327747701E-005
5.4000000000000037E-001	1.3379228451881090E-005
5.4500000000000037E-001	1.3439650956321113E-005
5.5000000000000038E-001	1.3530130676982848E-005
5.5500000000000038E-001	1.3651038394964903E-005
5.6000000000000039E-001	1.3802784166650840E-005
5.6500000000000039E-001	1.3982150461366390E-005
5.7000000000000040E-001	1.4189933803989453E-005
5.7500000000000040E-001	1.4423607884514354E-005
5.8000000000000040E-001	1.4680149563704827E-005
5.8500000000000041E-001	1.4956532268141028E-005
5.9000000000000041E-001	1.5250934564041992E-005
5.9500000000000042E-001	1.5558889224689317E-005
6.0000000000000042E-001	1.5878099117188360E-005
6.0500000000000043E-001	1.6204264559892751E-005
6.1000000000000043E-001	1.6533322914807601E-005
6.1500000000000044E-001	1.6862435953265711E-005
6.2000000000000044E-001	1.7186903817633770E-005
6.2500000000000044E-001	1.7504043895231221E-005
6.3000000000000045E-001	1.7809385688962337E-005
6.3500000000000045E-001	1.8100023375548167E-005
6.4000000000000046E-001	1.8371000640536907E-005
6.4500000000000046E-001	1.8620910142048415E-005
6.5000000000000047E-001	1.8846217355697079E-005
6.5500000000000047E-001	1.9046189745704677E-005
6.6000000000000048E-001	1.9216280226925222E-005
6.6500000000000048E-001	1.9362692767388101E-005
6.7000000000000048E-001	1.9469668398955547E-005
6.7500000000000049E-001	1.9574283302686556E-005
6.8000000000000049E-001	1.9659735437289602E-005
6.8500000000000050E-001	1.9713630628130010E-005
6.9000000000000050E-001	1.9735123657420820E-005
6.9500000000000051E-001	1.9722695461190805E-005
7.0000000000000051E-001	1.9674415296079456E-005
7.0500000000000052E-001	1.9590992703235370E-005
7.1000000000000052E-001	1.9470729045664467E-005
7.1500000000000052E-001	1.9313641341749879E-005
7.2000000000000053E-001	1.9119984618698153E-005
7.2500000000000053E-001	1.8890083393047625E-005
7.3000000000000054E-001	1.8624453900511317E-005
7.3500000000000054E-001	1.8323979058735909E-005
7.4000000000000055E-001	1.7989836962862257E-005
7.4500000000000055E-001	1.7623619470932901E-005
7.5000000000000056E-001	1.8018931068145355E-005
7.5500000000000056E-001	1.8384134340062165E-005
7.6000000000000056E-001	1.7398380304555576E-005
7.6500000000000057E-001	1.6363141632818970E-005
7.7000000000000057E-001	1.5413305738702499E-005
7.7500000000000058E-001	1.4541431147429489E-005
7.8000000000000058E-001	1.3723213373013481E-005
7.8500000000000059E-001	1.2939092918591891E-005
7.9000000000000059E-001	1.2175067201156689E-005
7.9500000000000060E-001	8.1035783230840105E-006
8.0000000000000060E-001	7.2302838794145740E-006
8.0500000000000060E-001	9.2722236911027354E-006
8.1000000000000061E-001	8.4116715021966239E-006
8.1500000000000061E-001	2.5767327785369155E-006
8.2000000000000062E-001	4.7060931756435249E-006
8.2500000000000062E-001	4.2019499606758090E-006
8.3000000000000063E-001	3.2222474912697468E-006
8.3500000000000063E-001	2.2650322938140453E-006
8.4000000000000064E-001	1.4383831284571116E-006
8.4500000000000064E-001	7.5431693963415012E-007
8.5000000000000064E-001	2.0165235486185480E-007
8.5500000000000065E-001	-2.3439092183677565E-007
8.6000000000000065E-001	-5.6703616104732640E-007
8.6500000000000066E-001	-8.0635414204249406E-007
8.7000000000000066E-001	-9.6016515230024241E-007
8.7500000000000067E-001	-1.0350750643601648E-006
8.8000000000000067E-001	-1.0371811294498364E-006
8.8500000000000068E-001	-9.7244352764747688E-007
8.9000000000000068E-001	-8.4690436246740690E-007
8.9500000000000068E-001	-6.6670713734774531E-007
9.0000000000000069E-001	-4.3812196658597786E-007
9.0500000000000069E-001	-1.6752120397032262E-007
9.1000000000000070E-001	1.3856283928923914E-007
9.1500000000000070E-001	4.7377387730148218E-007
9.2000000000000071E-001	8.3170473205571775E-007
9.2500000000000071E-001	1.2060384640810409E-006
9.3000000000000071E-001	1.5905648084439034E-006
9.3500000000000072E-001	1.9804121589927925E-006
9.4000000000000072E-001	2.3702638154450685E-006
9.4500000000000073E-001	2.7538509900190802E-006
9.5000000000000073E-001	3.1251899377329245E-006
9.5500000000000074E-001	3.4804045219482423E-006
9.6000000000000074E-001	3.8157277622780185E-006
9.6500000000000075E-001	4.1504854287662484E-006
9.7000000000000075E-001	4.4608320798901297E-006
9.7500000000000075E-001	4.7463365208580513E-006
9.8000000000000076E-001	5.0052883676821673E-006
9.8500000000000076E-001	5.2345458940924243E-006
9.9000000000000077E-001	5.4310246664180299E-006
9.9500000000000077E-001	5.5922197315115521E-006
1.0000000000000007E+000	5.7161080138020491E-006
1.0050000000000006E+000	5.8012747853994135E-006
1.0100000000000005E+000	5.8470243275880077E-006
1.0150000000000003E+000	5.8533042516259249E-006
1.0200000000000002E+000	5.8204721562558105E-006
1.0250000000000001E+000	5.7495563765341611E-006
1.0300000000000000E+000	5.6417998073179192E-006
1.0349999999999999E+000	5.4987099495907614E-006
1.0399999999999998E+000	5.3219508569764660E-006
1.0449999999999997E+000	5.1135531413338985E-006
1.0499999999999996E+000	4.9035490667121095E-006
1.0549999999999995E+000	4.7042496963213563E-006
1.0599999999999994E+000	4.4874184939082367E-006
1.0649999999999993E+000	4.2561512719444281E-006
1.0699999999999992E+000	4.0139162677756751E-006
1.0749999999999991E+000	3.7579183458428617E-006
1.0799999999999990E+000	3.4880722118136376E-006
1.0849999999999989E+000	3.2058236931371763E-006
1.0899999999999987E+000	3.7759846581437038E-006
1.0949999999999986E+000	4.9403212800371552E-006
1.0999999999999985E+000	4.1784988623239954E-006
1.1049999999999984E+000	3.1535928262576714E-006
1.1099999999999983E+000	2.2467587119943066E-006
1.1149999999999982E+000	1.4424052852942480E-006
1.1199999999999981E+000	7.3416531004381082E-007
1.1249999999999980E+000	1.1082601268957890E-007
1.1299999999999979E+000	-4.4543761142348599E-007
1.1349999999999978E+000	-9.4396295444825805E-007
1.1399999999999977E+000	-1.3935463335038509E-006
1.1449999999999976E+000	-1.8030444173579494E-006
1.1499999999999975E+000	-2.1775916108931293E-006
1.1549999999999974E+000	-2.5200482511071076E-006
1.1599999999999973E+000	-2.8320793030649957E-006
1.1649999999999971E+000	-3.1143719101929242E-006
1.1699999999999970E+000	-3.3673161759282785E-006
1.1749999999999969E+000	-3.5905976246036277E-006
1.1799999999999968E+000	-3.7844015761593819E-006
1.1849999999999967E+000	-3.9499404567877731E-006
1.1899999999999966E+000	-4.0888383309872716E-006
1.1949999999999965E+000	-4.2030181779629227E-006
1.1999999999999964E+000	-4.2943685113525111E-006
1.2049999999999963E+000	-4.3649950006930485E-006
1.2099999999999962E+000	-4.4169381132965993E-006
1.2149999999999961E+000	-4.4520782828418126E-006
1.2199999999999960E+000	-4.4721476181768906E-006
1.2249999999999959E+000	-4.4785099468486261E-006
1.2299999999999958E+000	-4.4722766478489168E-006
1.2349999999999957E+000	-4.4633929248681059E-006
1.2399999999999956E+000	-4.4444849782795496E-006
1.2449999999999954E+000	-5.8779617604817543E-007
1.2499999999999953E+000	1.7355301344753892E-006
1.2549999999999952E+000	1.7991209930321172E-006
1.2599999999999951E+000	1.3804273218772316E-006
1.2649999999999950E+000	8.5849354235010528E-007
1.2699999999999949E+000	3.1908199775564404E-007
1.2749999999999948E+000	-2.1995155612122210E-007
1.2799999999999947E+000	-7.5637998234321012E-007
1.2849999999999946E+000	-1.2892935051679490E-006
1.2899999999999945E+000	-1.8121400702943006E-006
1.2949999999999944E+000	-2.3205153793380475E-006
1.2999999999999943E+000	-2.7856215977549604E-006
1.3049999999999942E+000	-3.2242243747377899E-006
1.3099999999999941E+000	-3.6313902848307220E-006
1.3149999999999940E+000	-4.0181917797163898E-006
1.3199999999999938E+000	-4.3758913521737822E-006
1.3249999999999937E+000	-4.7010085768314901E-006
1.3299999999999936E+000	-4.9916065921167109E-006
1.3349999999999935E+000	-5.2454449587929969E-006
1.3399999999999934E+000	-5.4609001151586842E-006
1.3449999999999933E+000	-5.6374019601227536E-006
1.3499999999999932E+000	-5.7754969777079691E-006
1.3549999999999931E+000	-5.8763545620836465E-006
1.3599999999999930E+000	-5.9415883579257799E-006
1.3649999999999929E+000	-5.9731062671175279E-006
1.3699999999999928E+000	-5.9730293962816246E-006
1.3749999999999927E+000	-5.9436454014329787E-006
1.3799999999999926E+000	-5.8873763927498305E-006
1.3849999999999925E+000	-5.8067507881745564E-006
1.3899999999999924E+000	-5.7043745915868911E-006
1.3949999999999922E+000	-5.5850524731480681E-006
1.3999999999999921E+000	-5.4506725316401483E-006
1.4049999999999920E+000	-5.3029285723346275E-006
1.4099999999999919E+000	-5.1419518628800504E-006
1.4149999999999918E+000	-4.9753299889651809E-006
1.4199999999999917E+000	-4.8080179965848568E-006
1.4249999999999916E+000	-4.6407302286068536E-006
1.4299999999999915E+000	-4.4732002801243385E-006
1.4349999999999914E+000	-4.3054940197607729E-006
1.4399999999999913E+000	-4.1380441915782236E-006
1.4449999999999912E+000	-3.9715229247006772E-006
1.4499999999999911E+000	-3.8067340038303491E-006
1.4549999999999910E+000	-3.6445042705292419E-006
1.4599999999999909E+000	-3.4858259026839366E-006
1.4649999999999908E+000	-3.3317145385510227E-006
1.4699999999999906E+000	-3.1831970765336090E-006
1.4749999999999905E+000	-3.0412882694420162E-006
1.4799999999999904E+000	-2.9069739595586224E-006
1.4849999999999903E+000	-2.7811926626480539E-006
1.4899999999999902E+000	-2.6648192878242521E-006
1.4949999999999901E+000	-2.5586518226209693E-006
1.4999999999999900E+000	-2.4634002053574727E-006
1.5049999999999899E+000	-2.3796770348822070E-006
1.5099999999999898E+000	-2.3079900639911770E-006
1.5149999999999897E+000	-2.2487363487963015E-006
1.5199999999999896E+000	-2.2021845802027270E-006
1.5249999999999895E+000	-2.1684994533326630E-006
1.5299999999999894E+000	-2.1477278683824952E-006
1.5349999999999893E+000	-2.1397988455478327E-006
1.5399999999999892E+000	-2.1445255840629176E-006
1.5449999999999890E+000	-2.1616084733497339E-006
1.5499999999999889E+000	-2.1906387557833466E-006
1.5549999999999888E+000	-2.2311032561447360E-006
1.5599999999999887E+000	-2.2823901382853992E-006
1.5649999999999886E+000	-4.7197277166373822E-006
1.5699999999999885E+000	-2.2648984511419137E-006
1.5749999999999884E+000	-5.8294036537219686E-006
1.5799999999999883E+000	-3.2223762195460793E-006
1.5849999999999882E+000	-3.1983468900337492E-006
1.5899999999999881E+000	-3.2625255350112423E-006
1.5949999999999880E+000	-1.8309567085809545E-006
1.5999999999999879E+000	-2.3611858360153586E-006
1.6049999999999878E+000	-2.9957131751973807E-006
1.6099999999999877E+000	-3.5244578755520347E-006
1.6149999999999876E+000	-3.9426266192860120E-006
1.6199999999999875E+000	-4.2694802931919427E-006
1.6249999999999873E+000	-4.5234677953442301E-006
1.6299999999999872E+000	-4.7188053671127919E-006
1.6349999999999871E+000	-4.8657642602256026E-006
1.6399999999999870E+000	-4.9716765406594120E-006
1.6449999999999869E+000	-6.4528681976036230E-006
1.6499999999999868E+000	-4.1857893241336817E-006
1.6549999999999867E+000	-4.4332537737045428E-006
1.6599999999999866E+000	-4.8790302039209397E-006
1.6649999999999865E+000	-5.2397335639892276E-006
1.6699999999999864E+000	-5.4940102356782220E-006
1.6749999999999863E+000	-5.6563485060058953E-006
1.6799999999999862E+000	-5.7439153448192714E-006
1.6849999999999861E+000	-5.7713163012864300E-006
1.6899999999999860E+000	-5.7502269474876860E-006
1.6949999999999859E+000	-5.6900634777319164E-006
1.6999999999999857E+000	-5.5985554299217794E-006
1.7049999999999856E+000	-5.4821237242912968E-006
1.7099999999999855E+000	-5.3461409347039750E-006
1.7149999999999854E+000	-5.1951503195366849E-006
1.7199999999999853E+000	-5.0330539290563533E-006
1.7249999999999852E+000	-4.8632609720869632E-006
1.7299999999999851E+000	-4.6887948865193424E-006
1.7349999999999850E+000	-4.5123655711126680E-006
1.7399999999999849E+000	-4.3364150296170219E-006
1.7449999999999848E+000	-4.1631436158571918E-006
1.7499999999999847E+000	-3.9945318875082644E-006
1.7549999999999846E+000	-3.8323414375327185E-006
1.7599999999999845E+000	-3.6782555798124697E-006
1.7649999999999844E+000	-3.5315761536455678E-006
1.7699999999999843E+000	-3.4070278590417288E-006
1.7749999999999841E+000	-3.3096746278539615E-006
1.7799999999999840E+000	-3.2286552624425262E-006
1.7849999999999839E+000	-3.1547600033493661E-006
1.7899999999999838E+000	-3.0878610121490949E-006
1.7949999999999837E+000	-3.0306892812476843E-006
1.7999999999999836E+000	-2.9852550862069030E-006
1.8049999999999835E+000	-2.9517799644356494E-006
1.8099999999999834E+000	-2.9293252221413523E-006
1.8149999999999833E+000	-2.9165114428388448E-006
1.8199999999999832E+000	-2.9119203891508800E-006
1.8249999999999831E+000	-2.9142598396561980E-006
1.8299999999999830E+000	-2.9223882640130421E-006
1.8349999999999829E+000	-2.9353093923219071E-006
1.8399999999999828E+000	-2.9521407799096493E-006
1.8449999999999827E+000	-2.9720821710057595E-006
1.8499999999999825E+000	-2.9943919221777111E-006
1.8549999999999824E+000	-3.0183647112916264E-006
1.8599999999999823E+000	-3.0433122038932831E-006
1.8649999999999822E+000	-3.0685554014811275E-006
1.8699999999999821E+000	-3.0934234116980252E-006
1.8749999999999820E+000	-3.1172573825553978E-006
1.8799999999999819E+000	-3.1394145713793941E-006
1.8849999999999818E+000	-3.1592668885932519E-006
1.8899999999999817E+000	-3.1762201721740920E-006
1.8949999999999816E+000	-3.1897167997088842E-006
1.8999999999999815E+000	-3.1992442080573971E-006
1.9049999999999814E+000	-3.2043419531490918E-006
1.9099999999999813E+000	-3.2046119967283171E-006
1.9149999999999812E+000	-3.1997178379190179E-006
1.9199999999999811E+000	-3.1893838347779798E-006
1.9249999999999809E+000	-3.1733971395813198E-006
1.9299999999999808E+000	-3.1516062252824999E-006
1.9349999999999807E+000	-3.1239202489624654E-006
1.9399999999999806E+000	-3.0903098770279919E-006
1.9449999999999805E+000	-3.0508002382471285E-006
1.9499999999999804E+000	-3.0054710423103449E-006
1.9549999999999803E+000	-2.9544547122257092E-006
1.9599999999999802E+000	-2.8979260887141699E-006
1.9649999999999801E+000	-2.8361012871340882E-006
1.9699999999999800E+000	-2.7692338289874210E-006
1.9749999999999799E+000	-2.6976051587267217E-006
1.9799999999999798E+000	-2.6215245723271466E-006
1.9849999999999797E+000	-2.5413266162364993E-006
1.9899999999999796E+000	-2.4573784290327789E-006
1.9949999999999795E+000	-2.3700551690397986E-006
1.9999999999999793E+000	-2.2800038327495294E-006
2.0049999999999795E+000	-2.1880832731206506E-006
2.0099999999999794E+000	-2.0952163354400378E-006
2.0149999999999793E+000	-2.0023816754657383E-006
2.0199999999999791E+000	-1.9105748532688094E-006
2.0249999999999790E+000	-1.8205413127883419E-006
2.0299999999999789E+000	-1.7329074837629244E-006
2.0349999999999788E+000	-1.6481577754019328E-006
2.0399999999999787E+000	-1.5668601965338883E-006
2.0449999999999786E+000	-1.4893263235307705E-006
2.0499999999999785E+000	-1.4156313064457853E-006
2.0549999999999784E+000	-1.3458705908383093E-006
2.0599999999999783E+000	-1.2801623518153863E-006
2.0649999999999782E+000	-1.2012068690579159E-006
2.0699999999999781E+000	-1.1277444391347625E-006
2.0749999999999780E+000	-1.0491648617768596E-006
2.0799999999999779E+000	-9.7613777994785400E-007
2.0849999999999778E+000	-9.0851838652262828E-007
2.0899999999999777E+000	-8.4617105756761815E-007
2.0949999999999775E+000	-7.8889606743158796E-007
2.0999999999999774E+000	-7.3649628868008640E-007
2.1049999999999773E+000	-6.8879752208891780E-007
2.1099999999999772E+000	-6.4563752017406385E-007
2.1149999999999771E+000	-6.0683771862742015E-007
2.1199999999999770E+000	-5.7219889259445154E-007
2.1199999999999770E+000	-7.8836350035856778E-006
2.1249999999999769E+000	-5.3202668595343066E-006
2.1299999999999768E+000	-3.7351556540642323E-006
2.1349999999999767E+000	-2.6950653488570312E-006
2.1399999999999766E+000	-1.9765503032010510E-006
2.1449999999999765E+000	-1.4523002539772221E-006
2.1499999999999764E+000	-1.0483180470436653E-006
2.1549999999999763E+000	-7.2236111474211895E-007
2.1599999999999762E+000	-4.5158888655915108E-007
2.1649999999999761E+000	-2.2258722929349209E-007
2.1699999999999759E+000	-2.8571616966348353E-008
2.1749999999999758E+000	1.3481471735566592E-007
2.1799999999999757E+000	2.7167676512926038E-007
2.1849999999999756E+000	3.8337677169980297E-007
2.1899999999999755E+000	4.7236357681676648E-007
2.1949999999999754E+000	5.4134296290105999E-007
2.1999999999999753E+000	5.9275343388991190E-007
2.2049999999999752E+000	6.2868053508142276E-007
2.2099999999999751E+000	6.5086270087781867E-007
2.2149999999999750E+000	6.6098941993647365E-007
2.2199999999999749E+000	6.6065370267032468E-007
2.2249999999999748E+000	6.5136345817798388E-007
2.2299999999999747E+000	6.3445835457720408E-007
2.2349999999999746E+000	6.1116423115995965E-007
2.2399999999999745E+000	5.8268471791074305E-007
2.2449999999999743E+000	5.5019643357469557E-007
2.2499999999999742E+000	5.1478761982274196E-007
2.2549999999999741E+000	4.7737500325570361E-007
2.2599999999999740E+000	4.3899060140820656E-007
2.2649999999999739E+000	4.0048286970047849E-007
2.2699999999999738E+000	3.6241838867158835E-007
2.2749999999999737E+000	3.2517622661252724E-007
2.2799999999999736E+000	2.8908092902330275E-007
2.2849999999999735E+000	2.5471687977270544E-007
2.2899999999999734E+000	2.2313314624561816E-007
2.2949999999999733E+000	1.9440089738922534E-007
2.2999999999999732E+000	1.6685975963647413E-007
2.3049999999999731E+000	1.3982454114498851E-007
2.3099999999999730E+000	1.1280482122578850E-007
2.3149999999999729E+000	8.5290937773345490E-008
2.3199999999999728E+000	5.6883121900825147E-008
2.3249999999999726E+000	2.7321708683981789E-008
2.3299999999999725E+000	-3.3829593217239821E-009
2.3349999999999724E+000	-3.5117793140100825E-008
2.3399999999999723E+000	-6.7734639258878896E-008
2.3449999999999722E+000	-1.0105535948766815E-007
2.3499999999999721E+000	-1.3487592670342560E-007
2.3549999999999720E+000	-1.6897841953289527E-007
2.3599999999999719E+000	-2.0313747991853565E-007
2.3649999999999718E+000	-2.3699013167902151E-007
2.3699999999999717E+000	-2.7053831472897165E-007
2.3749999999999716E+000	-3.0348200493460385E-007
2.3799999999999715E+000	-3.3569483712604198E-007
2.3849999999999714E+000	-3.6671177766776818E-007
2.3899999999999713E+000	-3.9697151818848393E-007
2.3949999999999712E+000	-4.2582681849838523E-007
2.3999999999999710E+000	-4.5327195098970687E-007
2.4049999999999709E+000	-4.7903950600535572E-007
2.4099999999999708E+000	-5.0263895514367090E-007
2.4149999999999707E+000	-5.2420543061480637E-007
2.4199999999999706E+000	-5.4404137887534043E-007
2.4249999999999705E+000	-5.6152379307001379E-007
2.4299999999999704E+000	-5.7658560718677627E-007
2.4349999999999703E+000	-5.8928282955041766E-007
2.4399999999999702E+000	-5.9991369013354911E-007
2.4449999999999701E+000	-6.0795123471761517E-007
2.4499999999999700E+000	-6.1546774127405958E-007
2.4549999999999699E+000	-6.2102376638124158E-007
2.4599999999999698E+000	-6.2459550180357307E-007
2.4649999999999697E+000	-6.4475167337588260E-007
2.4699999999999696E+000	-6.6351149179562699E-007
2.4749999999999694E+000	-6.8078041955671603E-007
2.4799999999999693E+000	-6.9634368997921327E-007
2.4849999999999692E+000	-7.1004074785118381E-007
2.4899999999999691E+000	-7.2174621317690054E-007
2.4949999999999690E+000	-7.3131966389486199E-007
2.4999999999999689E+000	-7.3863677733636018E-007
2.5049999999999688E+000	-7.4361120222779177E-007
2.5099999999999687E+000	-7.4618831041040398E-007
2.5149999999999686E+000	-7.4634059477592478E-007
2.5199999999999685E+000	-7.4406559567037282E-007
2.5249999999999684E+000	-7.3997331075865942E-007
2.5299999999999683E+000	-7.3376848144764345E-007
2.5349999999999682E+000	-7.2539656561674672E-007
2.5399999999999681E+000	-7.1476066192489702E-007
2.5449999999999680E+000	-7.0178305301182324E-007
2.5499999999999678E+000	-6.8646076934970169E-007
2.5549999999999677E+000	-6.6427535187048463E-007
2.5599999999999676E+000	-6.3987206927685358E-007
2.5649999999999675E+000	-6.0952250942629905E-007
2.5699999999999674E+000	-5.7898417147902885E-007
2.5749999999999673E+000	-5.4632577599087976E-007
2.5799999999999672E+000	-5.1238913562253431E-007
2.5849999999999671E+000	-4.7408848954688206E-007
2.5899999999999670E+000	-4.3205781948875383E-007
2.5949999999999669E+000	-3.8744485599782383E-007
2.5999999999999668E+000	-3.4112022890908050E-007
2.6049999999999667E+000	-2.9368277294973661E-007
2.6099999999999666E+000	-2.4559819530467192E-007
2.6149999999999665E+000	-1.9727542888807661E-007
2.6199999999999664E+000	-1.4908231374659759E-007
2.6249999999999662E+000	-1.0115668375179873E-007
2.6299999999999661E+000	-5.3672706276709364E-008
2.6349999999999660E+000	-6.8654015367935664E-009
2.6399999999999659E+000	3.9060771687860221E-008
2.6449999999999658E+000	8.3931403729348458E-008
2.6499999999999657E+000	1.2760015404653076E-007
2.6549999999999656E+000	1.6994677250341391E-007
2.6599999999999655E+000	2.1087522061064470E-007
2.6649999999999654E+000	2.5031183767673143E-007
2.6699999999999653E+000	2.8820359611402151E-007
2.6749999999999652E+000	3.2451642193303404E-007
2.6799999999999651E+000	3.5923354729408817E-007
2.6849999999999650E+000	3.9235390200084657E-007
2.6899999999999649E+000	4.2389050993935060E-007
2.6949999999999648E+000	4.5386892694670866E-007
2.6999999999999647E+000	4.8232572993232405E-007
2.7049999999999645E+000	5.0930700604304996E-007
2.7099999999999644E+000	5.3486692158580187E-007
2.7149999999999643E+000	5.5906634871098048E-007
2.7199999999999642E+000	5.8197153202616788E-007
2.7249999999999641E+000	6.0365285422586114E-007
2.7299999999999640E+000	6.2418365937015690E-007
2.7349999999999639E+000	6.4363852572582386E-007
2.7399999999999638E+000	6.6209338688940484E-007
2.7449999999999637E+000	6.7962404679670427E-007
2.7499999999999636E+000	6.9630526354157999E-007
2.7549999999999635E+000	7.1221010968919521E-007
2.7599999999999634E+000	7.2740930729474026E-007
2.7649999999999633E+000	7.4197063251747142E-007
2.7699999999999632E+000	7.5595840403504698E-007
2.7749999999999631E+000	7.6943303026500586E-007
2.7799999999999629E+000	7.8245066623131178E-007
2.7849999999999628E+000	7.9506295237393084E-007
2.7899999999999627E+000	8.0731679971540989E-007
2.7949999999999626E+000	8.1925426943962975E-007
2.7999999999999625E+000	8.3091250062921883E-007
2.8049999999999624E+000	8.4232367859755103E-007
2.8099999999999623E+000	8.5351512157601286E-007
2.8149999999999622E+000	8.6450935773452643E-007
2.8199999999999621E+000	8.7527407338662679E-007
2.8249999999999620E+000	8.8579638659590364E-007
2.8299999999999619E+000	8.9612444558474489E-007
2.8349999999999618E+000	9.0628587493278763E-007
2.8399999999999617E+000	9.1629216413662638E-007
2.8449999999999616E+000	9.2614393045516302E-007
2.8499999999999615E+000	9.3583908656517640E-007
2.8549999999999613E+000	9.4537231060571158E-007
2.8599999999999612E+000	9.5473540488302003E-007
2.8649999999999611E+000	9.6391783268566691E-007
2.8699999999999610E+000	9.7290711691739027E-007
2.8749999999999609E+000	9.8168911211016146E-007
2.8799999999999608E+000	9.9024830242139608E-007
2.8849999999999607E+000	9.9856813628959346E-007
2.8899999999999606E+000	1.0078655833266078E-006
2.8949999999999605E+000	1.0169610192186951E-006
2.8999999999999604E+000	1.0257579347067919E-006
2.9049999999999603E+000	1.0343576792810228E-006
2.9099999999999602E+000	1.0427801692291266E-006
2.9149999999999601E+000	1.0509886330456946E-006
2.9199999999999600E+000	1.0589324392208706E-006
2.9249999999999599E+000	1.0665187205786408E-006
2.9299999999999597E+000	1.0741612968225698E-006
2.9349999999999596E+000	1.0827303290870445E-006
2.9399999999999595E+000	1.0908600166291579E-006
2.9449999999999594E+000	1.1157904674288704E-006
2.9499999999999593E+000	1.1427827279619618E-006
2.9549999999999592E+000	1.1645849274433033E-006
2.9599999999999591E+000	1.1769013454703125E-006
2.9649999999999590E+000	1.1864805400133218E-006
2.9699999999999589E+000	1.2107910727720129E-006
2.9749999999999588E+000	1.2299671927256884E-006
2.9799999999999587E+000	1.2443346202540996E-006
2.9849999999999586E+000	1.2551913821718830E-006
2.9899999999999585E+000	1.2636461480866203E-006
2.9949999999999584E+000	1.2706129923260311E-006
2.9999999999999583E+000	1.2768271308205837E-006
3.0049999999999581E+000	1.2828747403462699E-006
3.0099999999999580E+000	1.2892084538217341E-006
3.0149999999999579E+000	1.2963343904850223E-006
3.0199999999999578E+000	1.3042752185311793E-006
3.0249999999999577E+000	1.3130441305459866E-006
3.0299999999999576E+000	1.3227206831574639E-006
3.0349999999999575E+000	1.3335699066576651E-006
3.0399999999999574E+000	1.3457093545532298E-006
3.0449999999999573E+000	1.3591599498108146E-006
3.0499999999999572E+000	1.3738982824576720E-006
3.0549999999999571E+000	1.3898799107909786E-006
3.0599999999999570E+000	1.4070334081732586E-006
3.0649999999999569E+000	1.4252650949309535E-006
3.0699999999999568E+000	1.4444634250711964E-006
3.0749999999999567E+000	1.4644977611720090E-006
3.0799999999999566E+000	1.4852223798872750E-006
3.0849999999999564E+000	1.5064744295792689E-006
3.0899999999999563E+000	1.5280775487231600E-006
3.0949999999999562E+000	1.5498493937367445E-006
3.0999999999999561E+000	1.5716013290772142E-006
3.1049999999999560E+000	1.5931426523762075E-006
3.1099999999999559E+000	1.6142828011613853E-006
3.1149999999999558E+000	1.6348337461884024E-006
3.1199999999999557E+000	1.6546156859770540E-006
3.1249999999999556E+000	1.6734590205883243E-006
3.1299999999999555E+000	1.6912046584584832E-006
3.1349999999999554E+000	1.7077049387949187E-006
3.1399999999999553E+000	1.7228275407095044E-006
3.1449999999999552E+000	1.7364543619287195E-006
3.1499999999999551E+000	1.7484820035212621E-006
3.1549999999999550E+000	1.7588926348450409E-006
3.1599999999999548E+000	1.7677835424983070E-006
3.1649999999999547E+000	1.7753037480889431E-006
3.1699999999999546E+000	1.7816257352166542E-006
3.1749999999999545E+000	1.7869008500243199E-006
3.1799999999999544E+000	1.7912582411373830E-006
3.1849999999999543E+000	1.7948077805020131E-006
3.1899999999999542E+000	1.7976476917156165E-006
3.1949999999999541E+000	1.7998614765674684E-006
3.1999999999999540E+000	1.8015150594166326E-006
3.2049999999999539E+000	1.8026678364441880E-006
3.2099999999999538E+000	-1.8370183334957678E-006
3.2149999999999537E+000	-1.9656864514740591E-006
3.2199999999999536E+000	3.5973791742843560E-007
3.2249999999999535E+000	7.1724800435202843E-007
3.2299999999999534E+000	8.0505503945727739E-007
3.2349999999999532E+000	8.5419181868795304E-007
3.2399999999999531E+000	9.0549581326142773E-007
3.2449999999999530E+000	9.6530590461609187E-007
3.2499999999999529E+000	1.0318319376987608E-006
3.2549999999999528E+000	1.1015585076207016E-006
3.2599999999999527E+000	1.1710408559223439E-006
3.2649999999999526E+000	1.2373388469768836E-006
3.2699999999999525E+000	1.2981236774449559E-006
3.2749999999999524E+000	1.3516547704277444E-006
3.2799999999999523E+000	1.3967185165629391E-006
3.2849999999999522E+000	1.4325357656001200E-006
3.2899999999999521E+000	1.4586719725947163E-006
3.2949999999999520E+000	1.4749572312976144E-006
3.2999999999999519E+000	1.4814466758471292E-006
3.3049999999999518E+000	1.4783549506303392E-006
3.3099999999999516E+000	1.4660416414952494E-006
3.3149999999999515E+000	1.4450242503130035E-006
3.3199999999999514E+000	1.4159911151943300E-006
3.3249999999999513E+000	1.3797640157481864E-006
3.3299999999999512E+000	1.3372549484475942E-006
3.3349999999999511E+000	1.2894474392851559E-006
3.3399999999999510E+000	1.2373534442723415E-006
3.3449999999999509E+000	1.1820176376895651E-006
3.3499999999999508E+000	1.1244745966172788E-006
3.3549999999999507E+000	1.0657610087450206E-006
3.3599999999999506E+000	1.0068522933526464E-006
3.3649999999999505E+000	9.4859115162063935E-007
3.3699999999999504E+000	8.9174144846516178E-007
3.3749999999999503E+000	8.3698504452374170E-007
3.3799999999999502E+000	7.8490222895649981E-007
3.3849999999999500E+000	7.3594249316778728E-007
3.3899999999999499E+000	6.9046859559326410E-007
3.3949999999999498E+000	6.4871600908164972E-007
3.3999999999999497E+000	6.1082977066617874E-007
3.4049999999999496E+000	5.7688028897514848E-007
3.4099999999999495E+000	5.4687252325817667E-007
3.4149999999999494E+000	5.2072952563543491E-007
3.4199999999999493E+000	4.9841286256848535E-007
3.4249999999999492E+000	4.7984723596364617E-007
3.4299999999999491E+000	4.6507427025227913E-007
3.4349999999999490E+000	4.5422154393410421E-007
3.4399999999999489E+000	4.4774212988050743E-007
3.4449999999999488E+000	4.4543353032078824E-007
3.4499999999999487E+000	4.4682613074909744E-007
3.4549999999999486E+000	4.5133915633446268E-007
3.4599999999999485E+000	4.5851093692155575E-007
3.4649999999999483E+000	4.6786762398560497E-007
3.4699999999999482E+000	4.7870140156524803E-007
3.4749999999999481E+000	4.9055784550899701E-007
3.4799999999999480E+000	5.0309980024910065E-007
3.4849999999999479E+000	5.1602838818398643E-007
3.4899999999999478E+000	5.2906147679218000E-007
3.4949999999999477E+000	5.4194467027424036E-007
3.4999999999999476E+000	5.5444703672400415E-007
3.5049999999999475E+000	5.6636328310790977E-007
3.5099999999999474E+000	5.7751544976561731E-007
3.5149999999999473E+000	5.8774983750415755E-007
3.5199999999999472E+000	5.9694361698451009E-007
3.5249999999999471E+000	6.0499709185404814E-007
3.5299999999999470E+000	6.1183962727964716E-007
3.5349999999999469E+000	6.1742495597321291E-007
3.5399999999999467E+000	6.2172865669879497E-007
3.5449999999999466E+000	6.2474831496639509E-007
3.5499999999999465E+000	6.2650170560841000E-007
3.5549999999999464E+000	6.2702503098355808E-007
3.5599999999999463E+000	6.2637111852046331E-007
3.5649999999999462E+000	6.2460754829577531E-007
3.5699999999999461E+000	6.2181473183442951E-007
3.5749999999999460E+000	6.1808401620164392E-007
3.5799999999999459E+000	6.1351577212543506E-007
3.5849999999999458E+000	6.0821753570061042E-007
3.5899999999999457E+000	6.0230222326833745E-007
3.5949999999999456E+000	5.9588641119734579E-007
3.5999999999999455E+000	5.8908881009298809E-007
3.6049999999999454E+000	5.8203058927785550E-007
3.6099999999999453E+000	5.7483290692602240E-007
3.6149999999999451E+000	5.6761519390294954E-007
3.6199999999999450E+000	5.6049182984439452E-007
3.6249999999999449E+000	5.5357158870947378E-007
3.6299999999999448E+000	5.4695748082816575E-007
3.6349999999999447E+000	5.4074608567677303E-007
3.6399999999999446E+000	5.3502708116272820E-007
3.6449999999999445E+000	5.2988285566317593E-007
3.6499999999999444E+000	5.2538809700840543E-007
3.6549999999999443E+000	5.2160938723717396E-007
3.6599999999999442E+000	5.1860490444962563E-007
3.6649999999999441E+000	5.1642429658312404E-007
3.6699999999999440E+000	5.1510858512639983E-007
3.6749999999999439E+000	5.1469023983220191E-007
3.6799999999999438E+000	5.1519326743654849E-007
3.6849999999999437E+000	5.1663340733817802E-007
3.6899999999999435E+000	5.1901841410389845E-007
3.6949999999999434E+000	5.2234836667788901E-007
3.6999999999999433E+000	5.2661607681774810E-007
3.7049999999999432E+000	5.3180749399862686E-007
3.7099999999999431E+000	5.3790220084515635E-007
3.7149999999999430E+000	5.4487389761889927E-007
3.7199999999999429E+000	5.2961132971327204E-007
3.7249999999999428E+000	-3.2917458272298747E-006
3.7299999999999427E+000	-3.8267593109826204E-006
3.7349999999999426E+000	-1.5656749664612191E-006
3.7399999999999425E+000	-1.3333493093825138E-006
3.7449999999999424E+000	-1.3186491922292136E-006
3.7499999999999423E+000	-1.2880562288726869E-006
3.7549999999999422E+000	-1.2057335912134323E-006
3.7599999999999421E+000	-1.0723513314498415E-006
3.7649999999999419E+000	-8.9674571714540809E-007
3.7699999999999418E+000	-6.8903809299984796E-007
3.7749999999999417E+000	-4.5885020422735652E-007
3.7799999999999416E+000	-2.1486203267488313E-007
3.7849999999999415E+000	3.5361143653319746E-008
3.7899999999999414E+000	2.8544745530951863E-007
3.7949999999999413E+000	5.3018322920002298E-007
3.7999999999999412E+000	7.6538905590409196E-007
3.8049999999999411E+000	9.8776513633440506E-007
3.8099999999999410E+000	1.1947476064246927E-006
3.8149999999999409E+000	1.3843901787676780E-006
3.8199999999999408E+000	1.5552703642809532E-006
3.8249999999999407E+000	1.7064157123955380E-006
3.8299999999999406E+000	1.8372457752147623E-006
3.8349999999999405E+000	1.9475255257906097E-006
3.8399999999999403E+000	2.0373276171597513E-006
3.8449999999999402E+000	2.1070008323804486E-006
3.8499999999999401E+000	2.1571310060460927E-006
3.8549999999999400E+000	2.1885142389376236E-006
3.8599999999999399E+000	2.2021274088901189E-006
3.8649999999999398E+000	2.1990992983736572E-006
3.8699999999999397E+000	2.1806826943870731E-006
3.8749999999999396E+000	2.1482277508941480E-006
3.8799999999999395E+000	2.1031569346615432E-006
3.8849999999999394E+000	2.0469417119836069E-006
3.8899999999999393E+000	1.9810810505160650E-006
3.8949999999999392E+000	1.9070817743391078E-006
3.8999999999999391E+000	1.8264406830534796E-006
3.9049999999999390E+000	1.7406283154591677E-006
3.9099999999999389E+000	1.6510743237824726E-006
3.9149999999999388E+000	1.5591543111684435E-006
3.9199999999999386E+000	1.4661780702556366E-006
3.9249999999999385E+000	1.3733792980223538E-006
3.9299999999999384E+000	1.2819065833536797E-006
3.9349999999999383E+000	1.1928158793484180E-006
3.9399999999999382E+000	1.1070643559212645E-006
3.9449999999999381E+000	1.0255056753584575E-006
3.9499999999999380E+000	9.4888673392126848E-007
3.9549999999999379E+000	8.7784581510712029E-007
3.9599999999999378E+000	8.1291216820278018E-007
3.9649999999999377E+000	7.5450693011671762E-007
3.9699999999999376E+000	7.0294530707931553E-007
3.9749999999999375E+000	6.5843995961585068E-007
3.9799999999999374E+000	6.2110544859720094E-007
3.9849999999999373E+000	5.9096359340505508E-007
3.9899999999999372E+000	5.6794967088557524E-007
3.9949999999999370E+000	5.5191921548682244E-007
3.9999999999999369E+000	5.4265460593129682E-007
4.0049999999999368E+000	5.3982077336053859E-007
4.0099999999999367E+000	5.4297338544277307E-007
4.0149999999999366E+000	5.5166881793194950E-007
4.0199999999999365E+000	5.6553782816909406E-007
4.0249999999999364E+000	5.8432779023411797E-007
4.0299999999999363E+000	6.0985096010730548E-007
4.0349999999999362E+000	6.3979837899584482E-007
4.0399999999999361E+000	6.7307678206076383E-007
4.0449999999999360E+000	7.0899703674086526E-007
4.0499999999999359E+000	7.4691540810376237E-007
4.0549999999999358E+000	7.7368352064420301E-007
4.0599999999999357E+000	7.9368080917803645E-007
4.0649999999999356E+000	8.0040823107284504E-007
4.0699999999999354E+000	7.9911608210244588E-007
4.0749999999999353E+000	7.9465641338089373E-007
4.0799999999999352E+000	7.9132442895560800E-007
4.0849999999999351E+000	7.9357620226251603E-007
4.0899999999999350E+000	8.0305070753216529E-007
4.0949999999999349E+000	8.1949968324640566E-007
4.0999999999999348E+000	8.4188227985568732E-007
4.1049999999999347E+000	8.6893289209541693E-007
4.1099999999999346E+000	8.9939844251294746E-007
4.1099999999999346E+000	-2.0301352349049204E-006
4.1149999999999345E+000	-9.1845744903458477E-007
4.1199999999999344E+000	-4.2836949918026084E-007
4.1249999999999343E+000	-1.5694695693100208E-007
4.1299999999999342E+000	1.9289744255458738E-008
4.1349999999999341E+000	1.5417660711989626E-007
4.1399999999999340E+000	2.7403483029583210E-007
4.1449999999999338E+000	3.9068993451830723E-007
4.1499999999999337E+000	5.0799927191276890E-007
4.1549999999999336E+000	6.2702821800009240E-007
4.1599999999999335E+000	7.4475554992548626E-007
4.1649999999999334E+000	8.5892296590678617E-007
4.1699999999999333E+000	9.6789608007991740E-007
4.1749999999999332E+000	1.0700649289141452E-006
4.1799999999999331E+000	1.1638672311440350E-006
4.1849999999999330E+000	1.2478947206105611E-006
4.1899999999999329E+000	1.3209864498333521E-006
4.1949999999999328E+000	1.3823005202461639E-006
4.1999999999999327E+000	1.4313295793916248E-006
4.2049999999999326E+000	1.4678708718615334E-006
4.2099999999999325E+000	1.4919812261974730E-006
4.2149999999999324E+000	1.5039292548022992E-006
4.2199999999999322E+000	1.5041556184695522E-006
4.2249999999999321E+000	1.4932435613444272E-006
4.2299999999999320E+000	1.4718914757703561E-006
4.2349999999999319E+000	1.4408892555152219E-006
4.2399999999999318E+000	1.4010966450861384E-006
4.2449999999999317E+000	1.3534241433828115E-006
4.2499999999999316E+000	1.2988158657967016E-006
4.2549999999999315E+000	1.2382339103396393E-006
4.2599999999999314E+000	1.1726452641847687E-006
4.2649999999999313E+000	1.1030096041121994E-006
4.2699999999999312E+000	1.0302698389432222E-006
4.2749999999999311E+000	9.5534105609177289E-007
4.2799999999999310E+000	8.7909884481412140E-007
4.2849999999999309E+000	8.0233142081269558E-007
4.2899999999999308E+000	7.2574995594151391E-007
4.2949999999999307E+000	6.5000966039137975E-007
4.2999999999999305E+000	5.7572036946649782E-007
4.3049999999999304E+000	5.0344209765383124E-007
4.3099999999999303E+000	4.3368470416645216E-007
4.3149999999999302E+000	3.6690044573620584E-007
4.3199999999999301E+000	3.0349115900376823E-007
4.3249999999999300E+000	2.4380458824850667E-007
4.3299999999999299E+000	1.8812829714282211E-007
4.3349999999999298E+000	1.3669232726307627E-007
4.3399999999999297E+000	8.9667507159943502E-008
4.3449999999999296E+000	4.7173011218926718E-008
4.3499999999999295E+000	9.2775847080823425E-009
4.3549999999999294E+000	-2.3999471793387714E-008
4.3599999999999293E+000	-5.2685426674509417E-008
4.3649999999999292E+000	-7.6851188945494398E-008
4.3699999999999291E+000	-9.6607509772479390E-008
4.3749999999999289E+000	-1.1210049081508426E-007
4.3799999999999288E+000	-1.2350972448578679E-007
4.3849999999999287E+000	-1.3104577900743511E-007
4.3899999999999286E+000	-1.3494272190664042E-007
4.3949999999999285E+000	-1.3549897337709782E-007
4.3999999999999284E+000	-1.3290110951203410E-007
4.4049999999999283E+000	-1.2742513631592612E-007
4.4099999999999282E+000	-1.1937979153540030E-007
4.4149999999999281E+000	-1.0907207832845030E-007
4.4199999999999280E+000	-9.6808080387292277E-008
4.4249999999999279E+000	-8.2893226679423708E-008
4.4299999999999278E+000	-6.7630734197866241E-008
4.4349999999999277E+000	-5.1317484199388867E-008
4.4399999999999276E+000	-3.4238780769961164E-008
4.4449999999999275E+000	-1.6665259523887585E-008
4.4499999999999273E+000	1.1507983236362109E-009
4.4549999999999272E+000	1.8975560297357827E-008
4.4599999999999271E+000	3.6593994613926219E-008
4.4649999999999270E+000	5.3811319469672421E-008
4.4699999999999269E+000	7.0447429505348608E-008
4.4749999999999268E+000	8.6327674578770240E-008
4.4799999999999267E+000	1.0129291136530722E-007
4.4849999999999266E+000	1.1519764275200359E-007
4.4899999999999265E+000	1.2792474043723302E-007
4.4949999999999264E+000	1.3937367845249674E-007
4.4999999999999263E+000	1.4945519132733487E-007
4.5049999999999262E+000	1.5810900977845683E-007
4.5099999999999261E+000	1.6529367164747534E-007
4.5149999999999260E+000	1.7096796427305928E-007
4.5199999999999259E+000	1.7508518732764621E-007
4.5249999999999257E+000	1.7760465681229470E-007
4.5299999999999256E+000	1.7851337049044941E-007
4.5349999999999255E+000	1.7784876249338767E-007
4.5399999999999254E+000	1.7564801211922735E-007
4.5449999999999253E+000	1.7196781477618900E-007
4.5499999999999252E+000	1.6689257521423137E-007
4.5549999999999251E+000	1.6044115420954256E-007
4.5599999999999250E+000	1.5263167970866626E-007
4.5649999999999249E+000	1.4349126956764034E-007
4.5699999999999248E+000	1.3295560022694940E-007
4.5749999999999247E+000	1.2118299618419440E-007
4.5799999999999246E+000	1.0841035230883586E-007
4.5849999999999245E+000	9.4789028167639227E-008
4.5899999999999244E+000	8.0384359872202815E-008
4.5949999999999243E+000	6.5245622957612734E-008
4.5999999999999241E+000	4.9454211077150909E-008
4.6049999999999240E+000	3.2957731309559209E-008
4.6099999999999239E+000	1.5778214535288995E-008
4.6149999999999238E+000	-1.8808603403475026E-009
4.6199999999999237E+000	-1.9936397655087557E-008
4.6249999999999236E+000	-3.8302769260375742E-008
4.6299999999999235E+000	-5.6885049397559872E-008
4.6349999999999234E+000	-7.5584590190564658E-008
4.6399999999999233E+000	-9.4301645841176180E-008
4.6449999999999232E+000	-1.1293920202759140E-007
4.6499999999999231E+000	-1.3140536752651246E-007
4.6549999999999230E+000	-1.4961620018435714E-007
4.6599999999999229E+000	-1.6749316529199777E-007
4.6649999999999228E+000	-1.8496566774200316E-007
4.6699999999999227E+000	-2.0196931047229394E-007
4.6749999999999226E+000	-2.1844812365605012E-007
4.6799999999999224E+000	-2.3435520067023075E-007
4.6849999999999223E+000	-2.4965178477957051E-007
4.6899999999999222E+000	-2.6430722784211122E-007
4.6949999999999221E+000	-2.7829882117348056E-007
4.6999999999999220E+000	-2.9161151967046735E-007
4.7049999999999219E+000	-3.0423760053743135E-007
4.7099999999999218E+000	-3.1617626127614577E-007
4.7149999999999217E+000	-3.2743318141942733E-007
4.7199999999999216E+000	-3.3802002964095704E-007
4.7249999999999215E+000	-3.4795394466487788E-007
4.7299999999999214E+000	-3.5725699163679519E-007
4.7349999999999213E+000	-3.6595559547229359E-007
4.7399999999999212E+000	-3.7407997141869402E-007
4.7449999999999211E+000	-3.8166354081059705E-007
4.7499999999999210E+000	-3.8874234947345862E-007
4.7549999999999208E+000	-3.9535450930932240E-007
4.7599999999999207E+000	-4.0153963618780709E-007
4.7649999999999206E+000	-4.0733831235510481E-007
4.7699999999999205E+000	-4.1279158241116605E-007
4.7749999999999204E+000	-4.1794045732644519E-007
4.7799999999999203E+000	-4.2282547012756016E-007
4.7849999999999202E+000	-4.2748624817156617E-007
4.7899999999999201E+000	-4.3196113780818876E-007
4.7949999999999200E+000	-4.3628685856786850E-007
4.7999999999999199E+000	-4.4049819490080230E-007
4.8049999999999198E+000	-4.4462774006576749E-007
4.8099999999999197E+000	-4.4870566743315810E-007
4.8149999999999196E+000	-4.5275955375474247E-007
4.8199999999999195E+000	-4.5681423824876171E-007
4.8249999999999194E+000	-4.6089172021509484E-007
4.8299999999999192E+000	-4.6501109346066305E-007
4.8349999999999191E+000	-4.6918852080547313E-007
4.8399999999999190E+000	-4.7343725022718743E-007
4.8449999999999189E+000	-4.7776764257261941E-007
4.8499999999999188E+000	-4.8218724276888919E-007
4.8549999999999187E+000	-4.8670088022747488E-007
4.8599999999999186E+000	-4.9131079263381298E-007
4.8649999999999185E+000	-4.9601675110206777E-007
4.8699999999999184E+000	-5.0081623543931243E-007
4.8749999999999183E+000	-5.0570460231213148E-007
4.8799999999999182E+000	-5.1067527475857690E-007
4.8849999999999181E+000	-5.1571993732586649E-007
4.8899999999999180E+000	-5.2135608756118839E-007
4.8949999999999179E+000	-5.2620292730739690E-007
4.8999999999999178E+000	-5.3021778971479222E-007
4.9049999999999176E+000	-5.3302908418216033E-007
4.9099999999999175E+000	-5.3657410043825140E-007
4.9149999999999174E+000	-5.3967500513461054E-007
4.9199999999999173E+000	-5.4179258172148289E-007
4.9249999999999172E+000	-5.4473757620371882E-007
4.9299999999999171E+000	-5.4731397498359405E-007
4.9349999999999170E+000	-5.4944262648064686E-007
4.9399999999999169E+000	-5.5076328325390934E-007
4.9449999999999168E+000	-5.5299230707727734E-007
4.9499999999999167E+000	-5.5498874927132724E-007
4.9549999999999166E+000	-5.5627387009528957E-007
4.9599999999999165E+000	-5.5847981404490320E-007
4.9649999999999164E+000	-5.6047307069860335E-007
4.9699999999999163E+000	-5.6180961864802490E-007
4.9749999999999162E+000	-5.6405825820316468E-007
4.9799999999999160E+000	-5.6577385143127853E-007
4.9849999999999159E+000	-5.6835554030550679E-007
4.9899999999999158E+000	-5.7072271259360896E-007
4.9949999999999157E+000	-5.7246764344381336E-007
4.9999999999999156E+000	-5.7473591315664532E-007
5.0049999999999155E+000	-5.7787393831438360E-007
5.0099999999999154E+000	-5.8073707466233691E-007
5.0149999999999153E+000	-5.8296034867570859E-007
5.0199999999999152E+000	-5.8588158472521762E-007
5.0249999999999151E+000	-5.8850682197087830E-007
5.0299999999999150E+000	-5.9053739450390500E-007
5.0349999999999149E+000	-5.9302286760941545E-007
5.0399999999999148E+000	-5.9621611353728444E-007
5.0449999999999147E+000	-5.9905528147210970E-007
5.0499999999999146E+000	-6.0124911242045977E-007
5.0549999999999145E+000	-6.0397459990132811E-007
5.0599999999999143E+000	-6.0631333347106912E-007
5.0649999999999142E+000	-6.0804786058796497E-007
5.0699999999999141E+000	-6.1014092086445100E-007
5.0749999999999140E+000	-6.1277249270790253E-007
5.0799999999999139E+000	-6.1497494202887735E-007
5.0849999999999138E+000	-6.1653761194854074E-007
5.0899999999999137E+000	-6.1848814357125423E-007
5.0949999999999136E+000	-6.1986531031311021E-007
5.0999999999999135E+000	-6.2162503668583250E-007
5.1049999999999134E+000	-6.2293751695706468E-007
5.1099999999999133E+000	-6.2365657398532640E-007
5.1149999999999132E+000	-6.2464172476293271E-007
5.1199999999999131E+000	-6.2599893747444304E-007
5.1249999999999130E+000	-6.2688879984866201E-007
5.1299999999999129E+000	-6.2720578212723792E-007
5.1349999999999127E+000	-6.2779433004146123E-007
5.1399999999999126E+000	-6.2787646228772715E-007
5.1449999999999125E+000	-6.2824919319584578E-007
5.1499999999999124E+000	-6.2815669566422493E-007
5.1549999999999123E+000	-6.2832092065961828E-007
5.1599999999999122E+000	-6.2802235894263656E-007
5.1649999999999121E+000	-6.2795881156464301E-007
5.1699999999999120E+000	-6.2745434608169645E-007
5.1749999999999119E+000	-6.2687072090625756E-007
5.1799999999999118E+000	-6.2586218301252619E-007
5.1849999999999117E+000	-6.2443934029175498E-007
5.1899999999999116E+000	-6.2286008465779218E-007
5.1949999999999115E+000	-6.2125397805575977E-007
5.1999999999999114E+000	-6.1923523343375260E-007
5.2049999999999113E+000	-6.1689046194476794E-007
5.2099999999999111E+000	-6.1488171509407930E-007
5.2149999999999110E+000	-6.1315952118681897E-007
5.2199999999999109E+000	-6.1113435191331280E-007
5.2249999999999108E+000	-6.0600607202148425E-007
5.2299999999999107E+000	-5.8416331262246393E-007
5.2349999999999106E+000	-5.6441916429712963E-007
5.2399999999999105E+000	-5.5060022922879911E-007
5.2449999999999104E+000	-5.4897379879216902E-007
5.2499999999999103E+000	-5.5356847240943843E-007
5.2549999999999102E+000	-5.6755918178179058E-007
5.2599999999999101E+000	-5.8823724569479163E-007
5.2649999999999100E+000	-6.0700428095781716E-007
5.2699999999999099E+000	-6.2122816733992372E-007
5.2749999999999098E+000	-6.2834063514884878E-007
5.2799999999999097E+000	-6.3272692996605850E-007
5.2849999999999095E+000	-6.3388178794298524E-007
5.2899999999999094E+000	-6.3154890348307237E-007
5.2949999999999093E+000	-6.2464988343539942E-007
5.2999999999999092E+000	-6.1317416223669297E-007
5.3049999999999091E+000	-5.9752661939128867E-007
5.3099999999999090E+000	-5.7729238487735267E-007
5.3149999999999089E+000	-5.5190619948635118E-007
5.3199999999999088E+000	-5.2138958046938489E-007
5.3249999999999087E+000	-4.8595116307256337E-007
5.3299999999999086E+000	-4.4584242151503549E-007
5.3349999999999085E+000	-4.0176050201838907E-007
5.3399999999999084E+000	-3.5367144866519332E-007
5.3449999999999083E+000	-3.0210605726092833E-007
5.3499999999999082E+000	-2.4746113479626058E-007
5.3549999999999081E+000	-1.9032859456391763E-007
5.3599999999999079E+000	-1.3109497978344036E-007
5.3649999999999078E+000	-7.0433286428832689E-008
5.3699999999999077E+000	-9.1174473088929031E-009
5.3749999999999076E+000	5.2880201103883557E-008
5.3799999999999075E+000	1.1528014691096119E-007
5.3849999999999074E+000	1.7706625511736163E-007
5.3899999999999073E+000	2.3763625307824196E-007
5.3949999999999072E+000	2.9716206753929071E-007
5.3999999999999071E+000	3.5540662459018060E-007
5.4049999999999070E+000	4.1140773423568548E-007
5.4099999999999069E+000	4.6475257004845381E-007
5.4149999999999068E+000	5.1578432005653477E-007
5.4199999999999067E+000	5.6383112085622455E-007
5.4249999999999066E+000	6.0909324642667514E-007
5.4299999999999065E+000	6.5104014036988702E-007
5.4349999999999064E+000	6.8999815509889124E-007
5.4399999999999062E+000	7.2547487927050411E-007
5.4449999999999061E+000	7.5791999344068083E-007
5.4499999999999060E+000	7.8688718975500371E-007
5.4549999999999059E+000	8.1293004510505233E-007
5.4599999999999058E+000	8.3562424686387541E-007
5.4649999999999057E+000	8.5560607554881575E-007
5.4699999999999056E+000	8.7246397691596395E-007
5.4749999999999055E+000	8.8690725342148262E-007
5.4799999999999054E+000	8.9852640513425824E-007
5.4849999999999053E+000	9.0808963567218536E-007
5.4899999999999052E+000	9.1580994713820895E-007
5.4949999999999051E+000	9.2113252706900386E-007
5.4999999999999050E+000	9.2433989316369183E-007
5.5049999999999049E+000	9.2640553303244802E-007
5.5099999999999048E+000	9.2742308606514509E-007
5.5149999999999046E+000	9.2682264119173738E-007
5.5199999999999045E+000	9.2561904770570490E-007
5.5249999999999044E+000	9.2329477006157389E-007
5.5299999999999043E+000	9.2073607276948964E-007
5.5349999999999042E+000	9.1738657328282885E-007
5.5399999999999041E+000	9.1417699864330507E-007
5.5449999999999040E+000	9.1050562366226824E-007
5.5499999999999039E+000	9.0729758283062189E-007
5.5549999999999038E+000	9.0389276016596947E-007
5.5599999999999037E+000	9.0121507420506476E-007
5.5649999999999036E+000	8.9927562702514164E-007
5.5699999999999035E+000	8.9729918039757552E-007
5.5749999999999034E+000	8.9558371395941331E-007
5.5799999999999033E+000	8.9506855726465353E-007
5.5849999999999032E+000	8.9555477581367298E-007
5.5899999999999030E+000	8.9619573419626534E-007
5.5949999999999029E+000	8.9805360924718305E-007
5.5999999999999028E+000	9.0021833275107564E-007
5.6049999999999027E+000	9.0357719242165086E-007
5.6099999999999026E+000	9.0795918754718096E-007
5.6149999999999025E+000	9.1243087997855190E-007
5.6199999999999024E+000	9.1804521763141622E-007
5.6249999999999023E+000	9.2379423305834764E-007
5.6299999999999022E+000	9.3059858358378885E-007
5.6349999999999021E+000	9.3742715675214371E-007
5.6399999999999020E+000	9.4525362505619025E-007
5.6449999999999019E+000	9.5383915266796469E-007
5.6499999999999018E+000	9.6216804201084518E-007
5.6549999999999017E+000	9.7052685241051162E-007
5.6599999999999016E+000	9.7982707979920904E-007
5.6649999999999014E+000	9.8961278425523392E-007
5.6699999999999013E+000	9.9881641978822178E-007
5.6749999999999012E+000	1.0086107663589203E-006
5.6799999999999011E+000	1.0178217989036329E-006
5.6849999999999010E+000	1.0274466178758908E-006
5.6899999999999009E+000	1.0371660221887537E-006
5.6949999999999008E+000	1.0459090234248527E-006
5.6999999999999007E+000	1.0549142976882436E-006
5.7049999999999006E+000	1.0630198307376147E-006
5.7099999999999005E+000	1.0713619587643499E-006
5.7149999999999004E+000	1.0788089278645479E-006
5.7199999999999003E+000	1.0865639971600535E-006
5.7249999999999002E+000	1.0943993509795477E-006
5.7299999999999001E+000	1.1011980385405011E-006
5.7349999999999000E+000	1.1082410687092170E-006
5.7399999999998998E+000	1.1142323850446146E-006
5.7449999999998997E+000	1.1203814098548476E-006
5.7499999999998996E+000	1.1263688663814336E-006
5.7549999999998995E+000	1.1310346817798827E-006
5.7599999999998994E+000	1.1357611623035272E-006
5.7649999999998993E+000	1.1392858547499718E-006
5.7699999999998992E+000	1.1428735238244137E-006
5.7749999999998991E+000	1.1452705334668960E-006
5.7799999999998990E+000	1.1478092036017266E-006
5.7849999999998989E+000	1.1501696660516312E-006
5.7899999999998988E+000	1.1512721255729387E-006
5.7949999999998987E+000	1.1526392350796278E-006
5.7999999999998986E+000	1.1529778011071671E-006
5.8049999999998985E+000	1.1536452537366940E-006
5.8099999999998984E+000	1.1543071348939642E-006
5.8149999999998983E+000	1.1538792176112704E-006
5.8199999999998981E+000	1.1539469250025578E-006
5.8249999999998980E+000	1.1541511768401985E-006
5.8299999999998979E+000	1.1533578477364089E-006
5.8349999999998978E+000	1.1531763911720860E-006
5.8399999999998977E+000	1.1522562364179096E-006
5.8449999999998976E+000	1.1520256280466480E-006
5.8499999999998975E+000	1.1521078021745336E-006
5.8549999999998974E+000	1.1513722549733807E-006
5.8599999999998973E+000	1.1514658130489779E-006
5.8649999999998972E+000	1.1519768878198195E-006
5.8699999999998971E+000	1.1517175059428178E-006
5.8749999999998970E+000	1.1523503479139182E-006
5.8799999999998969E+000	1.1534503128749795E-006
5.8849999999998968E+000	1.1538137101369996E-006
5.8899999999998967E+000	1.1551235443622963E-006
5.8949999999998965E+000	1.1569338360796791E-006
5.8999999999998964E+000	1.1580198588602435E-006
5.9049999999998963E+000	1.1600824042093883E-006
5.9099999999998962E+000	1.1616213735788902E-006
5.9149999999998961E+000	1.1641364862833537E-006
5.9199999999998960E+000	1.1671513111651948E-006
5.9249999999998959E+000	1.1694382701901939E-006
5.9299999999998958E+000	1.1727291245717216E-006
5.9349999999998957E+000	1.1765162372972173E-006
5.9399999999998956E+000	1.1805721281118328E-006
5.9449999999998955E+000	1.1838313646012478E-006
5.9499999999998954E+000	1.1880495897425172E-006
5.9549999999998953E+000	1.1926771530373129E-006
5.9599999999998952E+000	1.1964188017620042E-006
5.9649999999998951E+000	1.2010659960453435E-006
5.9699999999998949E+000	1.2060935383960172E-006
5.9749999999998948E+000	1.2101975896706048E-006
5.9799999999998947E+000	1.2151852795570473E-006
5.9849999999998946E+000	1.2205137437808407E-006
5.9899999999998945E+000	1.2259521452680376E-006
5.9949999999998944E+000	1.2304061324450617E-006
5.9999999999998943E+000	1.2357123760585955E-006
6.0049999999998942E+000	1.2412830959038031E-006
6.0099999999998941E+000	1.2468860871243803E-006
6.0149999999998940E+000	1.2514270365005306E-006
6.0199999999998939E+000	1.2567836280771051E-006
6.0249999999998938E+000	1.2623592513279128E-006
6.0299999999998937E+000	1.2668114095559447E-006
6.0349999999998936E+000	1.2720491663067364E-006
6.0399999999998935E+000	1.2775022854453856E-006
6.0449999999998933E+000	1.2829448024231079E-006
6.0499999999998932E+000	1.2872606257807341E-006
6.0549999999998931E+000	1.2923814631418840E-006
6.0599999999998930E+000	1.2976873605735093E-006
6.0649999999998929E+000	1.3029483397275540E-006
6.0699999999998928E+000	1.3081848539945050E-006
6.0749999999998927E+000	1.3122723400417125E-006
6.0799999999998926E+000	1.3171553262660113E-006
6.0849999999998925E+000	1.3221975463548454E-006
6.0899999999998924E+000	1.3271776362760673E-006
6.0949999999998923E+000	1.3309733239196236E-006
6.0999999999998922E+000	1.3355989740844897E-006
6.1049999999998921E+000	1.3404101241262198E-006
6.1099999999998920E+000	1.3451767917854516E-006
6.1149999999998919E+000	1.3499254979749276E-006
6.1199999999998917E+000	1.3535094472576457E-006
6.1249999999998916E+000	1.3579432725099181E-006
6.1299999999998915E+000	1.3625588741117857E-006
6.1349999999998914E+000	1.3671300427151759E-006
6.1399999999998913E+000	1.3716898178754578E-006
6.1449999999998912E+000	1.3762635034741412E-006
6.1499999999998911E+000	1.3796520584401122E-006
6.1549999999998910E+000	1.3838646525211630E-006
6.1599999999998909E+000	1.3883453081739310E-006
6.1649999999998908E+000	1.3929424561960435E-006
6.1699999999998907E+000	1.3964873956257452E-006
6.1749999999998906E+000	1.3999146262681825E-006
6.1799999999998905E+000	1.4045621762269460E-006
6.1849999999998904E+000	1.4093703019633640E-006
6.1899999999998903E+000	1.4129416962143757E-006
6.1949999999998902E+000	1.4163815190487955E-006
6.1999999999998900E+000	1.4211824126883792E-006
6.2049999999998899E+000	1.4263831321282112E-006
6.2099999999998898E+000	1.4317507056742101E-006
6.2149999999998897E+000	1.4398523210612232E-006

 
