0.	3.303460856535009e-34
0.031415926535897934	1.410891967168719e-10
0.06283185307179587	2.2602298957488787e-9
0.09424777960769379	1.1466020389668256e-8
0.12566370614359174	3.634246128502502e-8
0.15707963267948966	8.905254795700827e-8
0.18849555921538758	1.854814620214511e-7
0.21991148575128555	3.454174954439949e-7
0.25132741228718347	5.927682690694432e-7
0.2827433388230814	9.558092100320536e-7
0.3141592653589793	1.4674606277451757e-6
0.34557519189487723	2.165589076074115e-6
0.37699111843077515	3.0933280122379113e-6
0.4084070449666731	4.299412065797401e-6
0.4398229715025711	5.838518521066948e-6
0.47123889803846897	7.771608903296413e-6
0.5026548245743669	0.000010166262855269649
0.5340707511102649	0.000013096995811077413
0.5654866776461628	0.000016645551334361026
0.5969026041820606	0.00002090115840750607
0.6283185307179586	0.000025960743455773295
0.6597344572538565	0.000031929086486600466
0.6911503837897545	0.00003891891044023038
0.7225663103256524	0.00004705089270404327
0.7539822368615503	0.00005645358775951778
0.7853981633974483	0.00006726325012620014
0.8168140899333463	0.0000796235471581389
0.8482300164692442	0.00009368515184918471
0.8796459430051422	0.00010960520662542341
0.91106186954104	0.00012754665015347682
0.9424777960769379	0.00014767740047591597
0.9738937226128359	0.00017016938929871424
1.0053096491487339	0.00019519744399493235
1.0367255756846319	0.00022293801584288847
1.0681415022205298	0.00025356775517047206
1.0995574287564276	0.00028726193640878545
1.1309733552923256	0.000324192738542441
1.1623892818282235	0.00036452738904952037
1.1938052083641213	0.0004084261821163517
1.2252211349000193	0.00045604038465136003
1.2566370614359172	0.0005075100463654386
1.2880529879718152	0.0005629617328874508
1.319468914507713	0.0006225062034945222
1.350884841043611	0.0006862360575082826
1.382300767579509	0.000754223375689242
1.413716694115407	0.0008265173850032263
1.4451326206513049	0.0009031421768864432
1.4765485471872029	0.0009840945105537666
1.5079644737231006	0.0010693417339346174
1.5393804002589986	0.0011588198554433613
1.5707963267948966	0.0012524317999622878
1.6022122533307945	0.0013500458821074036
1.6336281798666925	0.0014514945290378526
1.6650441064025905	0.0015565732837462096
1.6964600329384885	0.0016650401179208148
1.7278759594743864	0.0017766150811074452
1.7592918860102844	0.0018909803100237922
1.7907078125461822	0.002007780418518559
1.82212373908208	0.0021266232848439234
1.853539665617978	0.0022470812486641463
1.8849555921538759	0.0023686927255982706
1.9163715186897738	0.0024909642421460697
1.9477874452256718	0.002613372888632704
1.9792033717615696	0.002735369182397039
2.0106192982974678	0.0028563803279142044
2.0420352248333655	0.0029758138549613295
2.0734511513692637	0.0030930616103876244
2.1048670779051615	0.0032075040736204504
2.1362830044410597	0.003318514960809079
2.1676989309769574	0.003425466077564246
2.199114857512855	0.0035277323756742695
2.230530784048753	0.0036246971650463005
2.261946710584651	0.0037157574285098145
2.293362637120549	0.00380032918409518
2.324778563656447	0.0038778528370258312
2.356194490192345	0.003947798461990814
2.3876104167282426	0.0040096709553382875
2.419026343264141	0.004063014996684912
2.4504422698000385	0.0041074197600917154
2.4818581963359367	0.00414252331642623
2.5132741228718345	0.004168016670811911
2.5446900494077327	0.004183647382144744
2.5761059759436304	0.0041892227155099345
2.6075219024795286	0.004184612282918288
2.638937829015426	0.004169750133054928
2.670353755551324	0.004144636256630019
2.701769682087222	0.004109337480372169
2.73318560862312	0.004063987729628355
2.764601535159018	0.004008787646840774
2.796017461694916	0.003944003560765883
2.827433388230814	0.0038699658090792792
2.858849314766712	0.00378706642486885
2.8902652413026098	0.0036957562053465563
2.921681167838508	0.0035965411887974082
2.9530970943744057	0.003489978573223023
2.9845130209103035	0.0033766721172200594
3.015928947446201	0.003257267070257508
3.0473448739820994	0.0031324446855845824
3.078760800517997	0.0030029163744221665
3.1101767270538954	0.002869417564785986
3.141592653589793	0.0027327013321844077
3.173008580125691	0.0025935318724720434
3.204424506661589	0.0024526778892708582
3.235840433197487	0.0023109059695605857
3.267256359733385	0.0021689740212675556
3.2986722862692828	0.002027624845939313
3.330088212805181	0.0018875799178880218
3.3615041393410787	0.0017495334385398502
3.392920065876977	0.0016141467311764543
3.4243359924128747	0.0014820430368450476
3.455751918948773	0.0013538027670088758
3.4871678454846706	0.001229959262581265
3.518583772020569	0.0011109951024187636
3.5499996985564666	0.0009973389972350874
3.5814156250923643	0.0008893632973388345
3.6128315516282625	0.0007873821347017609
3.64424747816416	0.0006916502117436664
3.6756634047000576	0.0006023622409896423
3.707079331235956	0.0005196530315329248
3.7384952577718535	0.00044359821013766786
3.7699111843077517	0.0003742155569550582
3.8013271108436495	0.0003114669283130356
3.8327430373795477	0.00025526073197858917
3.8641589639154454	0.0002054549137795454
3.8955748904513436	0.00016186040859730584
3.9269908169872414	0.00012424500358209506
3.958406743523139	0.0000923375570637915
3.9898226700590373	0.0000658325130895993
4.0212385965949355	0.00004439464885581223
4.052654523130833	0.000027663990542963407
4.084070449666731	0.000015260832225735614
4.115486376202629	6.790792611385013e-6
4.1469023027385274	1.8498453492734948e-6
4.178318229274425	2.92605221469374e-8
4.209734155810323	9.20397636773992e-7
4.241150082346221	4.119293924884713e-6
4.272566008882119	9.230995981231806e-6
4.303981935418017	0.000015873587630004544
4.335397861953915	0.000023681872340851948
4.366813788489813	0.000032310674421004565
4.39822971502571	0.000041437729494038056
4.429645641561608	0.00005076614133790812
4.461061568097506	0.00006002638889152195
4.492477494633404	0.0000689778740456909
4.523893421169302	0.00007741000760696239
4.5553093477052	0.00008514283745979681
4.586725274241098	0.00009202722935610723
4.6181412007769955	0.00009794461683886315
4.649557127312894	0.00010280634247255864
4.680973053848792	0.00010655261773037128
4.71238898038469	0.00010915113350718155
4.743804906920587	0.0001105953572311846
4.775220833456485	0.00011090255588699468
4.806636759992384	0.00011011158690423118
4.838052686528282	0.00010828050078339033
4.869468613064179	0.00010548400051356843
4.900884539600077	0.00010181080328429486
4.932300466135976	0.00009736094971843901
4.9637163926718735	0.00009224310487812504
4.995132319207771	0.00008657189365515185
5.026548245743669	0.00008046531089572949
5.057964172279568	0.00007404224377988398
5.089380098815465	0.00006742014064006088
5.120796025351363	0.00006071285662965674
5.152211951887261	0.000054028702514370304
5.183627878423159	0.00004746871843560707
5.215043804959057	0.000041125189866781555
5.246459731494954	0.00003508041823271866
5.277875658030852	0.00002940575387200169
5.3092915845667505	0.00002416089427316313
5.340707511102648	0.00001939344588647259
5.372123437638546	0.00001513874337811911
5.403539364174444	0.000011419916022026017
5.4349552907103424	8.24818707928198e-6
5.46637121724624	5.623388551982617e-6
5.497787143782138	3.5346706648520276e-6
5.529203070318036	1.9613828634483114e-6
5.5606189968539335	8.741010519975036e-7
5.592034923389832	2.3577424745870685e-7
5.62345084992573	2.96281023397624e-9
5.654866776461628	1.2713992737697454e-7
5.686282702997525	5.560280632583027e-7
5.717698629533424	1.2349426384436323e-6
5.749114556069322	2.1081162245852923e-6
5.7805304826052195	3.11997801813093e-6
5.811946409141117	4.216365238271286e-6
5.843362335677016	5.345645338258597e-6
5.874778262212914	6.459730472303344e-6
5.906194188748811	7.51496846683617e-6
5.937610115284709	8.472897546061475e-6
5.969026041820607	9.300855196602886e-6
6.000441968356506	9.972434763020453e-6
6.031857894892402	0.00001046778658379034
6.0632738214283	0.000010773763646195949
6.094689747964199	0.0000108839148011545
6.126105674500097	0.000010798331481515436
6.157521601035994	0.000010523356560379416
6.188937527571892	0.000010071166425280143
6.220353454107791	9.45923949129777e-6
6.2517693806436885	8.709726199410218e-6
6.283185307179586	7.848737020620205e-6
6.314601233715485	6.905566093747987e-6
6.346017160251382	5.911868854731013e-6
6.37743308678728	4.900812364650743e-6
6.408849013323178	3.906217016581682e-6
6.440264939859075	2.9617079087729763e-6
6.471680866394974	2.099893431328606e-6
6.503096792930871	1.3515875492261645e-6
6.53451271946677	7.450909055797777e-7
6.565928646002667	3.0554424969863106e-7
6.5973445725385655	5.4365853035468414e-8
6.628760499074463	8.782554139362261e-9
6.660176425610362	1.814619152348224e-7
6.691592352146259	5.80250723577756e-7
6.7230082786821574	1.2080227764488745e-6
6.754424205218055	2.062636595437448e-6
6.785840131753954	3.1370014683097278e-6
6.817256058289851	4.419248058047761e-6
6.848671984825749	5.892997788663191e-6
6.880087911361647	7.537723352755259e-6
6.911503837897546	9.32919101906905e-6
6.942919764433443	0.000011239973977465354
6.974335690969341	0.0000132400247666831
7.005751617505239	0.000015297293904593225
7.037167544041138	0.000017378381193308776
7.0685834705770345	0.000019449205808782278
7.099999397112933	0.000021475681206979392
7.13141532364883	0.00002342438108137353
7.162831250184729	0.0000252631830789801
7.194247176720626	0.00002696187770903927
7.225663103256525	0.000028492730839709583
7.257079029792422	0.00002983098934952895
7.28849495632832	0.00003095532085415343
7.319910882864218	0.000031848179934207525
7.351326809400115	0.00003249609491386852
7.382742735936014	0.000032889870947392836
7.414158662471912	0.00003302470692648395
7.44557458900781	0.00003290022548946927
7.476990515543707	0.00003252041715831856
7.508406442079606	0.000031893501317555
7.5398223686155035	0.00003103170834777822
7.571238295151402	0.000029950988706006877
7.602654221687299	0.000028670656078521265
7.634070148223198	0.00002721297289587313
7.665486074759095	0.000025602687474696026
7.696902001294994	0.000023866532821392718
7.728317927830891	0.000022032697687652265
7.7597338543667895	0.000020130280800433157
7.791149780902687	0.00001818873929751373
7.822565707438586	0.000016237342286368303
7.853981633974483	0.000014304640115780218
7.885397560510381	0.00001241795941715784
7.916813487046278	0.000010602933250746306
7.948229413582177	8.883074799036291e-6
7.979645340118075	7.27940200695089e-6
8.011061266653973	5.81011939965299e-6
8.042477193189871	4.490362039943682e-6
8.073893119725767	3.3320052455674273e-6
8.105309046261667	2.343542300576273e-6
8.136724972797564	1.530030992837666e-6
8.168140899333462	8.931084201708295e-7
8.19955682586936	4.3107215802443653e-7
8.230972752405258	1.3902459829919664e-7
8.262388678941155	9.076076267605975e-9
8.293804605477055	3.0601322660933384e-8
8.32522053201295	1.9054283030879235e-7
8.35663645854885	4.7375392563053256e-7
8.388052385084748	8.633736978994225e-7
8.419468311620646	1.3412254731420275e-6
8.450884238156544	1.888230230780615e-6
8.482300164692441	2.4848262519882807e-6
8.51371609122834	3.1113863578515124e-6
8.545132017764239	3.748624337915379e-6
8.576547944300135	4.377982577207167e-6
8.607963870836034	4.9819934509148715e-6
8.63937979737193	5.5446077561688535e-6
8.67079572390783	6.051484272932865e-6
8.702211650443727	6.490235471787928e-6
8.733627576979625	6.8506253945967005e-6
8.765043503515523	7.124716802580076e-6
8.79645943005142	7.306965792337285e-6
8.827875356587318	7.394263200555159e-6
8.859291283123216	7.385923229492227e-6
8.890707209659114	7.283620805296278e-6
8.922123136195012	7.091280208370603e-6
8.953539062730911	6.814918469370825e-6
8.984954989266807	6.462447887838233e-6
9.016370915802707	6.043442787004723e-6
9.047786842338605	5.568876254436364e-6
9.079202768874502	5.0508331231138e-6
9.1106186954104	4.502205813348267e-6
9.142034621946298	3.936379877649615e-6
9.173450548482196	3.3669161663780756e-6
9.204866475018095	2.8072364628239923e-6
9.236282401553991	2.2703192263225283e-6
9.26769832808989	1.7684117379747746e-6
9.299114254625788	1.312764475016969e-6
9.330530181161686	9.133929587233146e-7
9.361946107697584	5.788716409483665e-7
9.393362034233482	3.1616363177880813e-7
9.42477796076938	1.3048924250081646e-7
9.456193887305279	2.5235442463115283e-8
9.487609813841175	1.907424387238819e-9
9.519025740377074	6.012255945637553e-8
9.55044166691297	1.976461202035886e-7
9.58185759344887	4.1046727439384555e-7
9.613273519984768	6.929130244449711e-7
9.644689446520665	1.037797000914214e-6
9.676105373056563	1.4365993300867205e-6
9.707521299592461	1.8796731978037566e-6
9.738937226128359	2.3564732353446613e-6
9.770353152664256	2.8558004671418987e-6
9.801769079200154	3.366058290664036e-6
9.833185005736052	3.87551380973267e-6
9.864600932271951	4.3725588150975905e-6
9.896016858807847	4.845964798974993e-6
9.927432785343747	5.285126599705855e-6
9.958848711879645	5.680289592581736e-6
9.990264638415542	6.022755764905578e-6
10.02168056495144	6.305064527189233e-6
10.053096491487338	6.521144705979421e-6
10.084512418023236	6.666434823608429e-6
10.115928344559135	6.737969481472306e-6
10.147344271095031	6.734430410671407e-6
10.17876019763093	6.656161520914538e-6
10.210176124166829	6.5051480492083065e-6
10.241592050702726	6.2849606678996546e-6
10.273007977238624	6.000666141483677e-6
10.304423903774522	5.658706808380904e-6
10.33583983031042	5.266751793901713e-6
10.367255756846317	4.833523421467397e-6
10.398671683382215	4.368602770084797e-6
10.430087609918115	3.8822187181010385e-6
10.46150353645401	3.3850251094023425e-6
10.492919462989908	2.8878708735389823e-6
10.524335389525808	2.401568023005431e-6
10.555751316061704	1.9366624384953664e-6
10.587167242597603	1.5032122379853105e-6
10.618583169133501	1.1105783116755873e-6
10.649999095669399	7.672312978354901e-7
10.681415022205297	4.805788820292779e-7
10.712830948741194	2.568168332759813e-7
10.744246875277092	1.0080665613582024e-7
10.775662801812992	1.5982149448434954e-8
10.807078728348888	4.286533375765056e-9
10.838494654884787	6.614115010787118e-8
10.869910581420685	2.0044607405363513e-7
10.901326507956583	4.046122986397449e-7
10.93274243449248	6.746245128709616e-7
10.964158361028378	1.0051328549753894e-6
10.995574287564276	1.3895714454346783e-6
11.026990214100175	1.8203009691481289e-6
11.058406140636071	2.2887721068335586e-6
11.089822067171971	2.785706218034025e-6
11.121237993707867	3.3012893596825126e-6
11.152653920243766	3.8253754907491164e-6
11.184069846779664	4.347694568898259e-6
11.215485773315562	4.858061191277962e-6
11.24690169985146	5.346579468591502e-6
11.278317626387357	5.803839947641554e-6
11.309733552923255	6.221104608925486e-6
11.341149479459153	6.590476257220543e-6
11.37256540599505	6.905048987454881e-6
11.403981332530948	7.159036837109457e-6
11.435397259066848	7.347878220290403e-6
11.466813185602744	7.468314266783221e-6
11.498229112138644	7.518439750382186e-6
11.529645038674541	7.497725872575048e-6
11.561060965210439	7.407014757944936e-6
11.592476891746337	7.2484861041027634e-6
11.623892818282235	7.025596999460374e-6
11.655308744818132	6.742996465062875e-6
11.686724671354032	6.406416781074369e-6
11.718140597889928	6.022544114344725e-6
11.749556524425827	5.598871361883192e-6
11.780972450961723	5.143536458425406e-6
11.812388377497623	4.665149658441427e-6
11.84380430403352	4.1726134892723454e-6
11.875220230569418	3.6749391796066917e-6
11.906636157105316	3.1810633948921687e-6
11.938052083641214	2.6996690588644907e-6
11.969468010177112	2.2390139101765944e-6
12.000883936713011	1.8067702387047357e-6
12.032299863248907	1.4098789725932771e-6
12.063715789784805	1.0544209509367026e-6
12.095131716320704	7.45507825881263e-7
12.1265476428566	4.871946006024772e-7
12.1579635693925	2.8241533568892596e-7
12.189379495928398	1.329430561946055e-7
12.220795422464295	3.937437570345115e-8
12.252211349000193	1.138833078535613e-9
12.283627275536091	1.6532423019969008e-8
12.315043202071989	8.277430375712994e-8
12.346459128607888	1.9608519431523463e-7
12.377875055143784	3.517855393148374e-7
12.409290981679684	5.444111298164109e-7
12.440706908215581	7.678435319112231e-7
12.47212283475148	1.0154523970083184e-6
12.503538761287377	1.28024651420115e-6
12.534954687823275	1.5550303194534054e-6
12.566370614359172	1.8325625009041911e-6
12.59778654089507	2.1057133351602123e-6
12.62920246743097	2.3676174553263363e-6
12.660618393966868	2.611818885591058e-6
12.692034320502763	2.8324053758879475e-6
12.723450247038661	3.0241293286592716e-6
12.75486617357456	3.182512922016037e-6
12.786282100110459	3.3039353925293273e-6
12.817698026646356	3.385700838514424e-6
12.849113953182254	3.4260853322758416e-6
12.88052987971815	3.4243625781235645e-6
12.911945806254051	3.380807812479888e-6
12.943361732789947	3.2966801033580426e-6
12.974777659325845	3.174183659276937e-6
13.006193585861743	3.016409192910978e-6
13.037609512397642	2.827256793559164e-6
13.06902543893354	2.6113421365877886e-6
13.100441365469438	2.3738881899086314e-6
13.131857292005334	2.120604860795896e-6
13.163273218541235	1.8575592555051564e-6
13.194689145077131	1.5910393949984493e-6
13.226105071613029	1.327414339625034e-6
13.257520998148927	1.0729937221849977e-6
13.288936924684826	8.338896720732295e-7
13.320352851220724	6.1588403414527e-7
13.351768777756622	4.243036468359723e-7
13.383184704292518	2.6390624839709755e-7
13.414600630828419	1.3877933254664197e-7
13.446016557364315	5.225398102082143e-8
13.477432483900213	6.83536708065295e-9
13.50884841043611	4.151258298356964e-9
13.54026433697201	4.491945688802342e-8
13.571680263507908	1.2893470983239766e-7
13.603096190043804	2.5507520772738765e-7
13.634512116579701	4.2132837932085685e-7
13.665928043115601	6.248352867526093e-7
13.697343969651499	8.619525428083954e-7
13.728759896187396	1.128330313921054e-6
13.760175822723294	1.4190046484062681e-6
13.79159174925919	1.7285020849654786e-6
13.823007675795091	2.0509542573884433e-6
13.854423602330987	2.380220022210268e-6
13.885839528866885	2.7100125003045167e-6
13.917255455402783	3.034028343360855e-6
13.948671381938683	3.3460765130568747e-6
13.98008730847458	3.6402038944409783e-6
14.011503235010478	3.9108151543710195e-6
14.042919161546374	4.152784398417495e-6
14.074335088082275	4.361556371982626e-6
14.105751014618171	4.533235189028115e-6
14.137166941154069	4.664658849375659e-6
14.168582867689967	4.7534581168848915e-6
14.199998794225866	4.798098669120491e-6
14.231414720761764	4.7979057870868854e-6
14.26283064729766	4.753071223592669e-6
14.294246573833558	4.664642262973973e-6
14.325662500369457	4.534493355418596e-6
14.357078426905355	4.3652810682949876e-6
14.388494353441253	4.160383437310972e-6
14.41991027997715	3.9238251150793545e-6
14.45132620651305	3.660189997419934e-6
14.482742133048948	3.3745232528706606e-6
14.514158059584844	3.072224883643975e-6
14.545573986120742	2.758937102806228e-6
14.57698991265664	2.4404279199257085e-6
14.608405839192539	2.1224733840396776e-6
14.639821765728437	1.8107409378058005e-6
14.671237692264334	1.5106762904962664e-6
14.70265361880023	1.2273961214900074e-6
14.734069545336132	9.655887825716245e-7
14.765485471872028	7.294249800791888e-7
14.796901398407925	5.224801910559405e-7
14.828317324943823	3.4767030615346727e-7
14.859733251479723	2.072017018667428e-7
14.89114917801562	1.0253663207877036e-7
14.922565104551516	3.437450057712165e-8
14.953981031087414	2.6492391784326908e-9
14.985396957623315	6.542677472756404e-9
15.016812884159211	4.451345706802263e-8
15.04822881069511	1.1434072248347476e-7
15.079644737231007	2.1318151910133607e-7
15.111060663766906	3.376405519728504e-7
15.142476590302804	4.838507133461768e-7
15.1738925168387	6.475625764063692e-7
15.205308443374598	8.242408819744032e-7
15.236724369910498	1.0091659170229592e-6
15.268140296446395	1.1975376011255922e-6
15.299556222982293	1.3845800606983663e-6
15.33097214951819	1.565644481465637e-6
15.362388076054087	1.7363080863574455e-6
15.393804002589988	1.8924671874293288e-6
15.425219929125884	2.030422403878857e-6
15.456635855661782	2.1469543204487088e-6
15.48805178219768	2.2393880773031857e-6
15.519467708733579	2.3056456290078162e-6
15.550883635269477	2.344284681116506e-6
15.582299561805375	2.3545236021904447e-6
15.61371548834127	2.336251910631361e-6
15.645131414877172	2.2900262430821297e-6
15.676547341413068	2.217052017849224e-6
15.707963267948966	2.1191513064117814e-6
15.739379194484863	1.9987177123902873e-6
15.770795121020763	1.8586593244623965e-6
15.80221104755666	1.7023310522048075e-6
15.833626974092557	1.5334578668279248e-6
15.865042900628454	1.3560506480409593e-6
15.896458827164354	1.1743164803578977e-6
15.927874753700252	9.925653443605621e-7
15.95929068023615	8.151152089579893e-7
15.990706606772047	6.461975485936562e-7
16.022122533307947	4.898652846230444e-7
16.053538459843843	3.4990508357951167e-7
16.084954386379742	2.2975583849213676e-7
16.116370312915638	1.3243501537414418e-7
16.147786239451534	6.04743687773541e-8
16.179202165987437	1.5866321916327225e-8
16.210618092523333	2.2072909244759057e-11
16.24203401905923	1.3742234263569472e-8
16.27344994559513	5.720054334534849e-8
16.30486587213103	1.2994090296990484e-7
16.336281798666924	2.3088772934699567e-7
16.367697725202824	3.5836930533418475e-7
16.39911365173872	5.101535661261102e-7
16.43052957827462	6.834954877396127e-7
16.461945504810515	8.751950112118737e-7
16.493361431346415	1.081664222134139e-6
16.52477735788231	1.2990023202713368e-6
16.55619328441821	1.5230767612255773e-6
16.58760921095411	1.749608834333373e-6
16.619025137490006	1.9742618604432193e-6
16.6504410640259	2.192730151298963e-6
16.6818569905618	2.4008268695392228e-6
16.7132729170977	2.5945689645688815e-6
16.744688843633597	2.77025743371016e-6
16.776104770169496	2.9245512682581225e-6
16.807520696705396	3.0545335877669245e-6
16.838936623241292	3.1577686398192866e-6
16.870352549777188	3.2323485428107474e-6
16.901768476313087	3.2769288715293017e-6
16.933184402848983	3.2907524247065637e-6
16.964600329384883	3.2736607651286647e-6
16.996016255920782	3.2260933809701145e-6
17.02743218245668	3.149074576306517e-6
17.058848108992574	3.0441884538385566e-6
17.090264035528477	2.913542598421645e-6
17.121679962064373	2.7597213009763653e-6
17.15309588860027	2.585729374037186e-6
17.18451181513617	2.3949277983016775e-6
17.21592774167207	2.190962600313312e-6
17.247343668207964	1.9776884916959464e-6
17.27875959474386	1.7590888976602616e-6
17.31017552127976	1.5391940650465222e-6
17.34159144781566	1.321998966897153e-6
17.373007374351555	1.1113827111943957e-6
17.404423300887455	9.110311164104931e-7
17.43583922742335	7.243640371221751e-7
17.46725515395925	5.544689110528419e-7
17.49867108049515	4.040418571175794e-7
17.530087007031046	2.753374855477616e-7
17.561502933566942	1.7012838969672206e-7
17.59291886010284	8.96750788503052e-8
17.62433478663874	3.470688683656554e-8
17.655750713174637	5.41415724878089e-9
17.687166639710536	1.4517676383451601e-9
17.718582566246432	2.195381712209013e-8
17.749998492782332	6.555906946041717e-8
17.781414419318228	1.304465216214545e-7
17.812830345854128	2.1438026072385128e-7
17.844246272390023	3.1476258427213284e-7
17.875662198925923	4.2869419355662196e-7
17.907078125461823	5.530401312693642e-7
17.93849405199772	6.845000245010987e-7
17.969909978533614	8.196811154142442e-7
18.001325905069518	9.551725154596093e-7
18.032741831605414	1.0876191057447265e-6
18.06415775814131	1.21379352610567e-6
18.09557368467721	1.3306647479142558e-6
18.12698961121311	1.4354618093286836e-6
18.158405537749005	1.5257314045843291e-6
18.1898214642849	1.5993881584370772e-6
18.2212373908208	1.6547565798996912e-6
18.2526533173567	1.6906038723519058e-6
18.284069243892596	1.7061629759861313e-6
18.315485170428495	1.701145429076811e-6
18.34690109696439	1.6757438522366728e-6
18.37831702350029	1.6306240800305269e-6
18.40973295003619	1.5669071824157208e-6
18.441148876572086	1.486141829912236e-6
18.472564803107982	1.3902676567839144e-6
18.50398072964388	1.281570461712515e-6
18.53539665617978	1.1626302516892288e-6
18.566812582715677	1.0362632787834745e-6
18.598228509251577	9.054593382105887e-7
18.629644435787473	7.733156873985024e-7
18.661060362323372	6.429690078225537e-7
18.692476288859268	5.175268631436736e-7
18.723892215395168	4.0000010818971257e-7
18.755308141931064	2.932376737591398e-7
18.786724068466963	1.9986509293007213e-7
18.818139995002863	1.2222804697694658e-7
18.84955592153876	6.234209516383477e-8
18.880971848074655	2.1849615165587818e-8
18.912387774610558	1.984822712175461e-9
18.943803701146454	3.547563716806341e-9
18.97521962768235	2.688638342778615e-8
19.00663555421825	7.189117908687908e-8
19.03805148075415	1.3799553939910068e-7
19.069467407290045	2.2418867011489223e-7
19.10088333382594	3.29036604478229e-7
19.13229926036184	4.5071220438309335e-7
19.16371518689774	5.870332767986917e-7
19.195131113433636	7.355079640909308e-7
19.226547039969535	8.933864196582964e-7
19.25796296650543	1.0577176547721452e-6
19.28937889304133	1.225410341149798e-6
19.32079481957723	1.3932962785530353e-6
19.352210746113126	1.558195188996206e-6
19.383626672649022	1.7169794797790126e-6
19.415042599184922	1.8666376267473458e-6
19.44645852572082	2.0043348665404397e-6
19.477874452256717	2.127469951139645e-6
19.509290378792617	2.2337268082480385e-6
19.540706305328513	2.321120064847367e-6
19.572122231864412	2.388033526149426e-6
19.60353815840031	2.43325085511856e-6
19.634954084936208	2.455977865467727e-6
19.666370011472104	2.4558560199009397e-6
19.697785938008003	2.4329669115818767e-6
19.729201864543903	2.3878276963900967e-6
19.7606177910798	2.321377632496469e-6
19.792033717615695	2.234956068195385e-6
19.823449644151594	2.1302723949373247e-6
19.854865570687494	2.009368646489495e-6
19.88628149722339	1.874575573755815e-6
19.91769742375929	1.7284631550087927e-6
19.94911335029519	1.573786610520236e-6
19.980529276831085	1.413429076682192e-6
20.01194520336698	1.2503421560392138e-6
20.04336112990288	1.0874855950938338e-6
20.07477705643878	9.277673507349398e-7
20.106192982974676	7.739852886660433e-7
20.137608909510575	6.287717138289304e-7
20.16902483604647	4.945418646133632e-7
20.200440762582367	3.7344741121753307e-7
20.23185668911827	2.673358859545401e-7
20.263272615654166	1.777168420925745e-7
20.294688542190062	1.057353908518024e-7
20.326104468725962	5.2153606650175104e-8
20.35752039526186	1.7340122026095647e-8
20.388936321797758	1.268059470067978e-9
20.420352248333657	3.5212713633219603e-9
20.451768174869553	2.3308685054916643e-8
20.483184101405453	5.948638145324982e-8
20.51460002794135	1.105868758651758e-7
20.546015954477248	1.7485492247565645e-7
20.577431881013144	2.502890318322014e-7
20.608847807549044	3.34687776649017e-7
20.640263734084943	4.2569986744822585e-7
20.67167966062084	5.20876907840686e-7
20.703095587156735	6.177276909746012e-7
20.734511513692635	7.137728746988206e-7
20.765927440228534	8.065988736400561e-7
20.79734336676443	8.939098314978327e-7
20.82875929330033	9.735765857237866e-7
20.86017521983623	1.043681608187424e-6
20.891591146372125	1.1025589977816412e-6
20.92300707290802	1.148828712109393e-6
20.95442299944392	1.1814243529491602e-6
20.985838925979817	1.1996139613323129e-6
21.017254852515716	1.2030134297192672e-6
21.048670779051616	1.1915922976723725e-6
21.08008670558751	1.1656718602016488e-6
21.111502632123408	1.125915681152096e-6
21.14291855865931	1.0733127641724024e-6
21.174334485195207	1.0091537876024814e-6
21.205750411731103	9.350009538437789e-7
21.237166338267002	8.526521354627717e-7
21.2685822648029	7.641001167245703e-7
21.299998191338798	6.71487828115598e-7
21.331414117874694	5.770605507165671e-7
21.362830044410593	4.831161254862346e-7
21.394245970946493	3.919542385225657e-7
21.42566189748239	3.0582586656022655e-7
21.45707782401829	2.2688395720946364e-7
21.488493750554184	1.571363860905191e-7
21.519909677090084	9.840217888909698e-8
21.551325603625983	5.227191173115027e-8
21.58274153016188	2.007310984299842e-8
21.614157456697775	2.8413543113604543e-9
21.645573383233675	1.2976823068155122e-9
21.676989309769574	1.5832730091308723e-8
21.70840523630547	4.649792342927173e-8
21.73982116284137	9.300386976045163e-8
21.771237089377266	1.5472595386637523e-7
21.802653015913165	2.3071698699723782e-7
21.83406894244906	3.197266117086835e-7
21.86548486898496	4.2022702407292536e-7
21.896900795520857	5.304444443877256e-7
21.928316722056756	6.483956496969652e-7
21.959732648592656	7.719287787567971e-7
21.991148575128552	8.98767534601195e-7
22.022564501664448	1.0265578432719826e-6
22.05398042820035	1.152915980869619e-6
22.085396354736247	1.2754771557025693e-6
22.116812281272143	1.3919435283767513e-6
22.148228207808042	1.5001306701190949e-6
22.179644134343942	1.5980114979811173e-6
22.211060060879838	1.683756783882365e-6
22.242475987415734	1.7557714113853536e-6
22.273891913951633	1.812725647913177e-6
22.305307840487533	1.8535808087534351e-6
22.33672376702343	1.8776088102657924e-6
22.36813969355933	1.8844052406025372e-6
22.399555620095224	1.8738957141548792e-6
22.430971546631124	1.8463354179075709e-6
22.462387473167023	1.8023019009151782e-6
22.49380339970292	1.7426812991894149e-6
22.525219326238815	1.6686483244583856e-6
22.556635252774715	1.581640473689483e-6
22.588051179310614	1.4833270343087872e-6
22.61946710584651	1.3755735652818624e-6
22.65088303238241	1.2604026245112422e-6
22.682298958918306	1.1399515865469523e-6
22.713714885454205	1.0164284499580498e-6
22.7451308119901	8.920665698186087e-7
22.776546738526	7.690792669882368e-7
22.807962665061897	6.496152619862577e-7
22.839378591597796	5.357158574896048e-7
22.870794518133696	4.292747504358889e-7
22.902210444669592	3.3200129342444433e-7
22.933626371205488	2.4538794697009923e-7
22.965042297741388	1.706825709368162e-7
22.996458224277287	1.0886609720853058e-7
23.027874150813183	6.063600866655624e-8
23.059290077349083	2.6395924364719234e-8
23.090706003884982	6.2514601114013235e-9
23.122121930420878	1.2400270492157875e-11
23.153537856956774	7.201083306599197e-9
23.184953783492674	2.7066773232598315e-8
23.216369710028573	5.8605664398860245e-8
23.24778563656447	1.0058605058770819e-7
23.27920156310037	1.5157808354871725e-7
23.310617489636265	2.0998745309691845e-7
23.34203341617216	2.74092242579603e-7
23.373449342708064	3.4208215146149057e-7
23.40486526924396	4.120992321920139e-7
23.436281195779856	4.822792622376084e-7
23.467697122315755	5.507928646308206e-7
23.499113048851655	6.158855016515768e-7
23.53052897538755	6.759154959648116e-7
23.561944901923447	7.293892809548609e-7
23.593360828459346	7.74993146013912e-7
23.624776754995246	8.116208217087392e-7
23.65619268153114	8.383963423066819e-7
23.68760860806704	8.546917270526388e-7
23.719024534602937	8.601391345936186e-7
23.750440461138837	8.546372646047601e-7
23.781856387674736	8.38351904414734e-7
23.813272314210632	8.117106436176238e-7
23.844688240746528	7.753919036439323e-7
23.876104167282428	7.303085494255894e-7
23.907520093818327	6.775864641146078e-7
23.938936020354223	6.185385729307688e-7
23.970351946890123	5.546348964466806e-7
24.001767873426022	4.874692950380712e-7
24.03318379996192	4.187236331817969e-7
24.064599726497814	3.501301434401542e-7
24.096015653033714	2.8343280433016254e-7
24.12743157956961	2.2034856320719994e-7
24.15884750610551	1.6252923452997887e-7
24.19026343264141	1.1152488552886431e-7
24.221679359177305	6.87494858553352e-8
24.2530952857132	3.544954608494038e-8
24.284511212249104	1.2676403161315087e-8
24.315927138785	1.2627304923568201e-9
24.347343065320896	1.8037582136383484e-9
24.378758991856795	1.4643587127209245e-8
24.410174918392695	3.986687021223479e-8
24.44159084492859	7.72960207425991e-8
24.473006771464487	1.2649398838850395e-7
24.504422698000386	1.867725267236047e-7
24.535838624536286	2.5720575979827893e-7
24.567254551072182	3.3664874430670294e-7
24.59867047760808	4.2376061969191194e-7
24.630086404143977	5.170318434634087e-7
24.661502330679877	6.148149250056522e-7
24.692918257215776	7.153579999489741e-7
24.724334183751672	8.168405301943595e-7
24.75575011028757	9.174103730605329e-7
24.787166036823468	1.0152214375535032e-6
24.818581963359367	1.1084711369035372e-6
24.849997889895263	1.1954368543708798e-6
24.881413816431163	1.2745106636403314e-6
24.912829742967062	1.3442315853094147e-6
24.94424566950296	1.4033147160953803e-6
24.975661596038854	1.450676636205125e-6
25.007077522574754	1.4854565813070346e-6
25.03849344911065	1.5070329569460708e-6
25.06990937564655	1.515034873070691e-6
25.10132530218245	1.5093484824459336e-6
25.132741228718345	1.490118016840277e-6