0.	3.870921789128032e-37
0.06283185307179587	8.677256127475331e-7
0.12566370614359174	0.000013564232095168087
0.18849555921538758	0.00006605425875483101
0.25132741228718347	0.00019770790518517967
0.3141592653589793	0.00045002252999064285
0.37699111843077515	0.0008564508209442954
0.4398229715025711	0.001433433702323079
0.5026548245743669	0.0021744837418546333
0.5654866776461628	0.0030485357260670812
0.6283185307179586	0.004002912353172859
0.6911503837897545	0.004970329621542321
0.7539822368615503	0.005878582053519662
0.8168140899333463	0.006661062743009424
0.8796459430051422	0.007266180427433408
0.9424777960769379	0.007664042190059203
1.0053096491487339	0.00784939671273692
1.0681415022205298	0.00784063284469533
1.1309733552923256	0.007675421692703698
1.1938052083641213	0.007404204458342881
1.2566370614359172	0.007083035151169888
1.319468914507713	0.006767232481799985
1.382300767579509	0.006506908205582855
1.4451326206513049	0.0063448255519178804
1.5079644737231006	0.0063163576179816406
1.5707963267948966	0.006450732449821109
1.6336281798666925	0.006772414166161834
1.6964600329384885	0.0073014636259793025
1.7592918860102844	0.008052053650260118
1.82212373908208	0.009028906422013518
1.8849555921538759	0.010222132586589532
1.9477874452256718	0.011601607124369875
2.0106192982974678	0.013112446779380303
2.0734511513692637	0.014673233651473659
2.1362830044410597	0.016178310756911084
2.199114857512855	0.017504798176512307
2.261946710584651	0.018524066298849593
2.324778563656447	0.019116438064207587
2.3876104167282426	0.019187078760025848
2.4504422698000385	0.018680551700211732
2.5132741228718345	0.017591491679433982
2.5761059759436304	0.0159693076302221
2.638937829015426	0.013915706111951186
2.701769682087222	0.0115749764116411
2.764601535159018	0.009118187128947273
2.827433388230814	0.006723487974446839
2.8902652413026098	0.004555392436423482
2.9530970943744057	0.002746107744835071
3.015928947446201	0.0013816418050810219
3.078760800517997	0.0004946156403045533
3.141592653589793	0.00006459388345880279
3.204424506661589	0.00002552079390868479
3.267256359733385	0.0002787365666363948
3.330088212805181	0.0007092425942490174
3.392920065876977	0.0012025155253415091
3.455751918948773	0.0016592828000126768
3.518583772020569	0.0020062198016735167
3.5814156250923643	0.002201385475334035
3.64424747816416	0.0022342034120864497
3.707079331235956	0.002120729250994859
3.7699111843077517	0.0018956565877861842
3.8327430373795477	0.0016028904953095608
3.8955748904513436	0.0012865208958424614
3.958406743523139	0.0009836932461252722
4.0212385965949355	0.0007202998098934341
4.084070449666731	0.0005097379586832166
4.1469023027385274	0.0003543469830876646
4.209734155810323	0.0002486641772171557
4.272566008882119	0.00018341148826318517
4.335397861953915	0.00014915538437826898
4.39822971502571	0.00013883778694652043
4.461061568097506	0.00014877405478701727
4.523893421169302	0.00017815138420144812
4.586725274241098	0.00022743538010029348
4.649557127312894	0.00029632537080091315
4.71238898038469	0.0003819506330912131
4.775220833456485	0.0004778749710768808
4.838052686528282	0.0005742208720069131
4.900884539600077	0.0006589082979370405
4.9637163926718735	0.0007197071262218614
5.026548245743669	0.0007465960207185439
5.089380098815465	0.0007338481688024021
5.152211951887261	0.0006813358526273489
5.215043804959057	0.0005947370041489301
5.277875658030852	0.00048458692708608565
5.340707511102648	0.0003643831739341362
5.403539364174444	0.0002481593137143903
5.46637121724624	0.0001480485701903318
5.529203070318036	0.00007234156343373946
5.592034923389832	0.000024413210396924185
5.654866776461628	2.6870939442610095e-6
5.717698629533424	1.5721049065848023e-6
5.7805304826052195	0.000013100146917003924
5.843362335677016	0.000028860227231413124
5.906194188748811	0.000041789364761084255
5.969026041820607	0.000047446484576170794
6.031857894892402	0.00004454076133019042
6.094689747964199	0.00003467263967937487
6.157521601035994	0.00002142862218723586
6.220353454107791	9.108082068735954e-6
6.283185307179586	1.4230824948136605e-6
6.346017160251382	4.906953207950368e-7
6.408849013323178	6.342023177437266e-6
6.471680866394974	0.000017030085391386956
6.53451271946677	0.000029266368911240752
6.5973445725385655	0.00003938995161435883
6.660176425610362	0.00004440214413805797
6.7230082786821574	0.00004279746233586755
6.785840131753954	0.00003498524417317231
6.848671984825749	0.000023206720091362618
6.911503837897546	0.000010980937697973624
6.974335690969341	2.227839975721136e-6
7.037167544041138	2.9100563707118387e-7
7.099999397112933	7.10006503681433e-6
7.162831250184729	0.000022671860690387613
7.225663103256525	0.00004506230889633947
7.28849495632832	0.00007077038225776268
7.351326809400115	0.0000954889949287683
7.414158662471912	0.0001150200286910795
7.476990515543707	0.0001261394563820017
7.5398223686155035	0.0001272189111599441
7.602654221687299	0.00011847500374494063
7.665486074759095	0.00010180981824602977
7.728317927830891	0.00008030225601532934
7.791149780902687	0.000057487254116710496
7.853981633974483	0.00003660094318259944
7.916813487046278	0.000019966563742098154
7.979645340118075	8.651421236979824e-6
8.042477193189871	2.4520706778679293e-6
8.105309046261667	1.8228697327921465e-7
8.168140899333462	1.6661751459108172e-7
8.230972752405258	7.982844567038959e-7
8.293804605477055	1.0132768641713783e-6
8.35663645854885	5.625841801541565e-7
8.419468311620646	2.258036997051486e-8
8.482300164692441	5.540264741420943e-7
8.545132017764239	3.4850561606809676e-6
8.607963870836034	9.836937503470883e-6
8.67079572390783	0.000019923320058939853
8.733627576979625	0.00003313214184887904
8.79645943005142	0.00004795075032927543
8.859291283123216	0.00006223191932372333
8.922123136195012	0.00007363728012548116
8.984954989266807	0.00008015031814195576
9.047786842338605	0.00008053407579171706
9.1106186954104	0.00007462263426340486
9.173450548482196	0.0000633762600359677
9.236282401553991	0.00004868729050048836
9.299114254625788	0.0000329831761583646
9.361946107697584	0.000018720211576560454
9.42477796076938	7.885315716364327e-6
9.487609813841175	1.6186142455769713e-6
9.55044166691297	3.83687390828923e-8
9.613273519984768	2.3001736564221987e-6
9.676105373056563	6.866677425473617e-6
9.738937226128359	0.000011915843851693075
9.801769079200154	0.00001578623401980279
9.864600932271951	0.000017353400743245203
9.927432785343747	0.00001625245087546388
9.990264638415542	0.000012902251347718627
10.053096491487338	8.336250974700082e-6
10.115928344559135	3.891236812332011e-6
10.17876019763093	8.374813671288096e-7
10.241592050702726	4.4405724102239635e-8
10.304423903774522	1.76325979422487e-6
10.367255756846317	5.576286026967293e-6
10.430087609918115	0.000010518854020231596
10.492919462989908	0.00001533798489206607
10.555751316061704	0.000018818057005236894
10.618583169133501	0.000020089954609963347
10.681415022205297	0.000018846491539019528
10.744246875277092	0.000015412369651787218
10.807078728348888	0.000010654425299885861
10.869910581420685	5.757925240967662e-6
10.93274243449248	1.927293651793722e-6
10.995574287564276	8.705912103595157e-8
11.058406140636071	6.571131975817918e-7
11.121237993707867	3.456459416798138e-6
11.184069846779664	7.756832446341846e-6
11.24690169985146	0.00001247023404071072
11.309733552923255	0.000016421826222954593
11.37256540599505	0.000018639625518991437
11.435397259066848	0.000018589668940526362
11.498229112138644	0.000016300069361250003
11.561060965210439	0.000012345654643989463
11.623892818282235	7.699488667181835e-6
11.686724671354032	3.4899199147619267e-6
11.749556524425827	7.240550345237131e-7
11.812388377497623	4.5508161292855105e-8
11.875220230569418	1.5845725710438125e-6
11.938052083641214	4.935325866751836e-6
12.000883936713011	9.26266805483397e-6
12.063715789784805	0.000013510736723025241
12.1265476428566	0.000016660210662138527
12.189379495928398	0.000017971340795240343
12.252211349000193	0.000017154422382258898
12.315043202071989	0.000014428303610002739
12.377875055143784	0.000010455506636506357
12.440706908215581	6.172618003882785e-6
12.503538761287377	2.5594423095655466e-6
12.566370614359172	4.0411066766021863e-7
12.62920246743097	1.2084430219600327e-7
12.692034320502763	1.6628628035772778e-6
12.75486617357456	4.548785441937811e-6
12.817698026646356	7.992910759161966e-6
12.88052987971815	0.000011104860674757335
12.943361732789947	0.000013108211280555072
13.006193585861743	0.00001352452850878117
13.06902543893354	0.000012279137457587102
13.131857292005334	9.705229840744804e-6
13.194689145077131	6.448348926879958e-6
13.257520998148927	3.297551456887447e-6
13.320352851220724	9.867408159207688e-7
13.383184704292518	1.5774224421056665e-8
13.446016557364315	5.347540060833247e-7
13.50884841043611	2.3182400355477404e-6
13.571680263507908	4.83330739610926e-6
13.634512116579701	7.382159546042871e-6
13.697343969651499	9.282095755585005e-6
13.760175822723294	0.000010037294261373293
13.823007675795091	9.45993775025552e-6
13.885839528866885	7.711667201864896e-6
13.948671381938683	5.2566687815059024e-6
14.011503235010478	2.7397355894952424e-6
14.074335088082275	8.20948894677486e-7
14.137166941154069	8.769625015881052e-9
14.199998794225866	5.329899320225257e-7
14.26283064729766	2.288455435460287e-6
14.325662500369457	4.862514819414416e-6
14.388494353441253	7.638330666601694e-6
14.45132620651305	9.947653655229298e-6
14.514158059584844	0.000011234920359283266
14.57698991265664	0.000011192333341865875
14.639821765728437	9.833285184703803e-6
14.70265361880023	7.487031735577181e-6
14.765485471872028	4.716964792108728e-6
14.828317324943823	2.183365157517378e-6
14.89114917801562	4.846350145441091e-7
14.953981031087414	1.5623909258755806e-8
15.016812884159211	8.768192483680641e-7
15.079644737231007	2.8552375454679585e-6
15.142476590302804	5.480136333353452e-6
15.205308443374598	8.138573113354308e-6
15.268140296446395	0.000010221769327401234
15.33097214951819	0.00001126652123537571
15.393804002589988	0.000011057999566237965
15.456635855661782	9.670479988291782e-6
15.519467708733579	7.438173797645106e-6
15.582299561805375	4.865448381082721e-6
15.645131414877172	2.5001330566411655e-6
15.707963267948966	8.018522674047885e-7
15.770795121020763	3.7555724090484957e-8
15.833626974092557	2.2877032637742546e-7
15.896458827164354	1.1616522343123546e-6
15.95929068023615	2.4551136352294286e-6
16.022122533307947	3.6680801168591484e-6
16.084954386379742	4.4177632117678785e-6
16.147786239451534	4.4788504295652845e-6
16.210618092523333	3.839045622308853e-6
16.27344994559513	2.6979006490517424e-6
16.336281798666924	1.4103879395131811e-6
16.39911365173872	3.905167015056063e-7
16.461945504810515	7.277784892947351e-11
16.52477735788231	4.5091706937855525e-7
16.58760921095411	1.7454949898461942e-6
16.6504410640259	3.6703511844339083e-6
16.7132729170977	5.84405290763833e-6
16.776104770169496	7.807372649509903e-6
16.838936623241292	9.1332182602334e-6
16.901768476313087	9.529135632331516e-6
16.964600329384883	8.907307043480867e-6
17.02743218245668	7.405207047148521e-6
17.090264035528477	5.352336390654623e-6
17.15309588860027	3.19165929926377e-6
17.21592774167207	1.3752666087886878e-6
17.27875959474386	2.597448614801687e-7
17.34159144781566	2.637526116606323e-8
17.404423300887455	6.448142922363935e-7
17.46725515395925	1.88801307649974e-6
17.530087007031046	3.393560784923869e-6
17.59291886010284	4.755493475214299e-6
17.655750713174637	5.623589143720471e-6
17.718582566246432	5.785905198232146e-6
17.781414419318228	5.214995443017789e-6
17.844246272390023	4.0675978067015674e-6
17.907078125461823	2.63921858040147e-6
17.969909978533614	1.286050352208972e-6
18.032741831605414	3.34358807436293e-7
18.09557368467721	3.8482113660945864e-11
18.158405537749005	3.3795099981487513e-7
18.2212373908208	1.2328059165955666e-6
18.284069243892596	2.4327658776370586e-6
18.34690109696439	3.6163269619642228e-6
18.40973295003619	4.474973216591019e-6
18.472564803107982	4.790572375923381e-6
18.53539665617978	4.488251532512813e-6
18.598228509251577	3.6520218855142524e-6
18.661060362323372	2.499995981094241e-6
18.723892215395168	1.3262209136217142e-6
18.786724068466963	4.243921976355401e-7
18.84955592153876	1.299709213269416e-8
18.912387774610558	1.807624091239712e-7
18.97521962768235	8.658984492280885e-7
19.03805148075415	1.8739526293318107e-6
19.10088333382594	2.92932553161512e-6
19.16371518689774	3.7471060986343133e-6
19.226547039969535	4.1069239238013085e-6
19.28937889304133	3.910183846740104e-6
19.352210746113126	3.206364849060029e-6
19.415042599184922	2.1819008978126904e-6
19.477874452256717	1.1145278855663585e-6
19.540706305328513	3.0453743258623383e-7
19.60353815840031	1.6076112017772307e-11
19.666370011472104	3.345086091028778e-7
19.729201864543903	1.292344031288003e-6
19.792033717615695	2.7099489563650058e-6
19.854865570687494	4.312598209867842e-6
19.91769742375929	5.777426349953059e-6
19.980529276831085	6.807263770363974e-6
20.04336112990288	7.1974688964503996e-6
20.106192982974676	6.87992969106429e-6
20.16902483604647	5.934238555489746e-6
20.23185668911827	4.564206112261469e-6
20.294688542190062	3.0463237560769277e-6
20.35752039526186	1.6634304612732608e-6
20.420352248333657	6.400850453085869e-7
20.483184101405453	9.525835412177728e-8
20.546015954477248	2.3243319444631285e-8
20.608847807549044	3.063800528965742e-7
20.67167966062084	7.55171898039308e-7
20.734511513692635	1.1646360100316824e-6
20.79734336676443	1.3719419744647832e-6
20.86017521983623	1.3004362978566342e-6
20.92300707290802	9.789500311754404e-7
20.985838925979817	5.318253042747736e-7
21.048670779051616	1.4268854327064518e-7
21.111502632123408	1.7184653967072905e-9
21.174334485195207	2.503246909578066e-7
21.237166338267002	9.377477993633822e-7
21.299998191338798	2.0010009042180478e-6
21.362830044410593	3.2736078845091834e-6
21.42566189748239	4.521277141807203e-6
21.488493750554184	5.495828400721118e-6
21.551325603625983	5.994069262297924e-6
21.614157456697775	5.907039196918198e-6
21.676989309769574	5.247399628317716e-6
21.73982116284137	4.148138981684396e-6
21.802653015913165	2.8328221915923364e-6
21.86548486898496	1.564583236212009e-6
21.928316722056756	5.862132099505736e-7
21.991148575128552	6.577731411206756e-8
22.05398042820035	6.07167019949836e-8
22.116812281272143	5.087549443161599e-7
22.179644134343942	1.2473098455738453e-6
22.242475987415734	2.056161832352567e-6
22.305307840487533	2.7125646230402186e-6
22.36813969355933	3.0451538903922443e-6
22.430971546631124	2.973573603462918e-6
22.49380339970292	2.524508692263752e-6
22.556635252774715	1.8208077182498934e-6
22.61946710584651	1.0470842548682068e-6
22.682298958918306	4.0093022610789797e-7
22.7451308119901	4.225011096704476e-8
22.807962665061897	5.343152344486e-8
22.870794518133696	4.2010406857414344e-7
22.933626371205488	1.0368922474795023e-6
22.996458224277287	1.7362098147661396e-6
23.059290077349083	2.3323764707643154e-6
23.122121930420878	2.669598146243432e-6
23.184953783492674	2.6615493650873635e-6
23.24778563656447	2.312594046436772e-6
23.310617489636265	1.7154647931590575e-6
23.373449342708064	1.0262589663234775e-6
23.436281195779856	4.2336950256916305e-7
23.499113048851655	6.100118390763577e-8
23.561944901923447	2.922733831241296e-8
23.624776754995246	3.3080979673978855e-7
23.68760860806704	8.806934320190876e-7
23.750440461138837	1.528297393827098e-6
23.813272314210632	2.096923839839338e-6
23.876104167282428	2.4302517173575745e-6
23.938936020354223	2.4340673485703702e-6
24.001767873426022	2.1025535977583614e-6
24.064599726497814	1.5223142736614078e-6
24.12743157956961	8.528791297658984e-7
24.19026343264141	2.8832222578709293e-7
24.2530952857132	9.363316674246962e-9
24.315927138785	1.377314757910949e-7
24.378758991856795	7.040591420772834e-7
24.44159084492859	1.6372780285293205e-6
24.504422698000386	2.7782311176211407e-6
24.567254551072182	3.914304139407225e-6
24.630086404143977	4.8267767595924735e-6
24.692918257215776	5.3395506514115245e-6
24.75575011028757	5.357663397385216e-6
24.818581963359367	4.886582489815987e-6
24.881413816431163	4.028031048398865e-6
24.94424566950296	2.953833961662525e-6
25.007077522574754	1.8645667736449806e-6
25.06990937564655	9.433403806851932e-7
25.132741228718345	3.1600799871550347e-7
25.19557308179014	2.723530832794638e-8
25.25840493486194	3.7725459557083914e-8
25.321236787933735	2.4250024907281753e-7
25.384068641005527	5.048673705597837e-7
25.446900494077322	6.968672883487674e-7
25.50973234714912	7.35536202840989e-7
25.572564200220917	6.055834128884314e-7
25.635396053292713	3.6271709942972736e-7
25.698227906364508	1.1692379105109586e-7
25.7610597594363	2.2078166451801735e-10
25.823891612508103	1.2743647415849125e-7
25.886723465579895	5.604129018519743e-7
25.94955531865169	1.285206227168566e-6
26.012387171723486	2.208593814377312e-6
26.075219024795285	3.1753052226216265e-6
26.13805087786708	4.00211134615321e-6
26.200882730938876	4.520561238718835e-6
26.263714584010668	4.617845361364877e-6
26.32654643708247	4.2655742358837596e-6
26.389378290154262	3.5291255314653953e-6
26.452210143226058	2.554926140747674e-6
26.515041996297853	1.5384332982365615e-6
26.577873849369652	6.803238032862162e-7
26.640705702441448	1.4131768708815093e-7
26.703537555513243	6.429594500089492e-9
26.766369408585035	2.6716621173733053e-7
26.829201261656838	8.258323790895986e-7
26.89203311472863	1.5207456395496416e-6
26.954864967800425	2.166108181752873e-6
27.01769682087222	2.596784777960668e-6
27.08052867394402	2.707137223493228e-6
27.143360527015815	2.4746264247943523e-6
27.206192380087607	1.9627129675800918e-6
27.269024233159403	1.3027115620533976e-6
27.331856086231202	6.594139285470543e-7
27.394687939302997	1.8921749493871157e-7
27.457519792374793	1.2262050938454474e-9
27.52035164544659	1.309157454377779e-7
27.58318349851838	5.327161619432039e-7
27.646015351590183	1.0930819020961585e-6
27.708847204661975	1.6604918249234222e-6
27.77167905773377	2.084626677361056e-6
27.834510910805566	2.2547466174720542e-6
27.897342763877365	2.127578473064313e-6
27.96017461694916	1.7377353609672177e-6
28.023006470020956	1.188139918490614e-6
28.085838323092748	6.229866722226483e-7
28.14867017616455	1.9018925491690253e-7
28.211502029236343	2.9113494747631858e-9
28.274333882308138	1.1001440775446363e-7
28.337165735379934	4.830132066516125e-7
28.399997588451733	1.022973085487685e-6
28.462829441523528	1.585748940552954e-6
28.52566129459532	2.019313438015169e-6
28.588493147667116	2.2038143823371943e-6
28.651325000738915	2.0842197073193402e-6
28.71415685381071	1.6871571198317371e-6
28.776988706882506	1.1174101103458054e-6
28.8398205599543	5.345456543912289e-7
28.9026524130261	1.1508503476641409e-7
28.965484266097896	9.267618271363244e-9
29.028316119169688	3.0289548710528766e-7
29.091147972241483	9.93622274620114e-7
29.15397982531328	1.987629858790772e-6
29.216811678385078	3.1177530928503767e-6
29.279643531456873	4.178956152160995e-6
29.34247538452867	4.9728915610496e-6
29.40530723760046	5.35109972038446e-6
29.468139090672263	5.246757477493535e-6
29.530970943744055	4.687665774084661e-6
29.59380279681585	3.787692298368388e-6
29.656634649887646	2.7190460428134393e-6
29.719466502959445	1.6722979649572439e-6
29.78229835603124	8.138764767991148e-7
29.845130209103033	2.511874805956986e-7
29.90796206217483	1.3455943202074696e-8
29.97079391524663	5.2386363285199656e-8
30.033625768318423	2.617938275842295e-7
30.09645762139022	5.106917629632658e-7
30.159289474462014	6.810851234624547e-7
30.222121327533813	7.006963072578967e-7
30.28495318060561	5.622804303931839e-7
30.3477850336774	3.246934670297181e-7
30.410616886749196	9.557491953344751e-8
30.473448739820995	2.1806986151168754e-10
30.53628059289279	1.4474825995965647e-7
30.599112445964586	5.83228079230588e-7
30.66194429903638	1.2973835170568148e-6
30.724776152108173	2.194525227355949e-6
30.787608005179976	3.1246974184126686e-6
30.850439858251768	3.913250336591287e-6
30.913271711323564	4.401102378796653e-6
30.97610356439536	4.482913936727005e-6
31.038935417467158	4.133752615426114e-6
31.101767270538954	3.4175127279957503e-6
31.16459912361075	2.47471231124284e-6
31.22743097668254	1.4922660441398752e-6
31.290262829754344	6.62207206045656e-7
31.353094682826136	1.3903620123379845e-7
31.41592653589793	5.7445633825436495e-9