Grouping:(2, 0) J686
# x 	 y
0.0000000000000000E+000	-1.9119064229962839E-003
5.0000000000000001E-003	-1.9119064229962839E-003
1.0000000000000000E-002	-1.0287706792584466E-003
1.4999999999999999E-002	2.3414272745509717E-004
2.0000000000000000E-002	1.7419277436563666E-003
2.5000000000000001E-002	3.4190620024774185E-003
3.0000000000000002E-002	5.2400963979196032E-003
3.5000000000000003E-002	7.1791605661456863E-003
4.0000000000000001E-002	9.2254146092538552E-003
4.4999999999999998E-002	1.1373562572719794E-002
4.9999999999999996E-002	1.3628617677138169E-002
5.4999999999999993E-002	1.5996376863836342E-002
5.9999999999999991E-002	1.8487845752115092E-002
6.4999999999999988E-002	2.1058281646020721E-002
6.9999999999999993E-002	2.3762360990158375E-002
7.4999999999999997E-002	2.6268007005607854E-002
8.0000000000000002E-002	2.8653753228993009E-002
8.5000000000000006E-002	3.1035547355739029E-002

 
