Grouping:(7, 0) J686
# x 	 y
0.0000000000000000E+000	3.0490895169177027E-003
5.0000000000000001E-003	3.0490895169177027E-003
1.0000000000000000E-002	2.0863807157771538E-003
1.4999999999999999E-002	8.4309482815713452E-004
2.0000000000000000E-002	-4.4975695946604692E-004
2.5000000000000001E-002	-1.6904797292005742E-003
3.0000000000000002E-002	-2.8615699350347298E-003
3.5000000000000003E-002	-3.9429396135322748E-003
4.0000000000000001E-002	-4.9283976190178866E-003
4.4999999999999998E-002	-5.8259548411372201E-003
4.9999999999999996E-002	-6.6612531497154187E-003
5.4999999999999993E-002	-7.4676770957037451E-003
5.9999999999999991E-002	-8.2950286682284338E-003
6.4999999999999988E-002	-9.2290874183985818E-003
6.9999999999999993E-002	-1.0125313520221125E-002
7.4999999999999997E-002	-1.0563423352306983E-002
8.0000000000000002E-002	-1.0678854271259784E-002
8.5000000000000006E-002	-1.0726180141354057E-002

 
