Grouping:(0, 0) J686
# x 	 y
0.0000000000000000E+000	-5.1586395350288861E-002
5.0000000000000001E-003	-5.1681480506607036E-002
1.0000000000000000E-002	-5.1485357037873380E-002
1.4999999999999999E-002	-5.1209469751887338E-002
2.0000000000000000E-002	-5.0906975687323164E-002
2.5000000000000001E-002	-5.0568267639674813E-002
3.0000000000000002E-002	-5.0162640849884754E-002
3.5000000000000003E-002	-4.9698211100932643E-002
4.0000000000000001E-002	-4.9172782874474130E-002
4.4999999999999998E-002	-4.8598508043571575E-002

 
