Grouping:(1, 0) J686
# x 	 y
0.0000000000000000E+000	6.5507355941468487E-004
5.0000000000000001E-003	1.0028077729782301E-003
1.0000000000000000E-002	4.3561605559968165E-004
1.4999999999999999E-002	-2.4812831478939813E-004
2.0000000000000000E-002	-8.7639455246211844E-004
2.5000000000000001E-002	-1.4853803174593072E-003
3.0000000000000002E-002	-2.1832228772430042E-003
3.5000000000000003E-002	-2.9434622978125472E-003
4.0000000000000001E-002	-3.7763900288075073E-003
4.4999999999999998E-002	-4.6436658837959565E-003

 
