Grouping:(5, 0) J686
# x 	 y
0.0000000000000000E+000	3.2233892623411233E-003
5.0000000000000001E-003	3.2233892623411233E-003
1.0000000000000000E-002	2.1826367717122661E-003
1.4999999999999999E-002	8.9231905318476533E-004
2.0000000000000000E-002	-4.1261713260635352E-004
2.5000000000000001E-002	-1.6200627428635463E-003
3.0000000000000002E-002	-2.7087104729957103E-003
3.5000000000000003E-002	-3.6485498753647387E-003
4.0000000000000001E-002	-4.4348638942541705E-003
4.4999999999999998E-002	-5.0749171293213730E-003
4.9999999999999996E-002	-5.5940213698061816E-003
5.4999999999999993E-002	-6.0220482020689713E-003
5.9999999999999991E-002	-6.4020941712931295E-003
6.4999999999999988E-002	-6.7353165760817577E-003
6.9999999999999993E-002	-7.0368436945221153E-003
7.4999999999999997E-002	-6.7931447863275075E-003
8.0000000000000002E-002	-6.1523620054032896E-003
8.5000000000000006E-002	-5.3575112548651651E-003

 
