0.	1.404132608533614e-33
0.06283185307179587	2.421784941802299e-8
0.12566370614359174	3.8034276384010194e-7
0.18849555921538758	1.8666810802828697e-6
0.25132741228718347	5.6488719877696425e-6
0.3141592653589793	0.000013041909179535946
0.37699111843077515	0.00002525834952448761
0.4398229715025711	0.0000431647569782056
0.5026548245743669	0.0000670866055655691
0.5654866776461628	0.00009669328134813864
0.6283185307179586	0.0001309811233931431
0.6911503837897545	0.00016835613839514887
0.7539822368615503	0.00020680200863763286
0.8168140899333463	0.00024410602882775692
0.8796459430051422	0.0002781077439404924
0.9424777960769379	0.00030693340138051336
1.0053096491487339	0.0003291838014639389
1.0681415022205298	0.0003440525686348812
1.1309733552923256	0.0003513642973464641
1.1938052083641213	0.0003515350776335277
1.2566370614359172	0.00034546927055113086
1.319468914507713	0.0003344142714198324
1.382300767579509	0.0003197983558936205
1.4451326206513049	0.0003030754639617452
1.5079644737231006	0.00028559571951491876
1.5707963267948966	0.0002685130256562225
1.6336281798666925	0.00025273293721785116
1.6964600329384885	0.00023889684075337227
1.7592918860102844	0.00022739352093794493
1.82212373908208	0.00021838709898185953
1.8849555921538759	0.00021185104631581895
1.9477874452256718	0.00020760085350133726
2.0106192982974678	0.00020532191700003887
2.0734511513692637	0.0002045931156883268
2.1362830044410597	0.00020490936008897708
2.199114857512855	0.00020570746517686883
2.261946710584651	0.00020639887957418155
2.324778563656447	0.00020641045842465972
2.3876104167282426	0.00020523133625945954
2.4504422698000385	0.00020246096419238838
2.5132741228718345	0.00019785139492918698
2.5761059759436304	0.00019133653604804516
2.638937829015426	0.00018304254472066968
2.701769682087222	0.00017327655133986405
2.764601535159018	0.00016249483268526585
2.827433388230814	0.00015125552871922548
2.8902652413026098	0.00014016410125054334
2.9530970943744057	0.00012982123624681819
3.015928947446201	0.00012078240824930139
3.078760800517997	0.00011353590161197788
3.141592653589793	0.00010850218925077235
3.204424506661589	0.00010605299708913349
3.267256359733385	0.00010654407451495259
3.330088212805181	0.00011035254163206238
3.392920065876977	0.00011790835025478481
3.455751918948773	0.00012971016462399822
3.518583772020569	0.0001463187027899339
3.5814156250923643	0.00016832475435271804
3.64424747816416	0.00019629390277029127
3.707079331235956	0.00023069451843657347
3.7699111843077517	0.0002718190112632837
3.8327430373795477	0.00031971002902572167
3.8955748904513436	0.0003741029892327958
3.958406743523139	0.00043439414079196224
4.0212385965949355	0.0004996397054587637
4.084070449666731	0.0005685872205425156
4.1469023027385274	0.0006397357620546076
4.209734155810323	0.0007114179898362377
4.272566008882119	0.0007818944671918475
4.335397861953915	0.0008494497563598522
4.39822971502571	0.0009124803869115924
4.461061568097506	0.0009695666949493216
4.523893421169302	0.0010195233150599742
4.586725274241098	0.0010614262673755634
4.649557127312894	0.001094617622842973
4.71238898038469	0.0011186912452649735
4.775220833456485	0.001133464833151903
4.838052686528282	0.0011389443078668167
4.900884539600077	0.0011352865478983058
4.9637163926718735	0.0011227656888594141
5.026548245743669	0.0011017468931250323
5.089380098815465	0.0010726698607147589
5.152211951887261	0.0010360426136932358
5.215043804959057	0.0009924444243331425
5.277875658030852	0.0009425353275970739
5.340707511102648	0.000887068589274415
5.403539364174444	0.0008269018958910599
5.46637121724624	0.0007630029671943119
5.529203070318036	0.0006964458045202885
5.592034923389832	0.0006283948630082435
5.654866776461628	0.0005600759877907672
5.717698629533424	0.0004927348223878353
5.7805304826052195	0.000427585349096734
5.843362335677016	0.00036575297641217096
5.906194188748811	0.00030821786041362425
5.969026041820607	0.0002557646919247017
6.031857894892402	0.00020894484970770025
6.094689747964199	0.00016805559659929003
6.157521601035994	0.00013313901650670334
6.220353454107791	0.00010400093223425219
6.283185307179586	0.0000802474838034316
6.346017160251382	0.00006133479685639092
6.408849013323178	0.00004662560391430298
6.471680866394974	0.00003544605924559985
6.53451271946677	0.00002713640805023928
6.5973445725385655	0.000021090543435592184
6.660176425610362	0.000016781549533888085
6.7230082786821574	0.000013772703204078368
6.785840131753954	0.000011715659442600232
6.848671984825749	0.000010339282787044263
6.911503837897546	9.433527584835676e-6
6.974335690969341	8.832798793372515e-6
7.037167544041138	8.402410567613707e-6
7.099999397112933	8.030334381348058e-6
7.162831250184729	7.624733654911391e-6
7.225663103256525	7.11619411364954e-6
7.28849495632832	6.462408877574088e-6
7.351326809400115	5.652581447483675e-6
7.414158662471912	4.709030430847534e-6
7.476990515543707	3.6843182596903093e-6
7.5398223686155035	2.653451696488484e-6
7.602654221687299	1.7020090712227398e-6
7.665486074759095	9.121286953025382e-7
7.728317927830891	3.489010767579447e-7
7.791149780902687	4.9718273259580486e-8
7.853981633974483	1.8561960706308424e-8
7.916813487046278	2.262046020723898e-7
7.979645340118075	6.160959457372109e-7
8.042477193189871	1.1145855363491992e-6
8.105309046261667	1.6433375511173881e-6
8.168140899333462	2.131489597810797e-6
8.230972752405258	2.5253368920617286e-6
8.293804605477055	2.7940091013841393e-6
8.35663645854885	2.9305707758490657e-6
8.419468311620646	2.9489847667947834e-6
8.482300164692441	2.878200123256996e-6
8.545132017764239	2.755085768757573e-6
8.607963870836034	2.617946960536034e-6
8.67079572390783	2.5019604720082413e-6
8.733627576979625	2.437172014150439e-6
8.79645943005142	2.448905122106226e-6
8.859291283123216	2.5597401984684153e-6
8.922123136195012	2.7918071409355743e-6
8.984954989266807	3.1680919328925086e-6
9.047786842338605	3.7117877366206826e-6
9.1106186954104	4.443331735153399e-6
9.173450548482196	5.375498675874393e-6
9.236282401553991	6.507581153522869e-6
9.299114254625788	7.820104130063692e-6
9.361946107697584	9.27158596624311e-6
9.42477796076938	0.000010798545433742675
9.487609813841175	0.00001231933021928471
9.55044166691297	0.000013741548422993162
9.613273519984768	0.000014972102147254834
9.676105373056563	0.000015928230534666014
9.738937226128359	0.000016547703215189817
9.801769079200154	0.000016796423688319878
9.864600932271951	0.00001667217773713597
9.927432785343747	0.000016203987108778035
9.990264638415542	0.000015447342833112556
10.053096491487338	0.000014476319969199646
10.115928344559135	0.000013374065810054611
10.17876019763093	0.000012223314784074608
10.241592050702726	0.000011098400894851883
10.304423903774522	0.000010059775365702341
10.367255756846317	9.15141554438098e-6
10.430087609918115	8.400881873466637e-6
10.492919462989908	7.821285618819147e-6
10.555751316061704	7.414172758629775e-6
10.618583169133501	7.172347623304019e-6
10.681415022205297	7.081923175684958e-6
10.744246875277092	7.123304672121118e-6
10.807078728348888	7.271267542558952e-6
10.869910581420685	7.494654326312692e-6
10.93274243449248	7.75639405306108e-6
10.995574287564276	8.014497071060458e-6
11.058406140636071	8.22441669029531e-6
11.121237993707867	8.342768930906217e-6
11.184069846779664	8.331971460673505e-6
11.24690169985146	8.165018310680431e-6
11.309733552923255	7.829442232975636e-6
11.37256540599505	7.3295804621945945e-6
11.435397259066848	6.686543914060742e-6
11.498229112138644	5.935731464410072e-6
11.561060965210439	5.122227822769583e-6
11.623892818282235	4.294859608875519e-6
11.686724671354032	3.4999577607699703e-6
11.749556524425827	2.7759221910440822e-6
11.812388377497623	2.149496906790072e-6
11.875220230569418	1.6342859739484662e-6
11.938052083641214	1.23156166845467e-6
12.000883936713011	9.329466448353288e-7
12.063715789784805	7.24197902122969e-7
12.1265476428566	5.891579410471137e-7
12.189379495928398	5.129969371597082e-7
12.252211349000193	4.841253956924674e-7
12.315043202071989	4.945402764339714e-7
12.377875055143784	5.387817386074641e-7
12.440706908215581	6.120213663497789e-7
12.503538761287377	7.079954454596695e-7
12.566370614359172	8.174973936789877e-7
12.62920246743097	9.279588516592526e-7
12.692034320502763	1.0243314756973567e-6
12.75486617357456	1.0911146880896056e-6
12.817698026646356	1.1150522060442678e-6
12.88052987971815	1.0878227182269354e-6
12.943361732789947	1.0080257354145195e-6
13.006193585861743	8.819168926568019e-7
13.06902543893354	7.226383981065492e-7
13.131857292005334	5.480470126771548e-7
13.194689145077131	3.77575941195568e-7
13.257520998148927	2.2879701786250481e-7
13.320352851220724	1.1442064827861088e-7
13.383184704292518	4.036751197266071e-8
13.446016557364315	5.294881188160748e-9
13.50884841043611	1.6236612818729074e-9
13.571680263507908	1.777158362218391e-8
13.634512116579701	4.103453366052467e-8
13.697343969651499	6.043277770238244e-8
13.760175822723294	6.887835025226605e-8
13.823007675795091	6.421032924656436e-8
13.885839528866885	4.8936315366884764e-8
13.948671381938683	2.8838029912490283e-8
14.011503235010478	1.086839051109414e-8
14.074335088082275	9.225939779626903e-10
14.137166941154069	2.0718534820625135e-9
14.199998794225866	1.3707932906876727e-8
14.26283064729766	3.1797782753565086e-8
14.325662500369457	5.0154490594132306e-8
14.388494353441253	6.236712155474154e-8
14.45132620651305	6.386294865631476e-8
14.514158059584844	5.354176721921911e-8
14.57698991265664	3.4530190378091863e-8
14.639821765728437	1.3825690103715017e-8
14.70265361880023	8.797262516886892e-10
14.765485471872028	5.437124731502968e-9
14.828317324943823	3.513910854890874e-8
14.89114917801562	9.346390476541103e-8
14.953981031087414	1.785061463719011e-7
15.016812884159211	2.829028599436292e-7
15.079644737231007	3.949472094714129e-7
15.142476590302804	5.006559762956115e-7
15.205308443374598	5.863388076731694e-7
15.268140296446395	6.411076367831665e-7
15.33097214951819	6.587876116779746e-7
15.393804002589988	6.388384086290526e-7
15.456635855661782	5.8612929537197e-7
15.519467708733579	5.096750748518441e-7
15.582299561805375	4.2066971058585693e-7
15.645131414877172	3.302963828822712e-7
15.707963267948966	2.478158275942299e-7
15.770795121020763	1.7933748359623424e-7
15.833626974092557	1.2748788613427176e-7
15.896458827164354	9.195738708653364e-8
15.95929068023615	7.068839748744715e-8
16.022122533307947	6.131931563770998e-8
16.084954386379742	6.245316072353044e-8
16.147786239451534	7.438712231806432e-8
16.210618092523333	9.909906129632483e-8
16.27344994559513	1.3949701149510167e-7
16.336281798666924	1.9814364875261683e-7
16.39911365173872	2.758170405843786e-7
16.461945504810515	3.7032409816743823e-7
16.52477735788231	4.75930319338124e-7
16.58760921095411	5.836220228775231e-7
16.6504410640259	6.822122135973145e-7
16.7132729170977	7.600895290122861e-7
16.776104770169496	8.072438938257609e-7
16.838936623241292	8.171235585812848e-7
16.901768476313087	7.879056789466615e-7
16.964600329384883	7.228899903495962e-7
17.02743218245668	6.2992168225594e-7
17.090264035528477	5.199679696544704e-7
17.15309588860027	4.0516090683153644e-7
17.21592774167207	2.967323284085134e-7
17.27875959474386	2.0327954871652532e-7
17.34159144781566	1.2971121282869078e-7
17.404423300887455	7.70545671340771e-8
17.46725515395925	4.310003370807737e-8
17.530087007031046	2.3666132155104872e-8
17.59291886010284	1.4133284272130122e-8
17.655750713174637	1.0849624299551407e-8
17.718582566246432	1.206417730707132e-8
17.781414419318228	1.8177349356772266e-8
17.844246272390023	3.128059245775212e-8
17.907078125461823	5.4140569917705525e-8
17.969909978533614	8.892294319672319e-8
18.032741831605414	1.3601344095471386e-7
18.09557368467721	1.9326519437882584e-7
18.158405537749005	2.5589016841249305e-7
18.2212373908208	3.170477854480319e-7
18.284069243892596	3.6900715221076243e-7
18.34690109696439	4.0461458131343577e-7
18.40973295003619	4.1872073039357876e-7
18.472564803107982	4.0922994820486396e-7
18.53539665617978	3.775252681547896e-7
18.598228509251577	3.281726083983684e-7
18.661060362323372	2.6797956941723834e-7
18.723892215395168	2.0463541213033208e-7
18.786724068466963	1.4525268106755505e-7
18.84955592153876	9.514545291051684e-8
18.912387774610558	5.7112115835704155e-8
18.97521962768235	3.1359789922563444e-8
19.03805148075415	1.6046267306854384e-8
19.10088333382594	8.263968915333472e-9
19.16371518689774	5.186147209227322e-9
19.226547039969535	5.063504305575671e-9
19.28937889304133	7.806425710720066e-9
19.352210746113126	1.5001347673259312e-8
19.415042599184922	2.936027883148267e-8
19.477874452256717	5.3752150756773744e-8
19.540706305328513	9.007599779398367e-8
19.60353815840031	1.382812884816603e-7
19.666370011472104	1.9580891870296958e-7
19.729201864543903	2.5762545165977326e-7
19.792033717615695	3.168781970156794e-7
19.854865570687494	3.6604544256397175e-7
19.91769742375929	3.9833224079427647e-7
19.980529276831085	4.089978970058596e-7
20.04336112990288	3.963122759454915e-7
20.106192982974676	3.61921414216013e-7
20.16902483604647	3.105383219876067e-7
20.23185668911827	2.490294796254864e-7
20.294688542190062	1.851042511390931e-7
20.35752039526186	1.259008418715716e-7
20.420352248333657	7.677864353191099e-8
20.483184101405453	4.057013617477799e-8
20.546015954477248	1.74308476005701e-8
20.608847807549044	5.2818197024243855e-9
20.67167966062084	7.007765199284901e-10
20.734511513692635	1.8823996325636404e-11
20.79734336676443	3.420377402493844e-10
20.86017521983623	2.491984876523082e-10
20.92300707290802	8.637864845484569e-12
20.985838925979817	1.2846652177482716e-9
21.048670779051616	6.435081445304285e-9
21.111502632123408	1.7603350421159725e-8
21.174334485195207	3.585736697185712e-8
21.237166338267002	6.061043610016373e-8
21.299998191338798	8.9484284046153e-8
21.362830044410593	1.1865855905914544e-7
21.42566189748239	1.4362579086268384e-7
21.488493750554184	1.601667261245069e-7
21.551325603625983	1.6530418119365106e-7
21.614157456697775	1.5799783376358507e-7
21.676989309769574	1.3940615867605349e-7
21.73982116284137	1.1264866366988264e-7
21.802653015913165	8.212477883993092e-8
21.86548486898496	5.255446679538249e-8
21.928316722056756	2.7972949639557622e-8
21.991148575128552	1.09214519773381e-8
22.05398042820035	2.0255323514996496e-9
22.116812281272143	5.523420590357066e-11
22.179644134343942	2.44128785310735e-9
22.242475987415734	6.108737215198046e-9
22.305307840487533	8.41150500079427e-9
22.36813969355933	7.927607785911532e-9
22.430971546631124	4.910620142382132e-9
22.49380339970292	1.2794725208819615e-9
22.556635252774715	1.4426635727684134e-10
22.61946710584651	4.981979054351337e-9
22.682298958918306	1.8664188692674366e-8
22.7451308119901	4.257773397356732e-8
22.807962665061897	7.605919910053603e-8
22.870794518133696	1.1629032635928984e-7
22.933626371205488	1.586920082320334e-7
22.996458224277287	1.9773602519025242e-7
23.059290077349083	2.2799478410372973e-7
23.122121930420878	2.451935962361812e-7
23.184953783492674	2.4703046530832095e-7
23.24778563656447	2.3358419876547663e-7
23.310617489636265	2.0722883018012256e-7
23.373449342708064	1.720870132604093e-7
23.436281195779856	1.331595420758921e-7
23.499113048851655	9.53377175325307e-8
23.561944901923447	6.252405112193872e-8
23.624776754995246	3.705149851566655e-8
23.68760860806704	1.951194248784568e-8
23.750440461138837	9.001416215360123e-9
23.813272314210632	3.6883414337886225e-9
23.876104167282428	1.5365628908858645e-9
23.938936020354223	9.84804519862247e-10
24.001767873426022	1.404665221353637e-9
24.064599726497814	3.2240644268395247e-9
24.12743157956961	7.694912770330554e-9
24.19026343264141	1.63790560477554e-8
24.2530952857132	3.050108612013042e-8
24.315927138785	5.035182986079659e-8
24.378758991856795	7.491370769792889e-8
24.44159084492859	1.0182228097772451e-7
24.504422698000386	1.276918397388101e-7
24.567254551072182	1.4873879403732423e-7
24.630086404143977	1.6155867911516974e-7
24.692918257215776	1.6387037849466715e-7
24.75575011028757	1.5504532525049026e-7
24.818581963359367	1.362889977033413e-7
24.881413816431163	1.1042474359086581e-7
24.94424566950296	8.13254228810538e-8
25.007077522574754	5.312303658298671e-8
25.06990937564655	2.937961794321762e-8
25.132741228718345	1.2411252624764792e-8