0.	1.1333676685303755e-34
0.06283185307179587	1.3776185084375292e-7
0.12566370614359174	2.163205749235082e-6
0.18849555921538758	0.00001061389418443794
0.25132741228718347	0.000032107075462074994
0.3141592653589793	0.00007409120526112433
0.37699111843077515	0.0001434064147303469
0.4398229715025711	0.00024489626514787933
0.5026548245743669	0.00038030187629745223
0.5654866776461628	0.0005476191268774287
0.6283185307179586	0.0007410198165269955
0.6911503837897545	0.0009513431865925567
0.7539822368615503	0.0011670719280254575
0.8168140899333463	0.0013756326564303468
0.8796459430051422	0.001564816799691496
0.9424777960769379	0.0017241099609344838
1.0053096491487339	0.0018457453293907098
1.0681415022205298	0.0019253525433583637
1.1309733552923256	0.001962145847634495
1.1938052083641213	0.0019586705421421272
1.2566370614359172	0.0019201912733599418
1.319468914507713	0.0018538494086907545
1.382300767579509	0.0017677340604514945
1.4451326206513049	0.0016700022363917207
1.5079644737231006	0.0015681530200317778
1.5707963267948966	0.0014685171286977986
1.6336281798666925	0.0013759767026558917
1.6964600329384885	0.0012938901466703777
1.7592918860102844	0.0012241701651940795
1.82212373908208	0.0011674529947113702
1.8849555921538759	0.0011233024343549104
1.9477874452256718	0.0010904093970484539
2.0106192982974678	0.001066770026224687
2.0734511513692637	0.0010498461794729724
2.1362830044410597	0.0010367256941149487
2.199114857512855	0.0010243031813778687
2.261946710584651	0.0010094950337614572
2.324778563656447	0.0009894876260484557
2.3876104167282426	0.0009620001156846035
2.4504422698000385	0.000925528298111721
2.5132741228718345	0.0008795284389515135
2.5761059759436304	0.0008245027589002888
2.638937829015426	0.0007619615126372716
2.701769682087222	0.0006942578805240138
2.764601535159018	0.0006243165395179544
2.827433388230814	0.0005552991056360069
2.8902652413026098	0.00049026424647884
2.9530970943744057	0.0004318833270177407
3.015928947446201	0.0003822626558427787
3.078760800517997	0.0003429022859960312
3.141592653589793	0.0003147930153975604
3.204424506661589	0.00029862355987671197
3.267256359733385	0.00029504513139118945
3.330088212805181	0.00030492624180007813
3.392920065876977	0.00032952979788628114
3.455751918948773	0.0003705579907225402
3.518583772020569	0.0004300357191269694
3.5814156250923643	0.0005100354873243448
3.64424747816416	0.0006122795941026767
3.707079331235956	0.0007376825283308361
3.7699111843077517	0.0008859124774307378
3.8327430373795477	0.0010550525928247373
3.8955748904513436	0.0012414297551358892
3.958406743523139	0.0014396534399194003
4.0212385965949355	0.0016428745470931628
4.084070449666731	0.0018432396566537455
4.1469023027385274	0.0020324861560980846
4.209734155810323	0.0022026030685478562
4.272566008882119	0.00234647429783891
4.335397861953915	0.002458426120229275
4.39822971502571	0.0025346174537987684
4.461061568097506	0.0025732361971372137
4.523893421169302	0.002574493122830453
4.586725274241098	0.0025404316519398017
4.649557127312894	0.0024745932562553097
4.71238898038469	0.0023815915442892605
4.775220833456485	0.0022666522918239
4.838052686528282	0.002135172444090387
4.900884539600077	0.0019923404155645593
4.9637163926718735	0.0018428455642345296
5.026548245743669	0.0016906893663221113
5.089380098815465	0.0015390969908712269
5.152211951887261	0.0013905173085760284
5.215043804959057	0.0012466925760325426
5.277875658030852	0.001108775984209944
5.340707511102648	0.0009774752275516785
5.403539364174444	0.0008532022561708173
5.46637121724624	0.0007362124871059851
5.529203070318036	0.0006267203076234007
5.592034923389832	0.0005249813870486615
5.654866776461628	0.0004313360972590413
5.717698629533424	0.0003462123367123171
5.7805304826052195	0.00027009031934611825
5.843362335677016	0.00020343628437587022
5.906194188748811	0.0001466161920913099
5.969026041820607	0.0000998036557977856
6.031857894892402	0.00006289790569119219
6.094689747964199	0.000035466901880146115
6.157521601035994	0.0000167275631490504
6.220353454107791	5.5696866280543384e-6
6.283185307179586	6.232415327631262e-7
6.346017160251382	3.6147565552152675e-7
6.408849013323178	3.226015893925991e-6
6.471680866394974	7.756120392583342e-6
6.53451271946677	0.000012703318262543319
6.5973445725385655	0.00001711512796832957
6.660176425610362	0.00002037696814448771
6.7230082786821574	0.00002220873422825693
6.785840131753954	0.000022620364514038457
6.848671984825749	0.000021837502850320324
6.911503837897546	0.000020212749892861222
6.974335690969341	0.000018139162786131905
7.037167544041138	0.000015980487581675582
7.099999397112933	0.000014027676152856735
7.162831250184729	0.000012484712349643895
7.225663103256525	0.000011480123819053255
7.28849495632832	0.000011095237977687164
7.351326809400115	0.000011397360684792249
7.414158662471912	0.000012466138317365427
7.476990515543707	0.000014404245988077614
7.5398223686155035	0.000017328433396217444
7.602654221687299	0.00002134262906721873
7.665486074759095	0.0000264998866941149
7.728317927830891	0.000032763264109622665
7.791149780902687	0.000039976512334549715
7.853981633974483	0.000047853581019153854
7.916813487046278	0.000055991900527530746
7.979645340118075	0.00006390915591415522
8.042477193189871	0.00007109805400998868
8.105309046261667	0.00007708959430728564
8.168140899333462	0.00008151346804336691
8.230972752405258	0.00008414480262396886
8.293804605477055	0.0000849293382968497
8.35663645854885	0.00008398355746132595
8.419468311620646	0.00008157124198069038
8.482300164692441	0.00007806229244064327
8.545132017764239	0.00007388247409173262
8.607963870836034	0.0000694635217011358
8.67079572390783	0.00006520170869210041
8.733627576979625	0.00006143002370890389
8.79645943005142	0.000058405318688874106
8.859291283123216	0.00005630816346560703
8.922123136195012	0.00005525053854579845
8.984954989266807	0.00005528549548732364
9.047786842338605	0.000056413659289692694
9.1106186954104	0.00005858363542375162
9.173450548482196	0.00006168635185303268
9.236282401553991	0.0000655462664400899
9.299114254625788	0.00006991438920647873
9.361946107697584	0.00007446863225924941
9.42477796076938	0.00007882591371905366
9.487609813841175	0.0000825679384299382
9.55044166691297	0.00008527925764619215
9.613273519984768	0.00008659289044366628
9.676105373056563	0.00008623630617485108
9.738937226128359	0.00008406956728590347
9.801769079200154	0.00008010821751760981
9.864600932271951	0.00007452595534320996
9.927432785343747	0.00006763574791071041
9.990264638415542	0.00005985203610885617
10.053096491487338	0.00005164018702449843
10.115928344559135	0.00004346160942172824
10.17876019763093	0.000035723490352710764
10.241592050702726	0.00002874085551139211
10.304423903774522	0.00002271592189190996
10.367255756846317	0.000017736136461582313
10.430087609918115	0.000013788680882066417
10.492919462989908	0.000010786347903153961
10.555751316061704	8.59813699468546e-6
10.618583169133501	7.077926345657552e-6
10.681415022205297	6.086036414287843e-6
10.744246875277092	5.500960983736058e-6
10.807078728348888	5.221351811518009e-6
10.869910581420685	5.16080529242967e-6
10.93274243449248	5.239541187427843e-6
10.995574287564276	5.377367873722422e-6
11.058406140636071	5.4914011770984955e-6
11.121237993707867	5.500157441514378e-6
11.184069846779664	5.333407372194976e-6
11.24690169985146	4.945165821969869e-6
11.309733552923255	4.325939147891434e-6
11.37256540599505	3.510184013772946e-6
11.435397259066848	2.5758931207075895e-6
11.498229112138644	1.6350681703578885e-6
11.561060965210439	8.160988961376948e-7
11.623892818282235	2.41166573003694e-7
11.686724671354032	3.1987947517676926e-9
11.749556524425827	1.4725902666064874e-7
11.812388377497623	6.604580800478014e-7
11.875220230569418	1.4727054545613552e-6
11.938052083641214	2.4682919135012092e-6
12.000883936713011	3.5059583179025228e-6
12.063715789784805	4.443305734093944e-6
12.1265476428566	5.160551320519533e-6
12.189379495928398	5.578916484917506e-6
12.252211349000193	5.670260901356894e-6
12.315043202071989	5.456616040874679e-6
12.377875055143784	5.000532027270421e-6
12.440706908215581	4.389099387331636e-6
12.503538761287377	3.7156987311105463e-6
12.566370614359172	3.0637155244990832e-6
12.62920246743097	2.495631243629991e-6
12.692034320502763	2.049306453199775e-6
12.75486617357456	1.741324470147804e-6
12.817698026646356	1.5754576090607023e-6
12.88052987971815	1.553094199280922e-6
12.943361732789947	1.6821106772948789e-6
13.006193585861743	1.981253805309339e-6
13.06902543893354	2.4784446140562363e-6
13.131857292005334	3.2031716745432264e-6
13.194689145077131	4.174853946985995e-6
13.257520998148927	5.390286468510212e-6
13.320352851220724	6.813722953974749e-6
13.383184704292518	8.372684373434793e-6
13.446016557364315	9.961322621814069e-6
13.50884841043611	0.000011451419353889968
13.571680263507908	0.000012709286100107677
13.634512116579701	0.000013615391078752752
13.697343969651499	0.000014082816526380189
13.760175822723294	0.00001407081891911542
13.823007675795091	0.000013590780325323175
13.885839528866885	0.00001270345875354824
13.948671381938683	0.000011508285728232528
14.011503235010478	0.00001012709180376373
14.074335088082275	8.685694195550899e-6
14.137166941154069	7.297028959308328e-6
14.199998794225866	6.048922743309153e-6
14.26283064729766	4.998344113352316e-6
14.325662500369457	4.172373207138189e-6
14.388494353441253	3.5745746700730264e-6
14.45132620651305	3.1943216403674266e-6
14.514158059584844	3.0161540941737804e-6
14.57698991265664	3.0265470161041377e-6
14.639821765728437	3.216408363421788e-6
14.70265361880023	3.578961522395469e-6
14.765485471872028	4.104040137151424e-6
14.828317324943823	4.770882129789041e-6
14.89114917801562	5.541988012166014e-6
14.953981031087414	6.36039045467108e-6
15.016812884159211	7.151828611561708e-6
15.079644737231007	7.832052085746363e-6
15.142476590302804	8.318118287979532e-6
15.205308443374598	8.541437370397093e-6
15.268140296446395	8.459741154012972e-6
15.33097214951819	8.065254488893697e-6
15.393804002589988	7.387109709319748e-6
15.456635855661782	6.487286328965866e-6
15.519467708733579	5.450782063909345e-6
15.582299561805375	4.3719882573253435e-6
15.645131414877172	3.3400535132693123e-6
15.707963267948966	2.426186626628257e-6
15.770795121020763	1.6753424684362567e-6
15.833626974092557	1.1036825169778907e-6
15.896458827164354	7.018631184785581e-7
15.95929068023615	4.429008694015311e-7
16.022122533307947	2.92402458454513e-7
16.084954386379742	2.1854417386103717e-7
16.147786239451534	1.9942295382036275e-7
16.210618092523333	2.2619950539142036e-7
16.27344994559513	3.0160381657706843e-7
16.336281798666924	4.3458336656254227e-7
16.39911365173872	6.328457201452586e-7
16.461945504810515	8.95546319793483e-7
16.52477735788231	1.2082864004135521e-6
16.58760921095411	1.5419484870119182e-6
16.6504410640259	1.8558767233466476e-6
16.7132729170977	2.1047668371729e-6
16.776104770169496	2.2476526774567717e-6
16.838936623241292	2.256805254791154e-6
16.901768476313087	2.124335041747511e-6
16.964600329384883	1.8648119084736645e-6
17.02743218245668	1.5131575084836331e-6
17.090264035528477	1.1181893214411253e-6
17.15309588860027	7.332283579371921e-7
17.21592774167207	4.058733533152613e-7
17.27875959474386	1.6922867329897247e-7
17.34159144781566	3.651158060973726e-8
17.404423300887455	1.5032233844615328e-10
17.46725515395925	3.541944279835778e-8
17.530087007031046	1.0760240535661424e-7
17.59291886010284	1.8087756820222783e-7
17.655750713174637	2.2677781478345604e-7
17.718582566246432	2.3025103561087398e-7
17.781414419318228	1.9199459815077318e-7
17.844246272390023	1.2668551285344367e-7
17.907078125461823	5.774234465575579e-8
17.969909978533614	1.0086591511851199e-8
18.032741831605414	2.8210055725925808e-9
18.09557368467721	4.3707921438870456e-8
18.158405537749005	1.2683021753511796e-7
18.2212373908208	2.3398320562163125e-7
18.284069243892596	3.393894916790634e-7
18.34690109696439	4.1648931107234173e-7
18.40973295003619	4.450423802822241e-7
18.472564803107982	4.167078448470127e-7
18.53539665617978	3.3765860643495596e-7
18.598228509251577	2.2753406067944352e-7
18.661060362323372	1.1495288702803576e-7
18.723892215395168	3.0666959585518966e-8
18.786724068466963	2.7165436210108994e-11
18.84955592153876	3.660855471539831e-8
18.912387774610558	1.3856495321685164e-7
18.97521962768235	2.8862251153428366e-7
19.03805148075415	4.57741223339025e-7
19.10088333382594	6.115889236842508e-7
19.16371518689774	7.182983967068371e-7
19.226547039969535	7.556764817569429e-7
19.28937889304133	7.161740996631332e-7
19.352210746113126	6.084698597565635e-7
19.415042599184922	4.5533213168683947e-7
19.477874452256717	2.8830679809890015e-7
19.540706305328513	1.405176876698076e-7
19.60353815840031	3.928864395625502e-8
19.666370011472104	3.0426764046359173e-10
19.729201864543903	2.46257860382993e-8
19.792033717615695	9.917284917133363e-8
19.854865570687494	2.004466249536163e-7
19.91769742375929	3.0050772082359583e-7
19.980529276831085	3.737158659942157e-7
20.04336112990288	4.0260329748424266e-7
20.106192982974676	3.815144137823433e-7
20.16902483604647	3.1722806279643093e-7
20.23185668911827	2.265363896798455e-7
20.294688542190062	1.3149691815212894e-7
20.35752039526186	5.362149771337745e-8
20.420352248333657	8.487581370287539e-9
20.483184101405453	2.1069679433446665e-9
20.546015954477248	2.9909909424963664e-8
20.608847807549044	7.852312540109096e-8
20.67167966062084	1.2981102619158626e-7
20.734511513692635	1.660868611369068e-7
20.79734336676443	1.75121878541044e-7
20.86017521983623	1.5365076418620012e-7
20.92300707290802	1.0846813462780228e-7
20.985838925979817	5.483069444135201e-8
21.048670779051616	1.256582630227221e-8
21.111502632123408	8.68338205262796e-10
21.174334485195207	3.309929006359201e-8
21.237166338267002	1.1290376678187013e-7
21.299998191338798	2.3263984376791923e-7
21.362830044410593	3.7454134849619464e-7
21.42566189748239	5.143645662914109e-7
21.488493750554184	6.266600265586708e-7
21.551325603625983	6.904141245793146e-7
21.614157456697775	6.93717238019072e-7
21.676989309769574	6.363543884333199e-7
21.73982116284137	5.297202123638214e-7
21.802653015913165	3.941063430071381e-7
21.86548486898496	2.540374846492258e-7
21.928316722056756	1.3278983800299578e-7
21.991148575128552	4.7402836808102524e-8
22.05398042820035	5.352706557257557e-9
22.116812281272143	3.6329476388554114e-9
22.179644134343942	3.0389326952695596e-8
22.242475987415734	6.863331239509466e-8
22.305307840487533	1.0106055503558324e-7
22.36813969355933	1.1474963913507373e-7
22.430971546631124	1.0456886301356566e-7
22.49380339970292	7.445823452460671e-8
22.556635252774715	3.6293199224283876e-8
22.61946710584651	6.64113131816719e-9
22.682298958918306	2.24234122727522e-9
22.7451308119901	3.535768989175102e-8
22.807962665061897	1.1015128257728813e-7
22.870794518133696	2.2101592551686167e-7
22.933626371205488	3.5326809653666246e-7
22.996458224277287	4.860581154311218e-7
23.059290077349083	5.968029970876561e-7
23.122121930420878	6.660848877339374e-7
23.184953783492674	6.818537641985648e-7
23.24778563656447	6.419513372277259e-7
23.310617489636265	5.543867939050196e-7
23.373449342708064	4.3534033956906404e-7
23.436281195779856	3.054130192218346e-7
23.499113048851655	1.8504919079384085e-7
23.561944901923447	9.023424110764526e-8
23.624776754995246	2.9475625115215584e-8
23.68760860806704	2.7377231341132644e-9
23.750440461138837	2.506988841620387e-9
23.813272314210632	1.6636980164283012e-8
23.876104167282428	3.219285599263789e-8
23.938936020354223	3.928579834678168e-8
24.001767873426022	3.391274810916859e-8
24.064599726497814	1.9085807773374007e-8
24.12743157956961	3.978790407389019e-9
24.19026343264141	1.3238932654281928e-9
24.2530952857132	2.3733641575831557e-8
24.315927138785	7.9893500678073e-8
24.378758991856795	1.716038789290459e-7
24.44159084492859	2.9244062012401067e-7
24.504422698000386	4.284042551236287e-7
24.567254551072182	5.604398605351094e-7
24.630086404143977	6.682518790602403e-7
24.692918257215776	7.345233475660202e-7
24.75575011028757	7.485522138949676e-7
24.818581963359367	7.084602117712853e-7
24.881413816431163	6.214747977962861e-7
24.94424566950296	5.022457723291849e-7
25.007077522574754	3.6962207590757596e-7
25.06990937564655	2.426684257377671e-7
25.132741228718345	1.3686182541237592e-7