Grouping:BoSSS-J686-AMR1-3OrdInit
# x 	 y
0.0000000000000000E+000	1.3363053286756830E+000
5.0000000000000001E-003	1.3373391730525150E+000
1.0000000000000000E-002	1.3386381958444411E+000
1.4999999999999999E-002	1.3397465426386983E+000
2.0000000000000000E-002	1.3406684562014171E+000
2.5000000000000001E-002	1.3414095768748391E+000
3.0000000000000002E-002	1.3419798171235340E+000
3.5000000000000003E-002	1.3423901706524264E+000
4.0000000000000001E-002	1.3426504257432397E+000
4.4999999999999998E-002	1.3427688222754106E+000
4.9999999999999996E-002	1.3427522193301979E+000
5.4999999999999993E-002	1.3426063729026392E+000
5.9999999999999991E-002	1.3423363176119099E+000
6.4999999999999988E-002	1.3419466627624757E+000
6.9999999999999993E-002	1.3414014709968001E+000
7.4999999999999997E-002	1.3407953874762004E+000
8.0000000000000002E-002	1.3400813032058689E+000
8.5000000000000006E-002	1.3392630827257659E+000
9.0000000000000011E-002	1.3383478903396941E+000
9.5000000000000015E-002	1.3373425265074865E+000
1.0000000000000002E-001	1.3362536440075314E+000
1.0500000000000002E-001	1.3350876057132357E+000
1.1000000000000003E-001	1.3338502965474670E+000
1.1500000000000003E-001	1.3325471811794054E+000
1.2000000000000004E-001	1.3311831032499966E+000
1.2500000000000003E-001	1.3297623032056478E+000
1.3000000000000003E-001	1.3282885357660130E+000
1.3500000000000004E-001	1.3267652285886746E+000
1.4000000000000004E-001	1.3251955202678638E+000
1.4500000000000005E-001	1.3235822630125198E+000
1.5000000000000005E-001	1.3219280180501785E+000
1.5500000000000005E-001	1.3202350819875610E+000
1.6000000000000006E-001	1.3185055101823426E+000
1.6500000000000006E-001	1.3167411363267529E+000
1.7000000000000007E-001	1.3149435928621735E+000
1.7500000000000007E-001	1.3131143302913164E+000
1.8000000000000008E-001	1.3112545346331668E+000
1.8500000000000008E-001	1.3093653106854615E+000
1.9000000000000009E-001	1.3074477478912687E+000
1.9500000000000009E-001	1.3055028023032527E+000
2.0000000000000009E-001	1.3035730551060722E+000
2.0500000000000010E-001	1.3015569635883764E+000
2.1000000000000010E-001	1.2995319735773176E+000
2.1500000000000011E-001	1.2974816646132048E+000
2.2000000000000011E-001	1.2954061790842850E+000
2.2500000000000012E-001	1.2933070176265882E+000
2.3000000000000012E-001	1.2911854362072588E+000
2.3500000000000013E-001	1.2891118313895655E+000
2.4000000000000013E-001	1.2869167890767683E+000
2.4500000000000013E-001	1.2847197632503189E+000
2.5000000000000011E-001	1.2825011915637654E+000
2.5500000000000012E-001	1.2803258822557155E+000
2.6000000000000012E-001	1.2780324865401291E+000
2.6500000000000012E-001	1.2757438084370669E+000
2.7000000000000013E-001	1.2734374655342253E+000
2.7500000000000013E-001	1.2711122302563966E+000
2.8000000000000014E-001	1.2688566503738530E+000
2.8500000000000014E-001	1.2664522140457608E+000
2.9000000000000015E-001	1.2640564568997283E+000
2.9500000000000015E-001	1.2616441145637052E+000
3.0000000000000016E-001	1.2592132089928811E+000
3.0500000000000016E-001	1.2568612760856219E+000
3.1000000000000016E-001	1.2543489596471042E+000
3.1500000000000017E-001	1.2518453848808009E+000
3.2000000000000017E-001	1.2494027381782808E+000
3.2500000000000018E-001	1.2468256144072136E+000
3.3000000000000018E-001	1.2442586784073086E+000
3.3500000000000019E-001	1.2416767783565317E+000
3.4000000000000019E-001	1.2390778190718541E+000
3.4500000000000020E-001	1.2364616566791566E+000
3.5000000000000020E-001	1.2338277797218469E+000
3.5500000000000020E-001	1.2311753244288464E+000
3.6000000000000021E-001	1.2285032944612881E+000
3.6500000000000021E-001	1.2258106980552774E+000
3.7000000000000022E-001	1.2230966275704174E+000
3.7500000000000022E-001	1.2203602915396494E+000
3.8000000000000023E-001	1.2176010207206964E+000
3.8500000000000023E-001	1.2148177730966421E+000
3.9000000000000024E-001	1.2120099358144585E+000
3.9500000000000024E-001	1.2091776002817090E+000
4.0000000000000024E-001	1.2063205283934142E+000
4.0500000000000025E-001	1.2034390357562081E+000
4.1000000000000025E-001	1.2006847806498340E+000
4.1500000000000026E-001	1.1976579009404937E+000
4.2000000000000026E-001	1.1947503100307597E+000
4.2500000000000027E-001	1.1916318213169126E+000
4.3000000000000027E-001	1.1885459418337829E+000
4.3500000000000028E-001	1.1856537720101676E+000
4.4000000000000028E-001	1.1824775108211740E+000
4.4500000000000028E-001	1.1793366294248666E+000
4.5000000000000029E-001	1.1764003392138189E+000
4.5500000000000029E-001	1.1731650872586505E+000
4.6000000000000030E-001	1.1699599774856608E+000
4.6500000000000030E-001	1.1667561285787955E+000
4.7000000000000031E-001	1.1635422639382655E+000
4.7500000000000031E-001	1.1603154983106294E+000
4.8000000000000032E-001	1.1570735315790921E+000
4.8500000000000032E-001	1.1538150280893804E+000
4.9000000000000032E-001	1.1505389087794824E+000
4.9500000000000033E-001	1.1475545982952471E+000
5.0000000000000033E-001	1.1442488889999090E+000
5.0500000000000034E-001	1.1407958787274173E+000
5.1000000000000034E-001	1.1373658273766867E+000
5.1500000000000035E-001	1.1339468153490495E+000
5.2000000000000035E-001	1.1305330575208630E+000
5.2500000000000036E-001	1.1273931656859624E+000
5.3000000000000036E-001	1.1238909774292409E+000
5.3500000000000036E-001	1.1204042936965020E+000
5.4000000000000037E-001	1.1169248934481981E+000
5.4500000000000037E-001	1.1136743124491471E+000
5.5000000000000038E-001	1.1101554684743542E+000
5.5500000000000038E-001	1.1066400865008972E+000
5.6000000000000039E-001	1.1030502293029403E+000
5.6500000000000039E-001	1.0997539546312456E+000
5.7000000000000040E-001	1.0961141583062495E+000
5.7500000000000040E-001	1.0924832343717288E+000
5.8000000000000040E-001	1.0888818989007454E+000
5.8500000000000041E-001	1.0853093137313943E+000
5.9000000000000041E-001	1.0817610388361887E+000
5.9500000000000042E-001	1.0782315612643272E+000
6.0000000000000042E-001	1.0747157660344344E+000
6.0500000000000043E-001	1.0713908908027461E+000
6.1000000000000043E-001	1.0678306256095040E+000
6.1500000000000044E-001	1.0643621080698167E+000
6.2000000000000044E-001	1.0608039129837179E+000
6.2500000000000044E-001	1.0572701759831695E+000
6.3000000000000045E-001	1.0537591774746056E+000
6.3500000000000045E-001	1.0502680980867245E+000
6.4000000000000046E-001	1.0467945786372492E+000
6.4500000000000046E-001	1.0433366966473652E+000
6.5000000000000047E-001	1.0398930195917493E+000
6.5500000000000047E-001	1.0364626794896876E+000
6.6000000000000048E-001	1.0330454070930122E+000
6.6500000000000048E-001	1.0296414060961041E+000
6.7000000000000048E-001	1.0262512087878459E+000
6.7500000000000049E-001	1.0228755600949555E+000
6.8000000000000049E-001	1.0195153256221339E+000
6.8500000000000050E-001	1.0161714272245943E+000
6.9000000000000050E-001	1.0128447964376106E+000
6.9500000000000051E-001	1.0095363426465105E+000
7.0000000000000051E-001	1.0062469328075321E+000
7.0500000000000052E-001	1.0029773801407431E+000
7.1000000000000052E-001	9.9972844386269633E-001
7.1500000000000052E-001	9.9650075390933790E-001
7.2000000000000053E-001	9.9329496417644170E-001
7.2500000000000053E-001	9.9011174632917043E-001
7.3000000000000054E-001	9.8695174247543438E-001
7.3500000000000054E-001	9.8381552985466314E-001
7.4000000000000055E-001	9.8070332546588035E-001
7.4500000000000055E-001	9.7761551754468523E-001
7.5000000000000056E-001	9.7455288010335861E-001
7.5500000000000056E-001	9.7151964738006724E-001
7.6000000000000056E-001	9.6851706946466654E-001
7.6500000000000057E-001	9.6553841308920396E-001
7.7000000000000057E-001	9.6258452928471461E-001
7.7500000000000058E-001	9.5968199648976937E-001
7.8000000000000058E-001	9.5678459222069856E-001
7.8500000000000059E-001	9.5391621307705288E-001
7.9000000000000059E-001	9.5111803024882757E-001
7.9500000000000060E-001	9.4832178700738057E-001
8.0000000000000060E-001	9.4553754749858698E-001
8.0500000000000060E-001	9.4277506552661849E-001
8.1000000000000061E-001	9.4004081918327409E-001
8.1500000000000061E-001	9.3733875389714705E-001
8.2000000000000062E-001	9.3467101249664752E-001
8.2500000000000062E-001	9.3203864807319770E-001
8.3000000000000063E-001	9.2944214789137591E-001
8.3500000000000063E-001	9.2688173198683876E-001
8.4000000000000064E-001	9.2435749282460988E-001
8.4500000000000064E-001	9.2186945130817777E-001
8.5000000000000064E-001	9.1941754978357437E-001
8.5500000000000065E-001	9.1700176804828937E-001
8.6000000000000065E-001	9.1462207756203728E-001
8.6500000000000066E-001	9.1227832032937539E-001
8.7000000000000066E-001	9.1007143626499243E-001
8.7500000000000067E-001	9.0779377368977854E-001
8.8000000000000067E-001	9.0554237530562998E-001
8.8500000000000068E-001	9.0331791711731402E-001
8.9000000000000068E-001	9.0112872213001893E-001
8.9500000000000068E-001	8.9897990627392921E-001
9.0000000000000069E-001	8.9687315200321360E-001
9.0500000000000069E-001	8.9480765829854336E-001
9.1000000000000070E-001	8.9278216084481143E-001
9.1500000000000070E-001	8.9079500499898057E-001
9.2000000000000071E-001	8.8884463662891555E-001
9.2500000000000071E-001	8.8692979017583640E-001
9.3000000000000071E-001	8.8504951500265572E-001
9.3500000000000072E-001	8.8320313773734460E-001
9.4000000000000072E-001	8.8139022080902851E-001
9.4500000000000073E-001	8.7961050808768126E-001
9.5000000000000073E-001	8.7786388640089685E-001
9.5500000000000074E-001	8.7615032014838889E-001
9.6000000000000074E-001	8.7446984870024125E-001
9.6500000000000075E-001	8.7282257601259139E-001
9.7000000000000075E-001	8.7120863586788877E-001
9.7500000000000075E-001	8.6962816954897781E-001
9.8000000000000076E-001	8.6808132129810023E-001
9.8500000000000076E-001	8.6656823815748574E-001
9.9000000000000077E-001	8.6508906700270127E-001
9.9500000000000077E-001	8.6364395029788465E-001
1.0000000000000007E+000	8.6223302296462245E-001
1.0050000000000006E+000	8.6085641225983278E-001
1.0100000000000005E+000	8.5951423941463467E-001
1.0150000000000003E+000	8.5820661980487545E-001
1.0200000000000002E+000	8.5693366297110285E-001
1.0250000000000001E+000	8.5569547299984405E-001
1.0300000000000000E+000	8.5449219282908917E-001
1.0349999999999999E+000	8.5332397130970294E-001
1.0399999999999998E+000	8.5219093411712454E-001
1.0449999999999997E+000	8.5109317776955828E-001
1.0499999999999996E+000	8.5003077441671893E-001
1.0549999999999995E+000	8.4900377704513996E-001
1.0599999999999994E+000	8.4835253890288786E-001
1.0649999999999993E+000	8.4733005379687809E-001
1.0699999999999992E+000	8.4631811898674947E-001
1.0749999999999991E+000	8.4545876548785914E-001
1.0799999999999990E+000	8.4452980501499164E-001
1.0849999999999989E+000	8.4364254889398893E-001
1.0899999999999987E+000	8.4281336069996282E-001
1.0949999999999986E+000	8.4204102856951479E-001
1.0999999999999985E+000	8.4131762722906878E-001
1.1049999999999984E+000	8.4063948726579918E-001
1.1099999999999983E+000	8.4000324854874497E-001
1.1149999999999982E+000	8.3940606341510826E-001
1.1199999999999981E+000	8.3884569926051533E-001
1.1249999999999980E+000	8.3832048386062064E-001
1.1299999999999979E+000	8.3782928862813166E-001
1.1349999999999978E+000	8.3737144459554469E-001
1.1399999999999977E+000	8.3694663589697482E-001
1.1449999999999976E+000	8.3655479929269139E-001
1.1499999999999975E+000	8.3619603470763781E-001
1.1549999999999974E+000	8.3587052884761504E-001
1.1599999999999973E+000	8.3557849842734466E-001
1.1649999999999971E+000	8.3532014838448987E-001
1.1699999999999970E+000	8.3509564756715582E-001
1.1749999999999969E+000	8.3490511920974353E-001
1.1799999999999968E+000	8.3474863956181022E-001
1.1849999999999967E+000	8.3462621830534189E-001
1.1899999999999966E+000	8.3453783778433999E-001
1.2599999999999951E+000	8.3678546179405200E-001
1.2649999999999950E+000	8.3718735559489432E-001
1.2699999999999949E+000	8.3762045307835631E-001
1.2749999999999948E+000	8.3808456518954899E-001
1.2799999999999947E+000	8.3857949875917281E-001
1.2849999999999946E+000	8.3910505705441385E-001
1.2899999999999945E+000	8.3966103664092617E-001
1.2949999999999944E+000	8.4024722978336341E-001
1.2999999999999943E+000	8.4086339340299854E-001
1.3049999999999942E+000	8.4150930765625276E-001
1.3099999999999941E+000	8.4218474510587893E-001
1.3149999999999940E+000	8.4288947357628707E-001
1.3199999999999938E+000	8.4362326121225784E-001
1.3249999999999937E+000	8.4438605820809787E-001
1.3299999999999936E+000	8.4517738672238019E-001
1.3349999999999935E+000	8.4599698426965908E-001
1.3399999999999934E+000	8.4706614373589084E-001
1.3449999999999933E+000	8.4792002384534104E-001
1.3499999999999932E+000	8.4877203512633259E-001
1.3549999999999931E+000	8.4958484077157670E-001
1.3599999999999930E+000	8.5053083172774047E-001
1.3649999999999929E+000	8.5151241244101938E-001
1.3699999999999928E+000	8.5252331261934367E-001
1.3749999999999927E+000	8.5356018196197625E-001
1.3799999999999926E+000	8.5462210657635418E-001
1.3849999999999925E+000	8.5570928150464276E-001
1.3899999999999924E+000	8.5682213893050385E-001
1.3949999999999922E+000	8.5796090163379934E-001
1.3999999999999921E+000	8.5912547351570034E-001
1.4049999999999920E+000	8.6031550003085155E-001
1.4099999999999919E+000	8.6153047103881686E-001
1.4149999999999918E+000	8.6276980775555412E-001
1.4199999999999917E+000	8.6403292335659287E-001
1.4249999999999916E+000	8.6531926053824693E-001
1.4299999999999915E+000	8.6662831157211806E-001
1.4349999999999914E+000	8.6795962531657156E-001
1.4399999999999913E+000	8.6931280523578036E-001
1.4449999999999912E+000	8.7068750210176904E-001
1.4499999999999911E+000	8.7208340467992840E-001
1.4549999999999910E+000	8.7350023012718192E-001
1.4599999999999909E+000	8.7493771479496529E-001
1.4649999999999908E+000	8.7639560682824436E-001
1.4699999999999906E+000	8.7787365875228063E-001
1.4749999999999905E+000	8.7937162240095290E-001
1.4799999999999904E+000	8.8088924361795351E-001
1.4849999999999903E+000	8.8242625811550479E-001
1.4899999999999902E+000	8.8398238803365281E-001
1.4949999999999901E+000	8.8555734008841913E-001
1.4999999999999900E+000	8.8715082238817589E-001
1.5049999999999899E+000	8.8876250152211078E-001
1.5099999999999898E+000	8.9039201580207639E-001
1.5149999999999897E+000	8.9203899541417353E-001
1.5199999999999896E+000	8.9370305831029184E-001
1.5249999999999895E+000	8.9538380251338712E-001
1.5299999999999894E+000	8.9708080829749681E-001
1.5349999999999893E+000	8.9879364394060679E-001
1.5399999999999892E+000	9.0052186942250367E-001
1.5449999999999890E+000	9.0226501913345458E-001
1.5499999999999889E+000	9.0402280427377990E-001
1.5549999999999888E+000	9.0579477184414459E-001
1.5599999999999887E+000	9.0758122688161824E-001
1.5649999999999886E+000	9.0938126188327562E-001
1.5699999999999885E+000	9.1119391380713199E-001
1.5749999999999884E+000	9.1301854904438029E-001
1.5799999999999883E+000	9.1490536685760548E-001
1.5849999999999882E+000	9.1675999767709426E-001
1.5899999999999881E+000	9.1861912231581511E-001
1.5949999999999880E+000	9.2048312513363506E-001
1.5999999999999879E+000	9.2235423891451562E-001
1.6049999999999878E+000	9.2423431794935040E-001
1.6099999999999877E+000	9.2612429911519856E-001
1.6149999999999876E+000	9.2802420759592674E-001
1.6199999999999875E+000	9.2993344092633756E-001
1.6249999999999873E+000	9.3185116937629608E-001
1.6299999999999872E+000	9.3377658458855706E-001
1.6349999999999871E+000	9.3570898750506970E-001
1.6399999999999870E+000	9.3764788348066064E-001
1.6449999999999869E+000	9.3959291703505632E-001
1.6499999999999868E+000	9.4154370906560925E-001
1.6549999999999867E+000	9.4349982376978425E-001
1.6599999999999866E+000	9.4546082393583930E-001
1.6649999999999865E+000	9.4742629935230838E-001
1.6699999999999864E+000	9.4939585603609722E-001
1.6749999999999863E+000	9.5136909739360020E-001
1.6799999999999862E+000	9.5334561557033870E-001
1.6849999999999861E+000	9.5532499221300282E-001
1.6899999999999860E+000	9.5726921268035614E-001
1.6949999999999859E+000	9.5926177568464777E-001
1.6999999999999857E+000	9.6130312700468101E-001
1.7049999999999856E+000	9.6325836535968168E-001
1.7099999999999855E+000	9.6530095855884057E-001
1.7149999999999854E+000	9.6731755775442663E-001
1.7199999999999853E+000	9.6931972917471776E-001
1.7249999999999852E+000	9.7131121692402356E-001
1.7299999999999851E+000	9.7329521564474453E-001
1.7349999999999850E+000	9.7524489448034890E-001
1.7399999999999849E+000	9.7726822651526823E-001
1.7449999999999848E+000	9.7926797579302960E-001
1.7499999999999847E+000	9.8125240939675140E-001
1.7549999999999846E+000	9.8322253539608417E-001
1.7599999999999845E+000	9.8518116107609854E-001
1.7649999999999844E+000	9.8713165558769189E-001
1.7699999999999843E+000	9.8907675416981888E-001
1.7749999999999841E+000	9.9101817331558528E-001
1.7799999999999840E+000	9.9295669255209262E-001
1.7849999999999839E+000	9.9489240988466188E-001
1.7899999999999838E+000	9.9682526608845068E-001
1.7949999999999837E+000	9.9875486056393292E-001
1.7999999999999836E+000	1.0006804133770386E+000
1.8049999999999835E+000	1.0026011058934223E+000
1.8099999999999834E+000	1.0045163740468155E+000
1.8149999999999833E+000	1.0064256364551560E+000
1.8199999999999832E+000	1.0083281701525562E+000
1.8249999999999831E+000	1.0102232889185787E+000
1.8299999999999830E+000	1.0121104649840671E+000
1.8349999999999829E+000	1.0139892882100212E+000
1.8349999999999829E+000	1.0140343198870663E+000
1.8399999999999828E+000	1.0159007630296573E+000
1.8449999999999827E+000	1.0177592005655871E+000
1.8499999999999825E+000	1.0196087606932147E+000
1.8549999999999824E+000	1.0214482841616692E+000
1.8599999999999823E+000	1.0232772607948313E+000
1.8649999999999822E+000	1.0250955470375709E+000
1.8699999999999821E+000	1.0269029315259735E+000
1.8749999999999820E+000	1.0286990260669175E+000
1.8799999999999819E+000	1.0304833365170394E+000
1.8849999999999818E+000	1.0322553574127431E+000
1.8899999999999817E+000	1.0340146593188222E+000
1.8949999999999816E+000	1.0357609264778296E+000
1.8999999999999815E+000	1.0374939485264161E+000
1.9049999999999814E+000	1.0392135862268681E+000
1.9099999999999813E+000	1.0409197309336571E+000
1.9149999999999812E+000	1.0426122745265731E+000
1.9199999999999811E+000	1.0442910936385092E+000
1.9249999999999809E+000	1.0459560456088499E+000
1.9299999999999808E+000	1.0476069560487935E+000
1.9349999999999807E+000	1.0492435649013347E+000
1.9399999999999806E+000	1.0508656347115517E+000
1.9449999999999805E+000	1.0524729565682278E+000
1.9499999999999804E+000	1.0540652827682755E+000
1.9549999999999803E+000	1.0556423424633770E+000
1.9599999999999802E+000	1.0572038610077907E+000
1.9649999999999801E+000	1.0587497002105017E+000
1.9699999999999800E+000	1.0602796538525419E+000
1.9749999999999799E+000	1.0620852559296159E+000
1.9799999999999798E+000	1.0634563909938008E+000
1.9849999999999797E+000	1.0648848164511320E+000
1.9899999999999796E+000	1.0663210292645475E+000
1.9949999999999795E+000	1.0677495266403805E+000
1.9999999999999793E+000	1.0694598368419872E+000
2.0049999999999795E+000	1.0707200461489261E+000
2.0099999999999794E+000	1.0722652686139158E+000
2.0149999999999793E+000	1.0734712088426508E+000
2.0199999999999791E+000	1.0747542705058195E+000
2.0249999999999790E+000	1.0760498568621646E+000
2.0299999999999789E+000	1.0773396288879864E+000
2.0349999999999788E+000	1.0786176310505242E+000
2.0399999999999787E+000	1.0798814523415206E+000
2.0449999999999786E+000	1.0811299371641012E+000
2.0499999999999785E+000	1.0823622649555333E+000
2.0549999999999784E+000	1.0835776773148740E+000
2.0599999999999783E+000	1.0847754403485721E+000
2.0649999999999782E+000	1.0859548818694023E+000
2.0699999999999781E+000	1.0871154206505629E+000
2.0749999999999780E+000	1.0882565853292467E+000
2.0799999999999779E+000	1.0893780125038153E+000
2.0849999999999778E+000	1.0904794330113914E+000
2.0899999999999777E+000	1.0915606514533529E+000
2.0949999999999775E+000	1.0926215214410278E+000
2.0999999999999774E+000	1.0936619229373017E+000
2.1049999999999773E+000	1.0946817439131360E+000
2.1099999999999772E+000	1.0956808683701360E+000
2.1149999999999771E+000	1.0966591712409182E+000
2.1199999999999770E+000	1.0976165150872463E+000
2.1249999999999769E+000	1.0985527511033550E+000
2.1299999999999768E+000	1.0994677232306569E+000
2.1349999999999767E+000	1.1003612735202957E+000
2.1399999999999766E+000	1.1012332472182522E+000
2.1449999999999765E+000	1.1020834978086829E+000
2.1499999999999764E+000	1.1029118910498217E+000
2.1549999999999763E+000	1.1037183080368056E+000
2.1599999999999762E+000	1.1045012618653147E+000
2.1649999999999761E+000	1.1052620914261093E+000
2.1699999999999759E+000	1.1060006313881996E+000
2.1749999999999758E+000	1.1067168341144624E+000
2.1799999999999757E+000	1.1074106990283201E+000
2.1849999999999756E+000	1.1080822373398687E+000
2.1899999999999755E+000	1.1092465731531747E+000
2.1949999999999754E+000	1.1097236565131319E+000
2.1999999999999753E+000	1.1105037172471683E+000
2.2049999999999752E+000	1.1108709637526593E+000
2.2099999999999751E+000	1.1113198040243644E+000
2.2149999999999750E+000	1.1117870982242153E+000
2.2199999999999749E+000	1.1122570049118234E+000
2.2249999999999748E+000	1.1127200341258525E+000
2.2299999999999747E+000	1.1131717467453717E+000
2.2349999999999746E+000	1.1136088452549835E+000
2.2399999999999745E+000	1.1140285742376830E+000
2.2449999999999743E+000	1.1144289120854367E+000
2.2499999999999742E+000	1.1148085098689098E+000
2.2549999999999741E+000	1.1151665455534323E+000
2.2599999999999740E+000	1.1155025865736161E+000
2.2649999999999739E+000	1.1163292954003496E+000
2.2699999999999738E+000	1.1166066211973731E+000
2.2749999999999737E+000	1.1166691972683445E+000
2.2799999999999736E+000	1.1168098652831269E+000
2.2849999999999735E+000	1.1169674290431875E+000
2.2949999999999733E+000	1.1172798995970203E+000
2.2999999999999732E+000	1.1174218865554393E+000
2.3049999999999731E+000	1.1175502911676998E+000
2.3099999999999730E+000	1.1176628676870450E+000
2.3149999999999729E+000	1.1177578130349108E+000
2.3199999999999728E+000	1.1178337555465521E+000
2.3249999999999726E+000	1.1178896889478795E+000
2.3299999999999725E+000	1.1179249288115392E+000
2.3349999999999724E+000	1.1179390331219476E+000
2.3399999999999723E+000	1.1179317525613661E+000
2.3449999999999722E+000	1.1179029982379645E+000
2.3499999999999721E+000	1.1178527766418243E+000
2.3549999999999720E+000	1.1177811583751720E+000
2.3599999999999719E+000	1.1176882692959298E+000
2.3649999999999718E+000	1.1175742824127464E+000
2.3699999999999717E+000	1.1174393825371001E+000
2.3749999999999716E+000	1.1172837411709375E+000
2.3799999999999715E+000	1.1171075205851102E+000
2.3849999999999714E+000	1.1169108574895965E+000
2.3899999999999713E+000	1.1166938686543693E+000
2.3949999999999712E+000	1.1164566794436719E+000
2.3999999999999710E+000	1.1161994136401661E+000
2.4049999999999709E+000	1.1159221784798268E+000
2.4099999999999708E+000	1.1156250776311607E+000
2.4149999999999707E+000	1.1159171194835578E+000
2.4199999999999706E+000	1.1153802385443468E+000
2.4249999999999705E+000	1.1149084916963989E+000
2.4299999999999704E+000	1.1144485649388820E+000
2.4449999999999701E+000	1.1130599191968717E+000
2.4499999999999700E+000	1.1125814827760732E+000
2.4549999999999699E+000	1.1120912899233741E+000
2.4599999999999698E+000	1.1115878885812007E+000
2.4649999999999697E+000	1.1110784698715035E+000
2.4699999999999696E+000	1.1105592331425811E+000
2.4749999999999694E+000	1.1100222764652619E+000
2.4799999999999693E+000	1.1094647014389918E+000
2.4849999999999692E+000	1.1088869681492795E+000
2.4899999999999691E+000	1.1087958906695938E+000
2.4949999999999690E+000	1.1078960316338720E+000
2.4999999999999689E+000	1.1071436445388165E+000
2.5049999999999688E+000	1.1064351992043124E+000
2.5099999999999687E+000	1.1057404630059606E+000
2.5149999999999686E+000	1.1050459898223313E+000
2.5199999999999685E+000	1.1043449343758600E+000
2.5249999999999684E+000	1.1041086090883803E+000
2.5299999999999683E+000	1.1033729235490071E+000
2.5349999999999682E+000	1.1023558802667766E+000
2.5399999999999681E+000	1.1014799874004204E+000
2.5449999999999680E+000	1.1006499584626179E+000
2.5499999999999678E+000	1.0998356299126666E+000
2.5549999999999677E+000	1.0990226882015643E+000
2.5599999999999676E+000	1.0982034344443994E+000
2.5649999999999675E+000	1.0973737518356297E+000
2.5699999999999674E+000	1.0965315767101267E+000
2.5749999999999673E+000	1.0956759932877431E+000
2.5799999999999672E+000	1.0948066893990054E+000
2.5849999999999671E+000	1.0939236566043595E+000
2.5899999999999670E+000	1.0930270392447066E+000
2.5949999999999669E+000	1.0921170607630122E+000
2.5999999999999668E+000	1.0911939831816295E+000
2.6049999999999667E+000	1.0902580814893463E+000
2.6099999999999666E+000	1.0893096268732001E+000
2.6149999999999665E+000	1.0883488769672509E+000
2.6199999999999664E+000	1.0873760684517024E+000
2.6249999999999662E+000	1.0863914261682268E+000
2.6299999999999661E+000	1.0853951606691092E+000
2.6349999999999660E+000	1.0843874754649852E+000
2.6399999999999659E+000	1.0833685697468072E+000
2.6449999999999658E+000	1.0823386338749217E+000
2.6499999999999657E+000	1.0812978653040339E+000
2.6549999999999656E+000	1.0802464682709765E+000
2.6599999999999655E+000	1.0791846595233219E+000
2.6649999999999654E+000	1.0781126629014670E+000
2.6699999999999653E+000	1.0770307143349731E+000
2.6749999999999652E+000	1.0759390537695082E+000
2.6799999999999651E+000	1.0748379312877092E+000
2.6849999999999650E+000	1.0737276017733821E+000
2.6899999999999649E+000	1.0726083290436883E+000
2.6949999999999648E+000	1.0714803749125066E+000
2.6999999999999647E+000	1.0703440002812645E+000
2.7049999999999645E+000	1.0691994775592599E+000
2.7099999999999644E+000	1.0680470740324162E+000
2.7149999999999643E+000	1.0670701854056397E+000
2.7199999999999642E+000	1.0658942785361707E+000
2.7249999999999641E+000	1.0646117502932202E+000
2.7299999999999640E+000	1.0634050364574237E+000
2.7349999999999639E+000	1.0622142590986914E+000
2.7399999999999638E+000	1.0610215606238773E+000
2.7449999999999637E+000	1.0599740260575805E+000
2.7499999999999636E+000	1.0586659507402292E+000
2.7549999999999635E+000	1.0574197111105821E+000
2.7599999999999634E+000	1.0561869901789334E+000
2.7649999999999633E+000	1.0549547235540055E+000
2.7699999999999632E+000	1.0537187425304460E+000
2.7749999999999631E+000	1.0524783512646874E+000
2.7799999999999629E+000	1.0512340763817387E+000
2.7849999999999628E+000	1.0499867706666939E+000
2.7899999999999627E+000	1.0487373037221088E+000
2.7949999999999626E+000	1.0474859245680774E+000
2.7999999999999625E+000	1.0462325312755367E+000
2.8049999999999624E+000	1.0449770676270504E+000
2.8099999999999623E+000	1.0437195364386103E+000
2.8149999999999622E+000	1.0424600663272634E+000
2.8199999999999621E+000	1.0411988059309019E+000
2.8249999999999620E+000	1.0399359072726937E+000
2.8299999999999619E+000	1.0386715179997528E+000
2.8349999999999618E+000	1.0374057900239455E+000
2.8399999999999617E+000	1.0361388946944372E+000
2.8449999999999616E+000	1.0348710128765246E+000
2.8499999999999615E+000	1.0336023385995823E+000
2.8549999999999613E+000	1.0323330754863496E+000
2.8599999999999612E+000	1.0310634308929916E+000
2.8649999999999611E+000	1.0297936115227682E+000
2.8699999999999610E+000	1.0285238372645202E+000
2.8749999999999609E+000	1.0272543266953718E+000
2.8799999999999608E+000	1.0259852989690135E+000
2.8849999999999607E+000	1.0247169777307401E+000
2.8899999999999606E+000	1.0234495891857573E+000
2.8949999999999605E+000	1.0221833608273048E+000
2.8999999999999604E+000	1.0209185219942400E+000
2.9049999999999603E+000	1.0196553023728341E+000
2.9099999999999602E+000	1.0183939321231787E+000
2.9149999999999601E+000	1.0171346423809107E+000
2.9199999999999600E+000	1.0158776621848244E+000
2.9249999999999599E+000	1.0146232196096614E+000
2.9299999999999597E+000	1.0133715423355132E+000
2.9349999999999596E+000	1.0121228577910197E+000
2.9399999999999595E+000	1.0108773920329945E+000
2.9449999999999594E+000	1.0096353698605691E+000
2.9499999999999593E+000	1.0083970146373373E+000
2.9549999999999592E+000	1.0071625486615872E+000
2.9599999999999591E+000	1.0059321926817608E+000
2.9649999999999590E+000	1.0047061659949528E+000
2.9699999999999589E+000	1.0034846866336107E+000
2.9749999999999588E+000	1.0022679709891240E+000
2.9799999999999587E+000	1.0010562335766855E+000
2.9849999999999586E+000	9.9984968607126035E-001
2.9899999999999585E+000	9.9864851836428870E-001
2.9949999999999584E+000	9.9745289835734463E-001
2.9999999999999583E+000	9.9626304234634988E-001
3.0049999999999581E+000	9.9507920294598318E-001
3.0099999999999580E+000	9.9390160584802478E-001
3.0149999999999579E+000	9.9273043968971442E-001
3.0199999999999578E+000	9.9156587860814827E-001
3.0249999999999577E+000	9.9040810121710210E-001
3.0299999999999576E+000	9.8925729796583362E-001
3.0349999999999575E+000	9.8811343416623676E-001
3.0399999999999574E+000	9.8697663167435712E-001
3.0449999999999573E+000	9.8584731096112965E-001
3.0499999999999572E+000	9.8472587785768750E-001
3.0549999999999571E+000	9.8361262641064595E-001
3.0599999999999570E+000	9.8250775963140669E-001
3.0649999999999569E+000	9.8141143377933282E-001
3.0699999999999568E+000	9.8032378860190139E-001
3.0749999999999567E+000	9.7924496103131076E-001
3.0799999999999566E+000	9.7817508429802968E-001
3.0849999999999564E+000	9.7711429072528500E-001
3.0899999999999563E+000	9.7606271500537900E-001
3.0949999999999562E+000	9.7502049629148835E-001
3.0999999999999561E+000	9.7398777852667839E-001
3.1049999999999560E+000	9.7275044482960582E-001
3.1099999999999559E+000	9.7175471743523922E-001
3.1149999999999558E+000	9.7083745932347654E-001
3.1199999999999557E+000	9.6991043007992950E-001
3.1249999999999556E+000	9.6897636309374602E-001
3.1299999999999555E+000	9.6803647856350472E-001
3.1349999999999554E+000	9.6709349654987220E-001
3.1399999999999553E+000	9.6615079542487881E-001
3.1449999999999552E+000	9.6521155151399718E-001
3.1499999999999551E+000	9.6427838836987279E-001
3.1549999999999550E+000	9.6335336319845144E-001
3.1599999999999548E+000	9.6243806295048362E-001
3.1649999999999547E+000	9.6153369219550877E-001
3.1699999999999546E+000	9.6050327102849720E-001
3.1749999999999545E+000	9.5969384139562219E-001
3.1799999999999544E+000	9.5878076316071814E-001
3.1849999999999543E+000	9.5800916609185416E-001
3.1899999999999542E+000	9.5722253653532585E-001
3.1949999999999541E+000	9.5631559731977234E-001
3.1999999999999540E+000	9.5557382277835767E-001
3.2049999999999539E+000	9.5481191758050232E-001
3.2099999999999538E+000	9.5404259381464540E-001
3.2149999999999537E+000	9.5327377108950573E-001
3.2199999999999536E+000	9.5251035016242525E-001
3.2249999999999535E+000	9.5175563295328269E-001
3.2299999999999534E+000	9.5101185959937484E-001
3.2349999999999532E+000	9.5028051441951722E-001
3.2399999999999531E+000	9.4956256082943979E-001
3.2449999999999530E+000	9.4885861377561642E-001
3.2499999999999529E+000	9.4816905156923881E-001
3.2549999999999528E+000	9.4749408526580092E-001
3.2599999999999527E+000	9.4683380559049724E-001
3.2649999999999526E+000	9.4618822011711079E-001
3.2699999999999525E+000	9.4555728297357367E-001
3.2749999999999524E+000	9.4494091815760295E-001
3.2799999999999523E+000	9.4433903709012368E-001
3.2849999999999522E+000	9.4375155154674095E-001
3.2899999999999521E+000	9.4317838139263355E-001
3.2949999999999520E+000	9.4261945981400852E-001
3.2999999999999519E+000	9.4207473492096283E-001
3.3049999999999518E+000	9.4154416988759970E-001
3.3099999999999516E+000	9.4102774172811654E-001
3.3149999999999515E+000	9.4052543917620646E-001
3.3199999999999514E+000	9.4003726110327945E-001
3.3249999999999513E+000	9.3956321380758046E-001
3.3299999999999512E+000	9.3910330929702268E-001
3.3349999999999511E+000	9.3865756328138028E-001
3.3399999999999510E+000	9.3822599402568252E-001
3.3449999999999509E+000	9.3780862076141536E-001
3.3499999999999508E+000	9.3740546162001626E-001
3.3549999999999507E+000	9.3701653548458164E-001
3.3599999999999506E+000	9.3664186217463519E-001
3.3649999999999505E+000	9.3628145942832175E-001
3.3699999999999504E+000	9.3593534120847210E-001
3.3749999999999503E+000	9.3560351754334037E-001
3.3799999999999502E+000	9.3528599454679962E-001
3.3849999999999500E+000	9.3498277493793835E-001
3.3899999999999499E+000	9.3469385831961693E-001
3.3949999999999498E+000	9.3441924164282408E-001
3.3999999999999497E+000	9.3415891842282406E-001
3.4049999999999496E+000	9.3391287896295427E-001
3.4099999999999495E+000	9.3368111062535020E-001
3.4149999999999494E+000	9.3346359781443589E-001
3.4199999999999493E+000	9.3326032190113706E-001
3.4249999999999492E+000	9.3307126086846748E-001
3.4299999999999491E+000	9.3289638939974484E-001
3.4349999999999490E+000	9.3273567854589889E-001
3.4399999999999489E+000	9.3258909657279943E-001
3.4449999999999488E+000	9.3245660794240059E-001
3.4499999999999487E+000	9.3233817390386764E-001
3.4549999999999486E+000	9.3223375329550251E-001
3.4599999999999485E+000	9.3214330084358643E-001
3.4649999999999483E+000	9.3206677112422343E-001
3.4699999999999482E+000	9.3200411473170375E-001
3.4749999999999481E+000	9.3195526154969499E-001
3.4799999999999480E+000	9.3192016125738952E-001
3.4849999999999479E+000	9.3189875807933986E-001
3.4899999999999478E+000	9.3189099110538987E-001
3.4949999999999477E+000	9.3189680261263408E-001
3.4999999999999476E+000	9.3191613068877688E-001
3.5049999999999475E+000	9.3194890534912989E-001
3.5099999999999474E+000	9.3199507906843682E-001
3.5149999999999473E+000	9.3205458667010999E-001
3.5199999999999472E+000	9.3212735519454637E-001
3.5249999999999471E+000	9.3221330866931029E-001
3.5299999999999470E+000	9.3231236959936936E-001
3.5349999999999469E+000	9.3242445939832530E-001
3.5399999999999467E+000	9.3254949849116442E-001
3.5449999999999466E+000	9.3268740562440011E-001
3.5499999999999465E+000	9.3283809761057301E-001
3.5549999999999464E+000	9.3300149015552591E-001
3.5599999999999463E+000	9.3317749716167175E-001
3.5649999999999462E+000	9.3336603106015992E-001
3.5699999999999461E+000	9.3356700269575565E-001
3.5749999999999460E+000	9.3378032079016970E-001
3.5799999999999459E+000	9.3400589201546458E-001
3.5849999999999458E+000	9.3424362113045878E-001
3.5899999999999457E+000	9.3449341091203553E-001
3.5949999999999456E+000	9.3475516222577415E-001
3.5999999999999455E+000	9.3502877420642105E-001
3.6049999999999454E+000	9.3531414400016688E-001
3.6099999999999453E+000	9.3561116700738145E-001
3.6149999999999451E+000	9.3591973683523366E-001
3.6199999999999450E+000	9.3623974529693954E-001
3.6249999999999449E+000	9.3657108252871890E-001
3.6299999999999448E+000	9.3691363674922812E-001
3.6349999999999447E+000	9.3726729457517988E-001
3.6399999999999446E+000	9.3763194085601220E-001
3.6449999999999445E+000	9.3800745876154989E-001
3.6499999999999444E+000	9.3839372988916425E-001
3.6549999999999443E+000	9.3879063403433405E-001
3.6599999999999442E+000	9.3919804952974006E-001
3.6649999999999441E+000	9.3961585301665385E-001
3.6699999999999440E+000	9.4004391975333035E-001
3.6749999999999439E+000	9.4048212332669856E-001
3.6799999999999438E+000	9.4093033586347929E-001
3.6849999999999437E+000	9.4138842828110203E-001
3.6899999999999435E+000	9.4185626974031478E-001
3.6949999999999434E+000	9.4233372822907402E-001
3.6999999999999433E+000	9.4282067047743490E-001
3.7049999999999432E+000	9.4331696170009649E-001
3.7099999999999431E+000	9.4382246598364983E-001
3.7149999999999430E+000	9.4433704616899683E-001
3.7199999999999429E+000	9.4486056386937267E-001
3.7249999999999428E+000	9.4539287953236495E-001
3.7299999999999427E+000	9.4593385252653117E-001
3.7349999999999426E+000	9.4648334105965004E-001
3.7399999999999425E+000	9.4704120227380306E-001
3.7449999999999424E+000	9.4760729240731201E-001
3.7499999999999423E+000	9.4818146650990953E-001
3.7549999999999422E+000	9.4876357880156836E-001
3.7599999999999421E+000	9.4935348254359708E-001
3.7649999999999419E+000	9.4995103005031156E-001
3.7699999999999418E+000	9.5055607289521027E-001
3.7749999999999417E+000	9.5116846174258785E-001
3.7799999999999416E+000	9.5178804638111747E-001
3.7849999999999415E+000	9.5241467604847996E-001
3.7899999999999414E+000	9.5304819907013205E-001
3.7949999999999413E+000	9.5368846323128020E-001
3.7999999999999412E+000	9.5433531558819906E-001
3.8049999999999411E+000	9.5498860263530583E-001
3.8099999999999410E+000	9.5564817023741155E-001
3.8149999999999409E+000	9.5631386383819250E-001
3.8199999999999408E+000	9.5698552829803196E-001
3.8249999999999407E+000	9.5758383545337911E-001
3.8299999999999406E+000	9.5831633435225516E-001
3.8349999999999405E+000	9.5903947987347038E-001
3.8399999999999403E+000	9.5967680226842822E-001
3.8449999999999402E+000	9.6039024143935581E-001
3.8499999999999401E+000	9.6115367451051348E-001
3.8549999999999400E+000	9.6182911549950800E-001
3.8599999999999399E+000	9.6259809861106882E-001
3.8649999999999398E+000	9.6334663106516083E-001
3.8699999999999397E+000	9.6408421962764368E-001
3.8749999999999396E+000	9.6481521132146797E-001
3.8799999999999395E+000	9.6554297763406560E-001
3.8849999999999394E+000	9.6627016623544726E-001
3.8899999999999393E+000	9.6699865251408090E-001
3.8949999999999392E+000	9.6772966322632525E-001
3.8999999999999391E+000	9.6846397509718996E-001
3.9049999999999390E+000	9.6920207489317778E-001
3.9099999999999389E+000	9.6994425124638517E-001
3.9149999999999388E+000	9.7069064012325978E-001
3.9199999999999386E+000	9.7144124991005365E-001
3.9249999999999385E+000	9.7219598206940194E-001
3.9299999999999384E+000	9.7295465137005088E-001
3.9349999999999383E+000	9.7364985790398351E-001
3.9399999999999382E+000	9.7442585364153822E-001
3.9449999999999381E+000	9.7524608692534809E-001
3.9499999999999380E+000	9.7605202046277006E-001
3.9549999999999379E+000	9.7684705140754280E-001
3.9599999999999378E+000	9.7763346354632041E-001
3.9649999999999377E+000	9.7841379886086810E-001
3.9699999999999376E+000	9.7919044951699163E-001
3.9749999999999375E+000	9.7996525818294522E-001
3.9799999999999374E+000	9.8073944000037061E-001
3.9849999999999373E+000	9.8151370766629431E-001
3.9899999999999372E+000	9.8228844347204980E-001
3.9949999999999370E+000	9.8306383556557719E-001
3.9999999999999369E+000	9.8383995476702180E-001
4.0049999999999368E+000	9.8461679387232404E-001
4.0099999999999367E+000	9.8539428869655943E-001
4.0149999999999366E+000	9.8617233094060897E-001
4.0199999999999365E+000	9.8695077801768683E-001
4.0249999999999364E+000	9.8772946060882538E-001
4.0299999999999363E+000	9.8850818965096976E-001
4.0349999999999362E+000	9.8928676248588765E-001
4.0399999999999361E+000	9.9006496850602521E-001
4.0449999999999360E+000	9.9084259403545194E-001
4.0499999999999359E+000	9.9161942616009824E-001
4.0549999999999358E+000	9.9239525568149567E-001
4.0599999999999357E+000	9.9316987917179445E-001
4.0649999999999356E+000	9.9394318936847637E-001
4.0699999999999354E+000	9.9471508736180803E-001
4.0749999999999353E+000	9.9548539417102355E-001
4.0799999999999352E+000	9.9625383343494489E-001
4.0849999999999351E+000	9.9702009461512420E-001
4.0899999999999350E+000	9.9778393429259316E-001
4.0949999999999349E+000	9.9854518945368254E-001
4.0949999999999349E+000	9.9854443960961015E-001
4.0999999999999348E+000	9.9930665782865347E-001
4.1049999999999347E+000	1.0000668733919233E+000
4.1099999999999346E+000	1.0008244328367535E+000
4.1149999999999345E+000	1.0015782896371193E+000
4.1199999999999344E+000	1.0023278725616034E+000
4.1249999999999343E+000	1.0030730678501398E+000
4.1299999999999342E+000	1.0038139347420321E+000
4.1349999999999341E+000	1.0045505309954978E+000
4.1399999999999340E+000	1.0052828715151008E+000
4.1449999999999338E+000	1.0060109482583597E+000
4.1499999999999337E+000	1.0067347553698902E+000
4.1549999999999336E+000	1.0074542978401837E+000
4.1599999999999335E+000	1.0081695870236727E+000
4.1649999999999334E+000	1.0088806296607249E+000
4.1699999999999333E+000	1.0095874176167661E+000
4.1749999999999332E+000	1.0102899196400110E+000
4.1799999999999331E+000	1.0109880775271520E+000
4.1849999999999330E+000	1.0116818064603117E+000
4.1899999999999329E+000	1.0123709981064353E+000
4.1949999999999328E+000	1.0130555258692640E+000
4.1999999999999327E+000	1.0137352506726436E+000
4.2049999999999326E+000	1.0144100262428655E+000
4.2099999999999325E+000	1.0150797041569164E+000
4.2149999999999324E+000	1.0157441372597518E+000
4.2199999999999322E+000	1.0164031828015423E+000
4.2249999999999321E+000	1.0170567038849008E+000
4.2299999999999320E+000	1.0177045706083807E+000
4.2349999999999319E+000	1.0183466601789670E+000
4.2399999999999318E+000	1.0189828565465757E+000
4.2449999999999317E+000	1.0196130499457272E+000
4.2499999999999316E+000	1.0202371361445244E+000
4.2549999999999315E+000	1.0208550159754552E+000
4.2599999999999314E+000	1.0214666158059846E+000
4.2649999999999313E+000	1.0220718186383686E+000
4.2699999999999312E+000	1.0226705032899068E+000
4.2749999999999311E+000	1.0232625948023737E+000
4.2799999999999310E+000	1.0238480450817291E+000
4.2849999999999309E+000	1.0244267945434256E+000
4.2899999999999308E+000	1.0249987620195491E+000
4.2949999999999307E+000	1.0255638551173551E+000
4.2999999999999305E+000	1.0261219808684783E+000
4.3049999999999304E+000	1.0266730507433250E+000
4.3099999999999303E+000	1.0272169816106125E+000
4.3149999999999302E+000	1.0277536962657592E+000
4.3199999999999301E+000	1.0282831230570211E+000
4.3249999999999300E+000	1.0288051942018970E+000
4.3299999999999299E+000	1.0293198424109853E+000
4.3349999999999298E+000	1.0298270025460095E+000
4.3399999999999297E+000	1.0303266119958363E+000
4.3449999999999296E+000	1.0308186097867682E+000
4.3499999999999295E+000	1.0313029359591059E+000
4.3549999999999294E+000	1.0317795303121020E+000
4.3599999999999293E+000	1.0322483324605698E+000
4.3649999999999292E+000	1.0327092817157411E+000
4.3699999999999291E+000	1.0331623174316138E+000
4.3749999999999289E+000	1.0336073792593168E+000
4.3799999999999288E+000	1.0340444077252029E+000
4.3849999999999287E+000	1.0344733446335799E+000
4.3899999999999286E+000	1.0348941336745081E+000
4.3949999999999285E+000	1.0353067206478110E+000
4.3999999999999284E+000	1.0357110538276999E+000
4.4049999999999283E+000	1.0361070841274662E+000
4.4099999999999282E+000	1.0364947652443157E+000
4.4149999999999281E+000	1.0368740535367222E+000
4.4199999999999280E+000	1.0372449080540949E+000
4.4249999999999279E+000	1.0376072904069220E+000
4.4299999999999278E+000	1.0379611647432196E+000
4.4349999999999277E+000	1.0383064977207217E+000
4.4399999999999276E+000	1.0386432581681253E+000
4.4449999999999275E+000	1.0389714170305866E+000
4.4499999999999273E+000	1.0392909470534586E+000
4.4549999999999272E+000	1.0396018228850621E+000
4.4599999999999271E+000	1.0399040208073140E+000
4.4649999999999270E+000	1.0401975188331907E+000
4.4699999999999269E+000	1.0404822963340914E+000
4.4749999999999268E+000	1.0407583341640403E+000
4.4799999999999267E+000	1.0410256146154824E+000
4.4849999999999266E+000	1.0412841215929363E+000
4.4899999999999265E+000	1.0415338405048251E+000
4.4949999999999264E+000	1.0417747583108599E+000
4.4999999999999263E+000	1.0420068634315744E+000
4.5049999999999262E+000	1.0422301456426988E+000
4.5099999999999261E+000	1.0424445963353945E+000
4.5149999999999260E+000	1.0426502090058369E+000
4.5199999999999259E+000	1.0428469783442507E+000
4.5249999999999257E+000	1.0430349002397676E+000
4.5299999999999256E+000	1.0432139720770592E+000
4.5349999999999255E+000	1.0433841933605350E+000
4.5399999999999254E+000	1.0435455616057574E+000
4.5449999999999253E+000	1.0436980790924872E+000
4.5499999999999252E+000	1.0438417538416043E+000
4.5549999999999251E+000	1.0439765955717235E+000
4.5599999999999250E+000	1.0441026138532463E+000
4.5649999999999249E+000	1.0442198188710066E+000
4.5699999999999248E+000	1.0443282222493269E+000
4.5749999999999247E+000	1.0444278371288658E+000
4.5799999999999246E+000	1.0445186782828664E+000
4.5849999999999245E+000	1.0446007619974387E+000
4.5899999999999244E+000	1.0446741061350797E+000
4.5949999999999243E+000	1.0447387302341475E+000
4.5999999999999241E+000	1.0447946561059325E+000
4.6049999999999240E+000	1.0448419073847921E+000
4.6099999999999239E+000	1.0448805092355153E+000
4.6149999999999238E+000	1.0449104901578905E+000
4.6199999999999237E+000	1.0449318795181097E+000
4.6249999999999236E+000	1.0449447071040594E+000
4.6299999999999235E+000	1.0449489881075200E+000
4.6349999999999234E+000	1.0449447563904601E+000
4.6399999999999233E+000	1.0449320515088374E+000
4.6449999999999232E+000	1.0449109074935059E+000
4.6499999999999231E+000	1.0448813572765412E+000
4.6549999999999230E+000	1.0448434425405995E+000
4.6599999999999229E+000	1.0447972083337627E+000
4.6649999999999228E+000	1.0447427012782429E+000
4.6699999999999227E+000	1.0446799687492048E+000
4.6749999999999226E+000	1.0446090587116925E+000
4.6799999999999224E+000	1.0445300196438299E+000
4.6849999999999223E+000	1.0444429008036653E+000
4.6899999999999222E+000	1.0443477521909017E+000
4.6949999999999221E+000	1.0442446248251431E+000
4.6999999999999220E+000	1.0441335706893506E+000
4.7049999999999219E+000	1.0440146429318775E+000
4.7099999999999218E+000	1.0438878959269544E+000
4.7149999999999217E+000	1.0437533850382525E+000
4.7199999999999216E+000	1.0436111669225183E+000
4.7249999999999215E+000	1.0434612993604551E+000
4.7299999999999214E+000	1.0433038413308200E+000
4.7349999999999213E+000	1.0431388530785928E+000
4.7399999999999212E+000	1.0429663958736644E+000
4.7449999999999211E+000	1.0427865323468382E+000
4.7499999999999210E+000	1.0425993261195010E+000
4.7549999999999208E+000	1.0424048420440650E+000
4.7599999999999207E+000	1.0422031461323662E+000
4.7649999999999206E+000	1.0419943054892780E+000
4.7699999999999205E+000	1.0417783961639864E+000
4.7749999999999204E+000	1.0415554863329430E+000
4.7799999999999203E+000	1.0413256417740724E+000
4.7849999999999202E+000	1.0410889306348010E+000
4.7899999999999201E+000	1.0408454236507030E+000
4.7949999999999200E+000	1.0405951934877216E+000
4.7999999999999199E+000	1.0403383144845495E+000
4.8049999999999198E+000	1.0400748622466454E+000
4.8099999999999197E+000	1.0398049133152414E+000
4.8149999999999196E+000	1.0395285454179661E+000
4.8199999999999195E+000	1.0392458370411557E+000
4.8249999999999194E+000	1.0389568677305896E+000
4.8299999999999192E+000	1.0386617176474360E+000
4.8349999999999191E+000	1.0383604678271356E+000
4.8399999999999190E+000	1.0380532000048477E+000
4.8449999999999189E+000	1.0377399967458003E+000
4.8499999999999188E+000	1.0374209411882696E+000
4.8549999999999187E+000	1.0370961172202890E+000
4.8599999999999186E+000	1.0367656095053455E+000
4.8649999999999185E+000	1.0364295033198951E+000
4.8699999999999184E+000	1.0360878846196666E+000
4.8749999999999183E+000	1.0357408400853367E+000
4.8799999999999182E+000	1.0353884570481222E+000
4.8849999999999181E+000	1.0350308234915775E+000
4.8899999999999180E+000	1.0346680280371900E+000
4.8949999999999179E+000	1.0343001600308181E+000
4.8999999999999178E+000	1.0339273094455204E+000
4.9049999999999176E+000	1.0335495666538921E+000
4.9099999999999175E+000	1.0331670228636547E+000
4.9149999999999174E+000	1.0327797696965995E+000
4.9199999999999173E+000	1.0323878994573459E+000
4.9249999999999172E+000	1.0319915048758386E+000
4.9299999999999171E+000	1.0315906791695548E+000
4.9349999999999170E+000	1.0311855162634003E+000
4.9399999999999169E+000	1.0307761101717479E+000
4.9449999999999168E+000	1.0303625558394720E+000
4.9499999999999167E+000	1.0299449481300571E+000
4.9549999999999166E+000	1.0295233826080727E+000
4.9599999999999165E+000	1.0290979552309882E+000
4.9649999999999164E+000	1.0286687621675372E+000
4.9699999999999163E+000	1.0282358997683025E+000
4.9749999999999162E+000	1.0277994651956961E+000
4.9799999999999160E+000	1.0273595557687996E+000
4.9849999999999159E+000	1.0269162688763511E+000
4.9899999999999158E+000	1.0264697021658216E+000
4.9949999999999157E+000	1.0260199535810055E+000
4.9999999999999156E+000	1.0255671212343453E+000
5.0049999999999155E+000	1.0251113035012533E+000
5.0099999999999154E+000	1.0246525989927027E+000
5.0149999999999153E+000	1.0241911064434972E+000
5.0199999999999152E+000	1.0237269247603988E+000
5.0249999999999151E+000	1.0232601529245540E+000
5.0299999999999150E+000	1.0227908900081459E+000
5.0349999999999149E+000	1.0223192351946928E+000
5.0399999999999148E+000	1.0218452876807027E+000
5.0449999999999147E+000	1.0213691466905708E+000
5.0499999999999146E+000	1.0208909115955471E+000
5.0549999999999145E+000	1.0204106816704659E+000
5.0599999999999143E+000	1.0199285561677409E+000
5.0649999999999142E+000	1.0194446343194785E+000
5.0699999999999141E+000	1.0189590153503083E+000
5.0749999999999140E+000	1.0184717984074050E+000
5.0799999999999139E+000	1.0179830825317877E+000
5.0849999999999138E+000	1.0174929666962869E+000
5.0899999999999137E+000	1.0170015497281040E+000
5.0949999999999136E+000	1.0165089303406121E+000
5.0999999999999135E+000	1.0160152071137909E+000
5.1049999999999134E+000	1.0155204783405454E+000
5.1099999999999133E+000	1.0150248422905337E+000
5.1149999999999132E+000	1.0145283967949914E+000
5.1199999999999131E+000	1.0140312398908997E+000
5.1249999999999130E+000	1.0135334687678696E+000
5.1299999999999129E+000	1.0130351809470195E+000
5.1349999999999127E+000	1.0125364732258810E+000
5.1399999999999126E+000	1.0120374423078320E+000
5.1449999999999125E+000	1.0115381847141529E+000
5.1499999999999124E+000	1.0110387963316261E+000
5.1549999999999123E+000	1.0105393729231689E+000
5.1599999999999122E+000	1.0100400098394808E+000
5.1649999999999121E+000	1.0095408020407288E+000
5.1699999999999120E+000	1.0090418441149960E+000
5.1749999999999119E+000	1.0085432302779060E+000
5.1799999999999118E+000	1.0080450542304062E+000
5.1849999999999117E+000	1.0075474093075032E+000
5.1899999999999116E+000	1.0070503883838617E+000
5.1949999999999115E+000	1.0065540838520941E+000
5.1999999999999114E+000	1.0060585875802863E+000
5.2049999999999113E+000	1.0055639911245651E+000
5.2099999999999111E+000	1.0050703852005816E+000
5.2149999999999110E+000	1.0045778603577920E+000
5.2199999999999109E+000	1.0040865062807338E+000
5.2249999999999108E+000	1.0035964121033136E+000
5.2299999999999107E+000	1.0031076656028626E+000
5.2349999999999106E+000	1.0026203536812537E+000
5.2399999999999105E+000	1.0021345642035908E+000
5.2449999999999104E+000	1.0016503846272435E+000
5.2499999999999103E+000	1.0011679006658258E+000
5.2549999999999102E+000	1.0006871975425207E+000
5.2599999999999101E+000	1.0002083602403915E+000
5.2649999999999100E+000	9.9973147331185475E-001
5.2699999999999099E+000	9.9925660405578109E-001
5.2749999999999098E+000	9.9878382250796860E-001
5.2799999999999097E+000	9.9831318082531972E-001
5.2849999999999095E+000	9.9784474215164931E-001
5.2899999999999094E+000	9.9737859308659327E-001
5.2949999999999093E+000	9.9691482905187745E-001
5.2999999999999092E+000	9.9645354257777108E-001
5.3049999999999091E+000	9.9599482292468844E-001
5.3099999999999090E+000	9.9553875946463566E-001
5.3149999999999089E+000	9.9508544463702098E-001
5.3199999999999088E+000	9.9463498082658486E-001
5.3249999999999087E+000	9.9418746970045913E-001
5.3299999999999086E+000	9.9374299318562809E-001
5.3349999999999085E+000	9.9330161641801751E-001
5.3399999999999084E+000	9.9286334632877338E-001
5.3449999999999083E+000	9.9242822849092938E-001
5.3499999999999082E+000	9.9199632948623906E-001
5.3549999999999081E+000	9.9156763253596347E-001
5.3599999999999079E+000	9.9114224233213166E-001
5.3649999999999078E+000	9.9072036089350046E-001
5.3699999999999077E+000	9.9030214981101194E-001
5.3749999999999076E+000	9.8988770059418152E-001
5.3799999999999075E+000	9.8947705819499210E-001
5.3849999999999074E+000	9.8907024914785846E-001
5.3899999999999073E+000	9.8866729784568030E-001
5.3949999999999072E+000	9.8826823214783044E-001
5.3999999999999071E+000	9.8787308483418546E-001
5.4049999999999070E+000	9.8748189347765059E-001
5.4099999999999069E+000	9.8709470083121509E-001
5.4149999999999068E+000	9.8671155451351589E-001
5.4199999999999067E+000	9.8633250674007078E-001
5.4249999999999066E+000	9.8595761301256157E-001
5.4299999999999065E+000	9.8558693169690870E-001
5.4349999999999064E+000	9.8522052285755080E-001
5.4399999999999062E+000	9.8485844755736340E-001
5.4449999999999061E+000	9.8450076681284671E-001
5.4499999999999060E+000	9.8414754107710067E-001
5.4549999999999059E+000	9.8379882967098331E-001
5.4599999999999058E+000	9.8345469031127764E-001
5.4649999999999057E+000	9.8311517915641078E-001
5.4699999999999056E+000	9.8278034980474871E-001
5.4749999999999055E+000	9.8245025400300490E-001
5.4799999999999054E+000	9.8212494119207028E-001
5.4849999999999053E+000	9.8180445889624457E-001
5.4899999999999052E+000	9.8148885360428417E-001
5.4949999999999051E+000	9.8117816887810827E-001
5.4999999999999050E+000	9.8087244688569919E-001
5.5049999999999049E+000	9.8057172783348068E-001
5.5099999999999048E+000	9.8027604981349781E-001
5.5149999999999046E+000	9.7998544884886574E-001
5.5199999999999045E+000	9.7969995929941023E-001
5.5249999999999044E+000	9.7941961405455347E-001
5.5299999999999043E+000	9.7914444496844821E-001
5.5349999999999042E+000	9.7887448261504040E-001
5.5399999999999041E+000	9.7860975669850558E-001
5.5449999999999040E+000	9.7835029565898224E-001
5.5499999999999039E+000	9.7809612706781079E-001
5.5549999999999038E+000	9.7784727727768617E-001
5.5599999999999037E+000	9.7760377162292456E-001
5.5649999999999036E+000	9.7736563439222202E-001
5.5699999999999035E+000	9.7713288897233364E-001
5.5749999999999034E+000	9.7690555740980345E-001
5.5799999999999033E+000	9.7668366113826233E-001
5.5849999999999032E+000	9.7646722013613951E-001
5.5899999999999030E+000	9.7625625364296309E-001
5.5949999999999029E+000	9.7605077972324017E-001
5.5999999999999028E+000	9.7585081542752650E-001
5.6049999999999027E+000	9.7565637664438065E-001
5.6099999999999026E+000	9.7546747836250147E-001
5.6149999999999025E+000	9.7528413428125371E-001
5.6199999999999024E+000	9.7510635704517257E-001
5.6249999999999023E+000	9.7493415827836971E-001
5.6299999999999022E+000	9.7476754849423286E-001
5.6349999999999021E+000	9.7460653714250212E-001
5.6399999999999020E+000	9.7445113245035619E-001
5.6449999999999019E+000	9.7430134182522243E-001
5.6499999999999018E+000	9.7415717180753580E-001
5.6549999999999017E+000	9.7401862779394688E-001
5.6599999999999016E+000	9.7388571416414804E-001
5.6649999999999014E+000	9.7375843382642591E-001
5.6699999999999013E+000	9.7363678842905288E-001
5.6749999999999012E+000	9.7352077851520225E-001
5.6799999999999011E+000	9.7341040370414877E-001
5.6849999999999010E+000	9.7330566241605476E-001
5.6899999999999009E+000	9.7320655183746640E-001
5.6949999999999008E+000	9.7311306829218613E-001
5.6999999999999007E+000	9.7302520694108352E-001
5.7049999999999006E+000	9.7294296210290898E-001
5.7099999999999005E+000	9.7286632723309308E-001
5.7149999999999004E+000	9.7279529455221725E-001
5.7199999999999003E+000	9.7272985524168742E-001
5.7249999999999002E+000	9.7266999915538688E-001
5.7299999999999001E+000	9.7261563172963861E-001
5.7349999999999000E+000	9.7256678641163319E-001
5.7399999999998998E+000	9.7252355498446053E-001
5.7449999999998997E+000	9.7248594738301031E-001
5.7499999999998996E+000	9.7245390402871235E-001
5.7549999999998995E+000	9.7242736614678305E-001
5.7599999999998994E+000	9.7240629344947205E-001
5.7649999999998993E+000	9.7239065673677705E-001
5.7699999999998992E+000	9.7238043171120792E-001
5.7749999999998991E+000	9.7237559657676931E-001
5.7799999999998990E+000	9.7237613237633380E-001
5.7849999999998989E+000	9.7238202105358307E-001
5.7899999999998988E+000	9.7239324517162395E-001
5.7949999999998987E+000	9.7240978481118434E-001
5.7999999999998986E+000	9.7243161997927774E-001
5.8049999999998985E+000	9.7245873037506447E-001
5.8099999999998984E+000	9.7249109493196240E-001
5.8149999999998983E+000	9.7252869095308792E-001
5.8199999999998981E+000	9.7257149388968389E-001
5.8249999999998980E+000	9.7261947682398686E-001
5.8299999999998979E+000	9.7267261080301282E-001
5.8349999999998978E+000	9.7273086777349027E-001
5.8399999999998977E+000	9.7279418459827316E-001
5.8449999999998976E+000	9.7286253913691989E-001
5.8499999999998975E+000	9.7293588825163624E-001
5.8549999999998974E+000	9.7301427606544011E-001
5.8599999999998973E+000	9.7309764084416650E-001
5.8649999999998972E+000	9.7318591538173416E-001
5.8699999999998971E+000	9.7327904078796046E-001
5.8749999999998970E+000	9.7337696989985401E-001
5.8799999999998969E+000	9.7347966713694500E-001
5.8849999999998968E+000	9.7358710168322959E-001
5.8899999999998967E+000	9.7369924181207279E-001
5.8949999999998965E+000	9.7381605267243843E-001
5.8999999999998964E+000	9.7393749578059019E-001
5.9049999999998963E+000	9.7406352964092435E-001
5.9099999999998962E+000	9.7419410972299059E-001
5.9149999999998961E+000	9.7432918964649140E-001
5.9199999999998960E+000	9.7446872136339902E-001
5.9249999999998959E+000	9.7461265571045108E-001
5.9299999999998958E+000	9.7476094310286454E-001
5.9349999999998957E+000	9.7491353345625942E-001
5.9399999999998956E+000	9.7507037661132501E-001
5.9449999999998955E+000	9.7523142275756258E-001
5.9499999999998954E+000	9.7539662192867915E-001
5.9549999999998953E+000	9.7556592443660617E-001
5.9599999999998952E+000	9.7573928059385484E-001
5.9649999999998951E+000	9.7591664063869143E-001
5.9699999999998949E+000	9.7609795473137173E-001
5.9749999999998948E+000	9.7628317262218056E-001
5.9799999999998947E+000	9.7647224377001285E-001
5.9849999999998946E+000	9.7666511714588111E-001
5.9899999999998945E+000	9.7686174114267998E-001
5.9949999999998944E+000	9.7706206363761083E-001
5.9999999999998943E+000	9.7726603181616223E-001
6.0049999999998942E+000	9.7747359228625263E-001
6.0099999999998941E+000	9.7768469098219091E-001
6.0149999999998940E+000	9.7789927323972592E-001
6.0199999999998939E+000	9.7811728378375373E-001
6.0249999999998938E+000	9.7833866675647019E-001
6.0299999999998937E+000	9.7856336581573955E-001
6.0349999999998936E+000	9.7879132397114821E-001
6.0399999999998935E+000	9.7902248397799674E-001
6.0449999999998933E+000	9.7925678791335191E-001
6.0499999999998932E+000	9.7949417759208512E-001
6.0549999999998931E+000	9.7973459430096399E-001
6.0599999999998930E+000	9.7997797922957386E-001
6.0649999999998929E+000	9.8022427293608749E-001
6.0699999999998928E+000	9.8047341577509173E-001
6.0749999999998927E+000	9.8072534789490362E-001
6.0799999999998926E+000	9.8098000898936133E-001
6.0849999999998925E+000	9.8123733868067597E-001
6.0899999999998924E+000	9.8149727608675352E-001
6.0949999999998923E+000	9.8175976044286062E-001
6.0999999999998922E+000	9.8202473038743898E-001
6.1049999999998921E+000	9.8229212455772075E-001
6.1099999999998920E+000	9.8256188136800526E-001
6.1149999999998919E+000	9.8283394056730056E-001
6.1199999999998917E+000	9.8310824066557789E-001
6.1249999999998916E+000	9.8338471781022085E-001
6.1299999999998915E+000	9.8366330833310012E-001
6.1349999999998914E+000	9.8394394923675976E-001
6.1399999999998913E+000	9.8422657808576886E-001
6.1449999999998912E+000	9.8451113272896229E-001
6.1499999999998911E+000	9.8479755081884313E-001
6.1549999999998910E+000	9.8508576994248109E-001
6.1599999999998909E+000	9.8537572744839919E-001
6.1649999999998908E+000	9.8566736052399029E-001
6.1699999999998907E+000	9.8596060602739644E-001
6.1749999999998906E+000	9.8625540080651708E-001
6.1749999999998906E+000	9.8614734015702943E-001
6.1799999999998905E+000	9.8646493698675319E-001
6.1849999999998904E+000	9.8678567944591455E-001
6.1899999999998903E+000	9.8710835955557830E-001
6.1949999999998902E+000	9.8743001558442645E-001
6.1999999999998900E+000	9.8774883044805595E-001
6.2049999999998899E+000	9.8806429218504754E-001
6.2099999999998898E+000	9.8837669362061542E-001
6.2149999999998897E+000	9.8868668592947184E-001
6.2199999999998896E+000	9.8899499753329900E-001
6.2249999999998895E+000	9.8930229102444112E-001
6.2299999999998894E+000	9.8960910896989951E-001
6.2349999999998893E+000	9.8991586497271478E-001
6.2399999999998892E+000	9.9022285486553852E-001
6.2449999999998891E+000	9.9053027455550269E-001
6.2499999999998890E+000	9.9083823919820602E-001
6.2549999999998889E+000	9.9114680250620302E-001
6.2599999999998888E+000	9.9145597258598250E-001
6.2649999999998887E+000	9.9176572579428190E-001
6.2699999999998886E+000	9.9207601725608185E-001
6.2749999999998884E+000	9.9238678856849338E-001
6.2799999999998883E+000	9.9269797369994739E-001
6.2849999999998882E+000	9.9300950262614252E-001
6.2899999999998881E+000	9.9332130401215579E-001
6.2949999999998880E+000	9.9363330636519120E-001
6.2999999999998879E+000	9.9394542751213244E-001
6.3049999999998878E+000	9.9425758591233482E-001
6.3099999999998877E+000	9.9456972009679612E-001
6.3149999999998876E+000	9.9488178194867083E-001
6.3199999999998875E+000	9.9519371541290713E-001
6.3249999999998874E+000	9.9550551349783745E-001
6.3299999999998873E+000	9.9581717908561873E-001
6.3349999999998872E+000	9.9612860839064021E-001
6.3399999999998871E+000	9.9643963267952285E-001
6.3449999999998870E+000	9.9675011118731582E-001
6.3499999999998868E+000	9.9705995342038700E-001
6.3549999999998867E+000	9.9736910159817205E-001
6.3599999999998866E+000	9.9767750910828512E-001
6.3649999999998865E+000	9.9798525500084434E-001
6.3699999999998864E+000	9.9829234602990080E-001
6.3749999999998863E+000	9.9859863047249231E-001
6.3799999999998862E+000	9.9890395858197523E-001
6.3849999999998861E+000	9.9920825183063644E-001
6.3899999999998860E+000	9.9951147128084150E-001
6.3949999999998859E+000	9.9981359875724396E-001
6.3999999999998858E+000	1.0001146118721322E+000
6.4049999999998857E+000	1.0004144861420912E+000
6.4099999999998856E+000	1.0007131676672414E+000
6.4149999999998855E+000	1.0010106050594780E+000
6.4199999999998854E+000	1.0013067230962300E+000
6.4249999999998852E+000	1.0016014377884146E+000
6.4299999999998851E+000	1.0018946754465097E+000
6.4349999999998850E+000	1.0021863752838944E+000
6.4399999999998849E+000	1.0024764848280614E+000
6.4449999999998848E+000	1.0027649588912033E+000
6.4499999999998847E+000	1.0030517576946933E+000
6.4549999999998846E+000	1.0033368465732075E+000
6.4599999999998845E+000	1.0036201938079463E+000
6.4649999999998844E+000	1.0039017675056492E+000
6.4699999999998843E+000	1.0041815333125332E+000
6.4749999999998842E+000	1.0044594515853285E+000
6.4799999999998841E+000	1.0047354780725053E+000
6.4849999999998840E+000	1.0050095644814756E+000
6.4899999999998839E+000	1.0052816585677493E+000
6.4949999999998838E+000	1.0055517038025670E+000
6.4999999999998836E+000	1.0058196416716032E+000
6.5049999999998835E+000	1.0060854142985636E+000
6.5099999999998834E+000	1.0063489652195865E+000
6.5149999999998833E+000	1.0066102396842840E+000
6.5199999999998832E+000	1.0068691850480658E+000
6.5249999999998831E+000	1.0071257516919752E+000
6.5299999999998830E+000	1.0073798932983713E+000
6.5349999999998829E+000	1.0076315665726034E+000
6.5399999999998828E+000	1.0078807312090086E+000
6.5449999999998827E+000	1.0081273498414420E+000
6.5499999999998826E+000	1.0083713871128144E+000
6.5549999999998825E+000	1.0086128095924791E+000
6.5599999999998824E+000	1.0088515856783997E+000
6.5649999999998823E+000	1.0090876851979464E+000
6.5699999999998822E+000	1.0093210788271869E+000
6.5749999999998820E+000	1.0095517379618542E+000
6.5799999999998819E+000	1.0097796345248435E+000
6.5849999999998818E+000	1.0100047407624433E+000
6.5899999999998817E+000	1.0102270293082567E+000
6.5949999999998816E+000	1.0104464729314127E+000
6.5999999999998815E+000	1.0106630445645854E+000
6.6049999999998814E+000	1.0108767171000865E+000
6.6099999999998813E+000	1.0110874632621487E+000
6.6149999999998812E+000	1.0112952562752997E+000
6.6199999999998811E+000	1.0115000699561081E+000
6.6249999999998810E+000	1.0117018785417395E+000
6.6299999999998809E+000	1.0119006568123359E+000
6.6349999999998808E+000	1.0120963799816582E+000
6.6399999999998807E+000	1.0122890235122985E+000
6.6449999999998806E+000	1.0124785636305200E+000
6.6499999999998805E+000	1.0126649766577198E+000
6.6549999999998803E+000	1.0128482396529996E+000
6.6599999999998802E+000	1.0130283300017129E+000
6.6649999999998801E+000	1.0132052257327144E+000
6.6699999999998800E+000	1.0133789053653754E+000
6.6749999999998799E+000	1.0135493480882998E+000
6.6799999999998798E+000	1.0137165335504630E+000
6.6849999999998797E+000	1.0138804421420382E+000
6.6899999999998796E+000	1.0140410548176939E+000
6.6949999999998795E+000	1.0141983532403875E+000
6.6999999999998794E+000	1.0143523196478741E+000
6.7049999999998793E+000	1.0145029369653571E+000
6.7099999999998792E+000	1.0146501888316735E+000
6.7149999999998791E+000	1.0147940595367237E+000
6.7199999999998790E+000	1.0149345341274594E+000
6.7249999999998789E+000	1.0150715983602612E+000
6.7299999999998787E+000	1.0152052386138912E+000
6.7349999999998786E+000	1.0153354421614642E+000
6.7399999999998785E+000	1.0154621969287638E+000
6.7449999999998784E+000	1.0155854915400915E+000
6.7499999999998783E+000	1.0157053155182054E+000
6.7549999999998782E+000	1.0158216589553941E+000
6.7599999999998781E+000	1.0159345128566817E+000
6.7649999999998780E+000	1.0160438688588362E+000
6.7699999999998779E+000	1.0161497359537690E+000
6.7749999999998778E+000	1.0162520831157538E+000
6.7799999999998777E+000	1.0163508766228404E+000
6.7849999999998776E+000	1.0164461237101563E+000
6.7899999999998775E+000	1.0165378538793197E+000
6.7949999999998774E+000	1.0166260834450647E+000
6.7999999999998773E+000	1.0167108061579719E+000
6.8049999999998771E+000	1.0167920040053051E+000
6.8099999999998770E+000	1.0168696578590950E+000
6.8149999999998769E+000	1.0169437528851792E+000
6.8199999999998768E+000	1.0170142804420514E+000
6.8249999999998767E+000	1.0170812383110972E+000
6.8299999999998766E+000	1.0171446305174729E+000
6.8349999999998765E+000	1.0172044656832699E+000
6.8399999999998764E+000	1.0172607556054185E+000
6.8449999999998763E+000	1.0173135132298818E+000
6.8499999999998762E+000	1.0173627512830252E+000
6.8549999999998761E+000	1.0174084813965809E+000
6.8599999999998760E+000	1.0174507135402240E+000
6.8649999999998759E+000	1.0174894559062917E+000
6.8699999999998758E+000	1.0175247146578452E+000
6.8749999999998757E+000	1.0175564948958362E+000
6.8799999999998755E+000	1.0175848006790327E+000
6.8849999999998754E+000	1.0176096356649005E+000
6.8899999999998753E+000	1.0176310040459420E+000
6.8949999999998752E+000	1.0176489104059823E+000
6.8999999999998751E+000	1.0176633606649932E+000
6.9049999999998750E+000	1.0176743619126478E+000
6.9099999999998749E+000	1.0176819221787450E+000
6.9149999999998748E+000	1.0176860486843871E+000
6.9199999999998747E+000	1.0176867526685829E+000
6.9249999999998746E+000	1.0176840473986202E+000
6.9299999999998745E+000	1.0176779474527002E+000
6.9349999999998744E+000	1.0176684663290811E+000
6.9399999999998743E+000	1.0176556188952102E+000
6.9449999999998742E+000	1.0176394229209644E+000
6.9499999999998741E+000	1.0176198980880957E+000
6.9549999999998739E+000	1.0175970651235406E+000
6.9599999999998738E+000	1.0175709453076520E+000
6.9649999999998737E+000	1.0175415600126583E+000
6.9699999999998736E+000	1.0175089309177019E+000
6.9749999999998735E+000	1.0174730797016227E+000
6.9799999999998734E+000	1.0174340280715750E+000
6.9849999999998733E+000	1.0173917978981630E+000
6.9899999999998732E+000	1.0173464109193731E+000
6.9949999999998731E+000	1.0172978889568209E+000
6.9999999999998730E+000	1.0172462543824317E+000

 
