Grouping:OscillatingDroplet3D
# x 	 y
0.0000000000000000E+000	1.7800400293993954E+000
0.0000000000000000E+000	1.7821302238518779E+000
0.0000000000000000E+000	1.7821202301756989E+000
5.0000000000000001E-003	1.7820725789681808E+000
1.0000000000000000E-002	1.7818106540459144E+000
1.4999999999999999E-002	1.7812390757672389E+000
2.0000000000000000E-002	1.7803613127548812E+000
2.5000000000000001E-002	1.7792115237678554E+000
3.0000000000000002E-002	1.7778201427129585E+000
3.5000000000000003E-002	1.7762129750377957E+000
4.0000000000000001E-002	1.7744122478435018E+000
4.4999999999999998E-002	1.7724373961893722E+000
4.9999999999999996E-002	1.7703054230030382E+000
5.4999999999999993E-002	1.7680308797064217E+000
5.9999999999999991E-002	1.7656261929575394E+000
6.4999999999999988E-002	1.7631018973415884E+000
6.9999999999999993E-002	1.7602424141774073E+000
7.4999999999999997E-002	1.7574940069664429E+000
8.0000000000000002E-002	1.7546584229458939E+000
8.5000000000000006E-002	1.7517329853775445E+000
9.0000000000000011E-002	1.7487257087400083E+000
9.5000000000000015E-002	1.7456419663801683E+000
1.0000000000000002E-001	1.7424858025338983E+000
1.0500000000000002E-001	1.7392606492694713E+000
1.1000000000000003E-001	1.7359699595571660E+000
1.1500000000000003E-001	1.7326172107047262E+000
1.2000000000000004E-001	1.7292061033939943E+000
1.2500000000000003E-001	1.7257402488846600E+000
1.3000000000000003E-001	1.7221639707158816E+000
1.3500000000000004E-001	1.7186006091709125E+000
1.4000000000000004E-001	1.7149895134628810E+000
1.4500000000000005E-001	1.7113368217707587E+000
1.5000000000000005E-001	1.7076503062072086E+000
1.5500000000000005E-001	1.7038492000837526E+000
1.6000000000000006E-001	1.7001204306712814E+000
1.6500000000000006E-001	1.6963504184087066E+000
1.7000000000000007E-001	1.6925445059215329E+000
1.7500000000000007E-001	1.6887098221118109E+000
1.8000000000000008E-001	1.6848496925725751E+000
1.8500000000000008E-001	1.6809647112846839E+000
1.9000000000000009E-001	1.6768366747336434E+000
1.9500000000000009E-001	1.6729687425845210E+000
2.0000000000000009E-001	1.6690384247312031E+000
2.0500000000000010E-001	1.6648745696445346E+000
2.1000000000000010E-001	1.6609478387982488E+000
2.1500000000000011E-001	1.6569663982549803E+000
2.2000000000000011E-001	1.6529529191660983E+000
2.2500000000000012E-001	1.6489131261473011E+000
2.3000000000000012E-001	1.6448490553179078E+000
2.3500000000000013E-001	1.6407607384446337E+000
2.4000000000000013E-001	1.6366476919958708E+000
2.4500000000000013E-001	1.6325098548320169E+000
2.5000000000000011E-001	1.6283479045606224E+000
2.5500000000000012E-001	1.6241631527654288E+000
2.6000000000000012E-001	1.6199571289317283E+000
2.6500000000000012E-001	1.6157314050770206E+000
2.7000000000000013E-001	1.6114874729239714E+000
2.7500000000000013E-001	1.6072266452826121E+000
2.8000000000000014E-001	1.6029505639337431E+000
2.8500000000000014E-001	1.5986597078147033E+000
2.9000000000000015E-001	1.5943540145927226E+000
2.9500000000000015E-001	1.5900333165522311E+000
3.0000000000000016E-001	1.5856976650977586E+000
3.0500000000000016E-001	1.5813470273988037E+000
3.1000000000000016E-001	1.5769811262546365E+000
3.1500000000000017E-001	1.5726004366057089E+000
3.2000000000000017E-001	1.5682040135517452E+000
3.2500000000000018E-001	1.5637911172691068E+000
3.3000000000000018E-001	1.5593614981614148E+000
3.3500000000000019E-001	1.5549139371763978E+000
3.4000000000000019E-001	1.5504472814610719E+000
3.4500000000000020E-001	1.5449554246010555E+000
3.5000000000000020E-001	1.5406323018937651E+000
3.5500000000000020E-001	1.5363127807436796E+000
3.6000000000000021E-001	1.5318286331763309E+000
3.6500000000000021E-001	1.5273430378821415E+000
3.7000000000000022E-001	1.5228139229710025E+000
3.7500000000000022E-001	1.5182573786805764E+000
3.8000000000000023E-001	1.5136598331363806E+000
3.8500000000000023E-001	1.5090148652181379E+000
3.9000000000000024E-001	1.5043204512755883E+000
3.9500000000000024E-001	1.4995720291542520E+000
4.0000000000000024E-001	1.4946957687425821E+000
4.0500000000000025E-001	1.4898411653167178E+000
4.1000000000000025E-001	1.4849783778134533E+000
4.1500000000000026E-001	1.4800828563826713E+000
4.2000000000000026E-001	1.4751446747189403E+000
4.2500000000000027E-001	1.4701609410892178E+000
4.3000000000000027E-001	1.4651325594734268E+000
4.3500000000000028E-001	1.4603455824921625E+000
4.4000000000000028E-001	1.4550400716502563E+000
4.4500000000000028E-001	1.4497389268778154E+000
4.5000000000000029E-001	1.4447516368601623E+000
4.5500000000000029E-001	1.4392582856457778E+000
4.6000000000000030E-001	1.4338010642575005E+000
4.6500000000000030E-001	1.4283503234496440E+000
4.7000000000000031E-001	1.4232501161149083E+000
4.7500000000000031E-001	1.4176560388056467E+000
4.8000000000000032E-001	1.4122306784650240E+000
4.8500000000000032E-001	1.4065546596095642E+000
4.9000000000000032E-001	1.4010129065750607E+000
4.9500000000000033E-001	1.3960892875850590E+000
5.0000000000000033E-001	1.3901243948431776E+000
5.0500000000000034E-001	1.3842138440109983E+000
5.1000000000000034E-001	1.3782870086308803E+000
5.1500000000000035E-001	1.3726059498504577E+000
5.2000000000000035E-001	1.3663929540177724E+000
5.2500000000000036E-001	1.3602870143483741E+000
5.3000000000000036E-001	1.3542000250576958E+000
5.3500000000000036E-001	1.3480956290003954E+000
5.4000000000000037E-001	1.3419591950120724E+000
5.4500000000000037E-001	1.3357844394445875E+000
5.5000000000000038E-001	1.3299802181325546E+000
5.5500000000000038E-001	1.3235409416652324E+000
5.6000000000000039E-001	1.3171489194102624E+000
5.6500000000000039E-001	1.3107417957540823E+000
5.7000000000000040E-001	1.3045950554715433E+000
5.7500000000000040E-001	1.2979957001629421E+000
5.8000000000000040E-001	1.2916670546455442E+000
5.8500000000000041E-001	1.2850856186497639E+000
5.9000000000000041E-001	1.2784843432667627E+000
5.9500000000000042E-001	1.2718417088571565E+000
6.0000000000000042E-001	1.2651541210213169E+000
6.0500000000000043E-001	1.2584261661327552E+000
6.1000000000000043E-001	1.2516672506144546E+000
6.1500000000000044E-001	1.2448827001997000E+000
6.2000000000000044E-001	1.2380731239250409E+000
6.2500000000000044E-001	1.2313218217592541E+000
6.3000000000000045E-001	1.2244779109274275E+000
6.3500000000000045E-001	1.2176527714537244E+000
6.4000000000000046E-001	1.2107722654041719E+000
6.4500000000000046E-001	1.2038773123698185E+000
6.5000000000000047E-001	1.1970554792695665E+000
6.5500000000000047E-001	1.1901482136280581E+000
6.6000000000000048E-001	1.1833874348764164E+000
6.6500000000000048E-001	1.1765008665311156E+000
6.7000000000000048E-001	1.1695819990356511E+000
6.7500000000000049E-001	1.1626572231324688E+000
6.8000000000000049E-001	1.1557379327498845E+000
6.8500000000000050E-001	1.1488195063136117E+000
6.9000000000000050E-001	1.1419087195528472E+000
6.9500000000000051E-001	1.1350067361577683E+000
7.0000000000000051E-001	1.1286122414386277E+000
7.0500000000000052E-001	1.1217525756508677E+000
7.1000000000000052E-001	1.1148695594628881E+000
7.1500000000000052E-001	1.1080950538272696E+000
7.2000000000000053E-001	1.1012909169683738E+000
7.2500000000000053E-001	1.0944492379862518E+000
7.3000000000000054E-001	1.0877715028479722E+000
7.3500000000000054E-001	1.0812416119171080E+000
7.4000000000000055E-001	1.0744090119594112E+000
7.4500000000000055E-001	1.0677699930413327E+000
7.5000000000000056E-001	1.0611057648912454E+000
7.5500000000000056E-001	1.0544708095253863E+000
7.6000000000000056E-001	1.0478726261853608E+000
7.6500000000000057E-001	1.0413125269410837E+000
7.7000000000000057E-001	1.0347930508442011E+000
7.7500000000000058E-001	1.0283161467085995E+000
7.8000000000000058E-001	1.0218836720403544E+000
7.8500000000000059E-001	1.0154981219068566E+000
7.9000000000000059E-001	1.0091624838807132E+000
7.9500000000000060E-001	1.0028792848711507E+000
8.0000000000000060E-001	9.9665079261458822E-001
8.0500000000000060E-001	9.9047905169929762E-001
8.1000000000000061E-001	9.8436523050477054E-001
8.1500000000000061E-001	9.7849954636433512E-001
8.2000000000000062E-001	9.7247741588522774E-001
8.2500000000000062E-001	9.6652546936064221E-001
8.3000000000000063E-001	9.6072996504913011E-001
8.3500000000000063E-001	9.5491345748622203E-001
8.4000000000000064E-001	9.4921873033176341E-001
8.4500000000000064E-001	9.4349743231480787E-001
8.5000000000000064E-001	9.3777198252997174E-001
8.5500000000000065E-001	9.3207254921477323E-001
8.6000000000000065E-001	9.2642269940338051E-001
8.6500000000000066E-001	9.2083896738380921E-001
8.7000000000000066E-001	9.1533159363977279E-001
8.7500000000000067E-001	9.0990633532705756E-001
8.8000000000000067E-001	9.0481226738176779E-001
8.8500000000000068E-001	8.9953576135785940E-001
8.9000000000000068E-001	8.9434581667478841E-001
8.9500000000000068E-001	8.8922589689950771E-001
9.0000000000000069E-001	8.8419035851950767E-001
9.0500000000000069E-001	8.7924946559295170E-001
9.1000000000000070E-001	8.7440683465495783E-001
9.1500000000000070E-001	8.6966139139831644E-001
9.2000000000000071E-001	8.6500927887611034E-001
9.2500000000000071E-001	8.6044495752688532E-001
9.3000000000000071E-001	8.5596210317964683E-001
9.3500000000000072E-001	8.5203923004368254E-001
9.4000000000000072E-001	8.4761132828772412E-001
9.4500000000000073E-001	8.4329126832601897E-001
9.5000000000000073E-001	8.3898350271813971E-001
9.5500000000000074E-001	8.3470288888453892E-001
9.6000000000000074E-001	8.3047246458054824E-001
9.6500000000000075E-001	8.2629861263004156E-001
9.7000000000000075E-001	8.2218689494693531E-001
9.7500000000000075E-001	8.1818213547263330E-001
9.8000000000000076E-001	8.1434085535575806E-001
9.8500000000000076E-001	8.1044219846977728E-001
9.9000000000000077E-001	8.0656983627419065E-001
9.9500000000000077E-001	8.0295628012656661E-001
1.0000000000000007E+000	7.9959293231596318E-001
1.0050000000000006E+000	7.9660156330319287E-001
1.0100000000000005E+000	7.9359208496121614E-001
1.0150000000000003E+000	7.9062923895403459E-001
1.0200000000000002E+000	7.8776431530972069E-001
1.0250000000000001E+000	7.8490147086601092E-001
1.0300000000000000E+000	7.8200604688453312E-001
1.0349999999999999E+000	7.7917129312448097E-001
1.0399999999999998E+000	7.7639234549203451E-001
1.0449999999999997E+000	7.7366215568068819E-001
1.0499999999999996E+000	7.7097834189634240E-001
1.0549999999999995E+000	7.6834224578228760E-001
1.0599999999999994E+000	7.6575763951524289E-001
1.0649999999999993E+000	7.6322940143631079E-001
1.0699999999999992E+000	7.6076241005436551E-001
1.0749999999999991E+000	7.5836092836551461E-001
1.0799999999999990E+000	7.5602835613397046E-001
1.0849999999999989E+000	7.5376719394545666E-001
1.0899999999999987E+000	7.5190680608389715E-001
1.0949999999999986E+000	7.4973013474647188E-001
1.0999999999999985E+000	7.4762007038722467E-001
1.1049999999999984E+000	7.4575713251803022E-001
1.1099999999999983E+000	7.4381284437437223E-001
1.1149999999999982E+000	7.4193951675411551E-001
1.1199999999999981E+000	7.4016120259387630E-001
1.1249999999999980E+000	7.3846489685493011E-001
1.1299999999999979E+000	7.3684164154204679E-001
1.1349999999999978E+000	7.3528709714143292E-001
1.1399999999999977E+000	7.3379965647039636E-001
1.1449999999999976E+000	7.3237893708575186E-001
1.1499999999999975E+000	7.3102497074278450E-001
1.1549999999999974E+000	7.2973770762535395E-001
1.1599999999999973E+000	7.2851687232184703E-001
1.1649999999999971E+000	7.2736195479645005E-001
1.1699999999999970E+000	7.2627220381818014E-001
1.1749999999999969E+000	7.2524665969923863E-001
1.1799999999999968E+000	7.2428424746797282E-001
1.1849999999999967E+000	7.2338386810162125E-001
1.1899999999999966E+000	7.2254460773613394E-001
1.1949999999999965E+000	7.2176542494995721E-001
1.1999999999999964E+000	7.2104535012834381E-001
1.2049999999999963E+000	7.2038358929801971E-001
1.2099999999999962E+000	7.1977947268876741E-001
1.2149999999999961E+000	7.1923240381592235E-001
1.2199999999999960E+000	7.1886971547960776E-001
1.2249999999999959E+000	7.1842886603389489E-001
1.2299999999999958E+000	7.1804222872915391E-001
1.2349999999999957E+000	7.1776275230771636E-001
1.2399999999999956E+000	7.1752002263164671E-001
1.2449999999999954E+000	7.1733667736262641E-001
1.2499999999999953E+000	7.1718426051288631E-001
1.2549999999999952E+000	7.1706278763012832E-001
1.2599999999999951E+000	7.1699260951476584E-001
1.2649999999999950E+000	7.1697256744445981E-001
1.2699999999999949E+000	7.1700341551575653E-001
1.2749999999999948E+000	7.1708719243127206E-001
1.2799999999999947E+000	7.1722573222238073E-001
1.2849999999999946E+000	7.1742005168629486E-001
1.2899999999999945E+000	7.1767060795512183E-001
1.2949999999999944E+000	7.1797737980513698E-001
1.2999999999999943E+000	7.1833990493349864E-001
1.3049999999999942E+000	7.1875746143348951E-001
1.3099999999999941E+000	7.1922922538739265E-001
1.3149999999999940E+000	7.1975435759699002E-001
1.3199999999999938E+000	7.2033198804715703E-001
1.3249999999999937E+000	7.2111420993023878E-001
1.3299999999999936E+000	7.2180761981519681E-001
1.3349999999999935E+000	7.2254045813750645E-001
1.3399999999999934E+000	7.2335885005643519E-001
1.3449999999999933E+000	7.2418674161359253E-001
1.3499999999999932E+000	7.2503954579027097E-001
1.3549999999999931E+000	7.2594960050232826E-001
1.3599999999999930E+000	7.2691332625187921E-001
1.3649999999999929E+000	7.2792698357256702E-001
1.3699999999999928E+000	7.2898925582428897E-001
1.3749999999999927E+000	7.3010021667625646E-001
1.3799999999999926E+000	7.3126044457978101E-001
1.3849999999999925E+000	7.3247053388603289E-001
1.3899999999999924E+000	7.3373085543509076E-001
1.3949999999999922E+000	7.3504147986141466E-001
1.3999999999999921E+000	7.3640220459132810E-001
1.4049999999999920E+000	7.3781262713234419E-001
1.4099999999999919E+000	7.3927222393428349E-001
1.4149999999999918E+000	7.4078041690740770E-001
1.4199999999999917E+000	7.4233662508651066E-001
1.4249999999999916E+000	7.4394029762595704E-001
1.4299999999999915E+000	7.4559103654036796E-001
1.4349999999999914E+000	7.4728838833077726E-001
1.4399999999999913E+000	7.4903189291125849E-001
1.4449999999999912E+000	7.5082109870878611E-001
1.4499999999999911E+000	7.5265554568987714E-001
1.4549999999999910E+000	7.5453483962479018E-001
1.4599999999999909E+000	7.5645861834248396E-001
1.4649999999999908E+000	7.5842651004320860E-001
1.4699999999999906E+000	7.6091116770429901E-001
1.4749999999999905E+000	7.6287186169713372E-001
1.4799999999999904E+000	7.6480445043967071E-001
1.4849999999999903E+000	7.6680862592061350E-001
1.4899999999999902E+000	7.6889499413783502E-001
1.4949999999999901E+000	7.7105801912365290E-001
1.4999999999999900E+000	7.7328788546135807E-001
1.5049999999999899E+000	7.7557485165233786E-001
1.5099999999999898E+000	7.7791113215428642E-001
1.5149999999999897E+000	7.8029128203585651E-001
1.5199999999999896E+000	7.8271184634470026E-001
1.5249999999999895E+000	7.8517080660110095E-001
1.5299999999999894E+000	7.8766320507976029E-001
1.5349999999999893E+000	7.9019253639601517E-001
1.5399999999999892E+000	7.9275840772447059E-001
1.5449999999999890E+000	7.9536046480372313E-001
1.5499999999999889E+000	7.9870891676463884E-001
1.5549999999999888E+000	8.0134234391289327E-001
1.5599999999999887E+000	8.0397624137632095E-001
1.5649999999999886E+000	8.0715753288448533E-001
1.5699999999999885E+000	8.0936848370392522E-001
1.5749999999999884E+000	8.1224611244463474E-001
1.5799999999999883E+000	8.1512344962128469E-001
1.5849999999999882E+000	8.1805033897149548E-001
1.5899999999999881E+000	8.2125898631738581E-001
1.5949999999999880E+000	8.2422728290144709E-001
1.5999999999999879E+000	8.2717757555455429E-001
1.6049999999999878E+000	8.3016687058906591E-001
1.6099999999999877E+000	8.3320612407246941E-001
1.6149999999999876E+000	8.3629463640743262E-001
1.6199999999999875E+000	8.3942637821011679E-001
1.6249999999999873E+000	8.4259787236855033E-001
1.6299999999999872E+000	8.4580434389188297E-001
1.6349999999999871E+000	8.4970129095821001E-001
1.6399999999999870E+000	8.5293595222887719E-001
1.6449999999999869E+000	8.5603133093510286E-001
1.6499999999999868E+000	8.5920455079341784E-001
1.6549999999999867E+000	8.6243818086499224E-001
1.6599999999999866E+000	8.6572455231294854E-001
1.6649999999999865E+000	8.6905430771293934E-001
1.6699999999999864E+000	8.7241737971408662E-001
1.6749999999999863E+000	8.7580505245046369E-001
1.6799999999999862E+000	8.7921091156579467E-001
1.6849999999999861E+000	8.8263087017629849E-001
1.6899999999999860E+000	8.8606272850935097E-001
1.6949999999999859E+000	8.8950566522490626E-001
1.6999999999999857E+000	8.9295958023535271E-001
1.7049999999999856E+000	8.9642473140711776E-001
1.7099999999999855E+000	8.9990147827851130E-001
1.7149999999999854E+000	9.0339027412409856E-001
1.7199999999999853E+000	9.0689139818734521E-001
1.7249999999999852E+000	9.1040484294691126E-001
1.7299999999999851E+000	9.1451260450173333E-001
1.7349999999999850E+000	9.1791757106387584E-001
1.7399999999999849E+000	9.2138742310739108E-001
1.7449999999999848E+000	9.2487318479755054E-001
1.7499999999999847E+000	9.2837490842274484E-001
1.7549999999999846E+000	9.3189627534734720E-001
1.7599999999999845E+000	9.3543835131078934E-001
1.7649999999999844E+000	9.3899925672736029E-001
1.7699999999999843E+000	9.4257555183032227E-001
1.7749999999999841E+000	9.4616311563054734E-001
1.7799999999999840E+000	9.4975809139235001E-001
1.7849999999999839E+000	9.5335746294114243E-001
1.7899999999999838E+000	9.5730836816343523E-001
1.7949999999999837E+000	9.6091928319029596E-001
1.7999999999999836E+000	9.6455556974693923E-001
1.8049999999999835E+000	9.6812927688172634E-001
1.8099999999999834E+000	9.7169949150690649E-001
1.8149999999999833E+000	9.7538870083696705E-001
1.8199999999999832E+000	9.7896820686152930E-001
1.8249999999999831E+000	9.8252701171792611E-001
1.8299999999999830E+000	9.8606243161389162E-001
1.8349999999999829E+000	9.8958147716389178E-001
1.8399999999999828E+000	9.9308940982362826E-001
1.8449999999999827E+000	9.9658973298223064E-001
1.8499999999999825E+000	1.0000841515645125E+000
1.8549999999999824E+000	1.0035730085072949E+000
1.8599999999999823E+000	1.0070559829567913E+000
1.8649999999999822E+000	1.0105321480067655E+000
1.8699999999999821E+000	1.0140002011160445E+000
1.8749999999999820E+000	1.0174588795944577E+000
1.8799999999999819E+000	1.0209071028361016E+000
1.8849999999999818E+000	1.0243438787204779E+000
1.8899999999999817E+000	1.0277681750234140E+000
1.8949999999999816E+000	1.0311788876203061E+000
1.8999999999999815E+000	1.0345748760407167E+000
1.9049999999999814E+000	1.0379549920633098E+000
1.9099999999999813E+000	1.0413181331276253E+000
1.9149999999999812E+000	1.0446632385249321E+000
1.9199999999999811E+000	1.0479893041581789E+000
1.9249999999999809E+000	1.0512952456177551E+000
1.9299999999999808E+000	1.0545801601383784E+000
1.9349999999999807E+000	1.0578435492994864E+000
1.9399999999999806E+000	1.0615852687284737E+000
1.9449999999999805E+000	1.0649235779671611E+000
1.9499999999999804E+000	1.0681097348096715E+000
1.9549999999999803E+000	1.0712325083720189E+000
1.9599999999999802E+000	1.0743461961480769E+000
1.9649999999999801E+000	1.0775439842307153E+000
1.9699999999999800E+000	1.0806190446311983E+000
1.9749999999999799E+000	1.0836409450729936E+000
1.9799999999999798E+000	1.0867096704151240E+000
1.9849999999999797E+000	1.0897378888990559E+000
1.9899999999999796E+000	1.0927620647349994E+000
1.9949999999999795E+000	1.0956979941821336E+000
1.9999999999999793E+000	1.0985899777514141E+000
2.0049999999999795E+000	1.1014525448340375E+000
2.0099999999999794E+000	1.1042923000533993E+000
2.0149999999999793E+000	1.1072820946015602E+000
2.0199999999999791E+000	1.1101790456493479E+000
2.0249999999999790E+000	1.1131019240017792E+000
2.0299999999999789E+000	1.1159308956235985E+000
2.0349999999999788E+000	1.1187301295785996E+000
2.0399999999999787E+000	1.1214792878798274E+000
2.0449999999999786E+000	1.1241997804733033E+000
2.0499999999999785E+000	1.1268407555909050E+000
2.0549999999999784E+000	1.1295868091534165E+000
2.0599999999999783E+000	1.1321684705130401E+000
2.0649999999999782E+000	1.1346819791989167E+000
2.0699999999999781E+000	1.1371510731070351E+000
2.0749999999999780E+000	1.1398747138493948E+000
2.0799999999999779E+000	1.1423364539021121E+000
2.0849999999999778E+000	1.1447783385060688E+000
2.0899999999999777E+000	1.1470930915183741E+000
2.0949999999999775E+000	1.1493730293068531E+000
2.0999999999999774E+000	1.1519411636966164E+000
2.1049999999999773E+000	1.1541411708536962E+000
2.1099999999999772E+000	1.1565069396514169E+000
2.1149999999999771E+000	1.1586198083447323E+000
2.1199999999999770E+000	1.1607017312597054E+000
2.1249999999999769E+000	1.1628447615562412E+000
2.1299999999999768E+000	1.1648771658726296E+000
2.1349999999999767E+000	1.1668966251346329E+000
2.1399999999999766E+000	1.1693220059546801E+000
2.1449999999999765E+000	1.1711884489662949E+000
2.1499999999999764E+000	1.1730395048421189E+000
2.1549999999999763E+000	1.1748831022196908E+000
2.1599999999999762E+000	1.1767180814330720E+000
2.1649999999999761E+000	1.1790724731834832E+000
2.1699999999999759E+000	1.1807776029935064E+000
2.1749999999999758E+000	1.1824650152648550E+000
2.1799999999999757E+000	1.1841348582148217E+000
2.1849999999999756E+000	1.1857887931405706E+000
2.1899999999999755E+000	1.1874239464240643E+000
2.1949999999999754E+000	1.1890358014066820E+000
2.1999999999999753E+000	1.1906197817444837E+000
2.2049999999999752E+000	1.1921720097577542E+000
2.2099999999999751E+000	1.1936897864758120E+000
2.2149999999999750E+000	1.1951713333732108E+000
2.2199999999999749E+000	1.1966154608499533E+000
2.2249999999999748E+000	1.1980216419735918E+000
2.2299999999999747E+000	1.1993901612027749E+000
2.2349999999999746E+000	1.2007205621265231E+000
2.2399999999999745E+000	1.2020124443698683E+000
2.2449999999999743E+000	1.2032655908089140E+000
2.2499999999999742E+000	1.2052940537454848E+000
2.2549999999999741E+000	1.2064467754681520E+000
2.2599999999999740E+000	1.2073567414735011E+000
2.2649999999999739E+000	1.2087423765423655E+000
2.2699999999999738E+000	1.2095449863541727E+000
2.2749999999999737E+000	1.2103756286597431E+000
2.2799999999999736E+000	1.2112247580536515E+000
2.2849999999999735E+000	1.2120818617894273E+000
2.2899999999999734E+000	1.2129357485826415E+000
2.2949999999999733E+000	1.2137758653687265E+000
2.2999999999999732E+000	1.2145929934011834E+000
2.3049999999999731E+000	1.2153796938064034E+000
2.3099999999999730E+000	1.2161307955042078E+000
2.3149999999999729E+000	1.2168427865013545E+000
2.3199999999999728E+000	1.2175136583049850E+000
2.3249999999999726E+000	1.2181423498746267E+000
2.3299999999999725E+000	1.2187286628566836E+000
2.3349999999999724E+000	1.2192732927212415E+000
2.3399999999999723E+000	1.2197772830926175E+000
2.3449999999999722E+000	1.2202415223731957E+000
2.3499999999999721E+000	1.2206666334272320E+000
2.3549999999999720E+000	1.2210530563891835E+000
2.3599999999999719E+000	1.2214011122566868E+000
2.3649999999999718E+000	1.2217110266638822E+000
2.3699999999999717E+000	1.2219829457088625E+000
2.3749999999999716E+000	1.2222169535102243E+000
2.3799999999999715E+000	1.2224130855610202E+000
2.3849999999999714E+000	1.2225713391753485E+000
2.3899999999999713E+000	1.2226917105436188E+000
2.3949999999999712E+000	1.2227742257324887E+000
2.3999999999999710E+000	1.2228189712274882E+000
2.4049999999999709E+000	1.2228260431627278E+000
2.4099999999999708E+000	1.2227955507060821E+000
2.4149999999999707E+000	1.2227276468181558E+000
2.4199999999999706E+000	1.2226225047050845E+000
2.4249999999999705E+000	1.2224802855739936E+000
2.4299999999999704E+000	1.2223010193207593E+000
2.4349999999999703E+000	1.2220848783639255E+000
2.4399999999999702E+000	1.2218320667649780E+000
2.4449999999999701E+000	1.2215427971680246E+000
2.4499999999999700E+000	1.2212172902569423E+000
2.4549999999999699E+000	1.2208557712338495E+000
2.4599999999999698E+000	1.2204584641974645E+000
2.4649999999999697E+000	1.2200255908718867E+000
2.4699999999999696E+000	1.2195573684697876E+000
2.4749999999999694E+000	1.2190540184691838E+000
2.4799999999999693E+000	1.2185157680543739E+000
2.4849999999999692E+000	1.2179428381434652E+000
2.4899999999999691E+000	1.2173354524095865E+000
2.4949999999999690E+000	1.2166938364342668E+000
2.4999999999999689E+000	1.2160182209604260E+000
2.5049999999999688E+000	1.2153088447245302E+000
2.5099999999999687E+000	1.2145659540544256E+000
2.5149999999999686E+000	1.2137898020864752E+000
2.5199999999999685E+000	1.2129806064343023E+000
2.5249999999999684E+000	1.2121382684936757E+000
2.5299999999999683E+000	1.2112631205887285E+000
2.5349999999999682E+000	1.2103556427509765E+000
2.5399999999999681E+000	1.2094163177043207E+000
2.5449999999999680E+000	1.2084455267731453E+000
2.5499999999999678E+000	1.2076820344909316E+000
2.5549999999999677E+000	1.2065230328314378E+000
2.5599999999999676E+000	1.2053832276964216E+000
2.5649999999999675E+000	1.2042385444216457E+000
2.5699999999999674E+000	1.2032629572294262E+000
2.5749999999999673E+000	1.2019684478298811E+000
2.5799999999999672E+000	1.2007015951373043E+000
2.5849999999999671E+000	1.1994423448952976E+000
2.5899999999999670E+000	1.1981795816126728E+000
2.5949999999999669E+000	1.1969052290696998E+000
2.5999999999999668E+000	1.1956135664437517E+000
2.6049999999999667E+000	1.1943004127693884E+000
2.6099999999999666E+000	1.1929627335179478E+000
2.6149999999999665E+000	1.1915984515794538E+000
2.6199999999999664E+000	1.1902066803110349E+000
2.6249999999999662E+000	1.1887864972949180E+000
2.6299999999999661E+000	1.1873377980081732E+000
2.6349999999999660E+000	1.1858609702220271E+000
2.6399999999999659E+000	1.1843561375790710E+000
2.6449999999999658E+000	1.1828241580036640E+000
2.6499999999999657E+000	1.1812660816673199E+000
2.6549999999999656E+000	1.1796827700452024E+000
2.6599999999999655E+000	1.1780750082398392E+000
2.6649999999999654E+000	1.1764435013829087E+000
2.6699999999999653E+000	1.1747888404316047E+000
2.6749999999999652E+000	1.1731094883394835E+000
2.6799999999999651E+000	1.1715632238169751E+000
2.6849999999999650E+000	1.1697730251094929E+000
2.6899999999999649E+000	1.1679860107057520E+000
2.6949999999999648E+000	1.1661966645420287E+000
2.6999999999999647E+000	1.1643958051826089E+000
2.7049999999999645E+000	1.1627605462484272E+000
2.7099999999999644E+000	1.1608954613429192E+000
2.7149999999999643E+000	1.1590232116789672E+000
2.7199999999999642E+000	1.1571429214950046E+000
2.7249999999999641E+000	1.1552469383710777E+000
2.7299999999999640E+000	1.1533313410831436E+000
2.7349999999999639E+000	1.1514931427637229E+000
2.7399999999999638E+000	1.1495414980999994E+000
2.7449999999999637E+000	1.1475650561815742E+000
2.7499999999999636E+000	1.1455700914138114E+000
2.7549999999999635E+000	1.1435526781934473E+000
2.7599999999999634E+000	1.1415122592784370E+000
2.7649999999999633E+000	1.1394512550511027E+000
2.7699999999999632E+000	1.1374699552853591E+000
2.7749999999999631E+000	1.1354188028043959E+000
2.7799999999999629E+000	1.1333146074060343E+000
2.7849999999999628E+000	1.1311820597418440E+000
2.7899999999999627E+000	1.1290305360628934E+000
2.7949999999999626E+000	1.1268649114159652E+000
2.7999999999999625E+000	1.1248984111319058E+000
2.8049999999999624E+000	1.1227754523129150E+000
2.8099999999999623E+000	1.1205890742543181E+000
2.8149999999999622E+000	1.1183712631679108E+000
2.8199999999999621E+000	1.1161352919914300E+000
2.8249999999999620E+000	1.1138896496019846E+000
2.8299999999999619E+000	1.1120222922628760E+000
2.8349999999999618E+000	1.1098790724746430E+000
2.8399999999999617E+000	1.1077227299582226E+000
2.8449999999999616E+000	1.1053673817191521E+000
2.8499999999999615E+000	1.1032438573729493E+000
2.8549999999999613E+000	1.1010553136689021E+000
2.8599999999999612E+000	1.0988434776015608E+000
2.8649999999999611E+000	1.0966163218897405E+000
2.8699999999999610E+000	1.0943760314200417E+000
2.8749999999999609E+000	1.0921245910106561E+000
2.8799999999999608E+000	1.0898636944969606E+000
2.8849999999999607E+000	1.0875946763750770E+000
2.8899999999999606E+000	1.0853186442546585E+000
2.8949999999999605E+000	1.0830364950138311E+000
2.8999999999999604E+000	1.0807490397178596E+000
2.9049999999999603E+000	1.0784570107102278E+000
2.9099999999999602E+000	1.0761609966283305E+000
2.9149999999999601E+000	1.0738614507177711E+000
2.9199999999999600E+000	1.0711705643662797E+000
2.9249999999999599E+000	1.0691124528250251E+000
2.9299999999999597E+000	1.0665924519885353E+000
2.9349999999999596E+000	1.0645809596874538E+000
2.9399999999999595E+000	1.0624093566904125E+000
2.9449999999999594E+000	1.0595709024427307E+000
2.9499999999999593E+000	1.0574252141280172E+000
2.9549999999999592E+000	1.0551889478617118E+000
2.9599999999999591E+000	1.0529050414986159E+000
2.9649999999999590E+000	1.0505919058535911E+000
2.9699999999999589E+000	1.0482620377670999E+000
2.9749999999999588E+000	1.0459259016781379E+000
2.9799999999999587E+000	1.0435900513092575E+000
2.9849999999999586E+000	1.0412580846545991E+000
2.9899999999999585E+000	1.0389320447577552E+000
2.9949999999999584E+000	1.0366132615803521E+000
2.9999999999999583E+000	1.0343026236903907E+000
3.0049999999999581E+000	1.0320006687318448E+000
3.0099999999999580E+000	1.0297076907757965E+000
3.0149999999999579E+000	1.0274238380112029E+000
3.0199999999999578E+000	1.0251492172821370E+000
3.0249999999999577E+000	1.0228839187136241E+000
3.0299999999999576E+000	1.0206280075400982E+000
3.0349999999999575E+000	1.0183815280597601E+000
3.0399999999999574E+000	1.0161445177230557E+000
3.0449999999999573E+000	1.0139170332421863E+000
3.0499999999999572E+000	1.0116991580429460E+000
3.0549999999999571E+000	1.0094910057480131E+000
3.0599999999999570E+000	1.0072926897756762E+000
3.0649999999999569E+000	1.0051043547648413E+000
3.0699999999999568E+000	1.0029261807644234E+000
3.0749999999999567E+000	1.0007583701251672E+000
3.0799999999999566E+000	9.9860114672949474E-001
3.0849999999999564E+000	9.9645472384366851E-001
3.0899999999999563E+000	9.9431932990748417E-001
3.0949999999999562E+000	9.9219518155424202E-001
3.0999999999999561E+000	9.9008266514501808E-001
3.1049999999999560E+000	9.8798226013729262E-001
3.1099999999999559E+000	9.8589437362946586E-001
3.1149999999999558E+000	9.8381934143606520E-001
3.1199999999999557E+000	9.8175746557064603E-001
3.1249999999999556E+000	9.7970904276069359E-001
3.1299999999999555E+000	9.7767437976761506E-001
3.1349999999999554E+000	9.7565384260761545E-001
3.1399999999999553E+000	9.7324915889625752E-001
3.1449999999999552E+000	9.7129308186083585E-001
3.1499999999999551E+000	9.6948689520053999E-001
3.1549999999999550E+000	9.6766016751837958E-001
3.1599999999999548E+000	9.6579839989921412E-001
3.1649999999999547E+000	9.6391357840445102E-001
3.1699999999999546E+000	9.6201822916013113E-001
3.1749999999999545E+000	9.5977724974961842E-001
3.1799999999999544E+000	9.5790515327067993E-001
3.1849999999999543E+000	9.5610467676910416E-001
3.1899999999999542E+000	9.5428561271361367E-001
3.1949999999999541E+000	9.5252814634071870E-001
3.1999999999999540E+000	9.5078398662336616E-001
3.2049999999999539E+000	9.4902231160034267E-001
3.2099999999999538E+000	9.4725328745147985E-001
3.2149999999999537E+000	9.4548761970617567E-001
3.2199999999999536E+000	9.4373355164197270E-001
3.2249999999999535E+000	9.4199679370431411E-001
3.2299999999999534E+000	9.4028102621632881E-001
3.2349999999999532E+000	9.3858845111413136E-001
3.2399999999999531E+000	9.3692024179275846E-001
3.2449999999999530E+000	9.3527688063896852E-001
3.2499999999999529E+000	9.3365840738593486E-001
3.2549999999999528E+000	9.3206460186583118E-001
3.2599999999999527E+000	9.3049511829329101E-001
3.2649999999999526E+000	9.2894958011252204E-001
3.2699999999999525E+000	9.2742764210729511E-001
3.2749999999999524E+000	9.2592899103816217E-001
3.2799999999999523E+000	9.2445340785135222E-001
3.2849999999999522E+000	9.2300086872774234E-001
3.2899999999999521E+000	9.2157140291773798E-001
3.2949999999999520E+000	9.2016506784489360E-001
3.2999999999999519E+000	9.1878195403605156E-001
3.3049999999999518E+000	9.1742218062177805E-001
3.3099999999999516E+000	9.1608591105015147E-001
3.3149999999999515E+000	9.1477366023316731E-001
3.3199999999999514E+000	9.1348560111072286E-001
3.3249999999999513E+000	9.1222179601787867E-001
3.3299999999999512E+000	9.1107813423059825E-001
3.3349999999999511E+000	9.0983606015087115E-001
3.3399999999999510E+000	9.0865861119752844E-001
3.3449999999999509E+000	9.0749557189240493E-001
3.3499999999999508E+000	9.0634674179187436E-001
3.3549999999999507E+000	9.0521682929370195E-001
3.3599999999999506E+000	9.0411002786145067E-001
3.3649999999999505E+000	9.0302921259768942E-001
3.3699999999999504E+000	9.0197595913874751E-001
3.3749999999999503E+000	9.0095080554109996E-001
3.3799999999999502E+000	8.9995361212519431E-001
3.3849999999999500E+000	8.9898388546342967E-001
3.3899999999999499E+000	8.9804028515902945E-001
3.3949999999999498E+000	8.9712294398261649E-001
3.3999999999999497E+000	8.9623179499260031E-001
3.4049999999999496E+000	8.9536628647454219E-001
3.4099999999999495E+000	8.9452600661524695E-001
3.4149999999999494E+000	8.9371081195095525E-001
3.4199999999999493E+000	8.9292071245677485E-001
3.4249999999999492E+000	8.9215579216178575E-001
3.4299999999999491E+000	8.9141618417380752E-001
3.4349999999999490E+000	8.9070205602733321E-001
3.4399999999999489E+000	8.9001359210025943E-001
3.4449999999999488E+000	8.8935093210701655E-001
3.4499999999999487E+000	8.8871417154806809E-001
3.4549999999999486E+000	8.8810339387300008E-001
3.4599999999999485E+000	8.8751865985792366E-001
3.4649999999999483E+000	8.8695999613532539E-001
3.4699999999999482E+000	8.8642739842566576E-001
3.4749999999999481E+000	8.8592083414691225E-001
3.4799999999999480E+000	8.8544024338342897E-001
3.4849999999999479E+000	8.8498556476536183E-001
3.4899999999999478E+000	8.8455673397159940E-001
3.4949999999999477E+000	8.8415368061521393E-001
3.4999999999999476E+000	8.8377633334982098E-001
3.5049999999999475E+000	8.8342462907344332E-001
3.5099999999999474E+000	8.8309850918311827E-001
3.5149999999999473E+000	8.8279790905275568E-001
3.5199999999999472E+000	8.8252275319034790E-001
3.5249999999999471E+000	8.8227295568626207E-001
3.5299999999999470E+000	8.8204842709312881E-001
3.5349999999999469E+000	8.8184907527810397E-001
3.5399999999999467E+000	8.8167480644126006E-001
3.5449999999999466E+000	8.8152553322994542E-001
3.5499999999999465E+000	8.8140117751865055E-001
3.5549999999999464E+000	8.8130161190321488E-001
3.5599999999999463E+000	8.8122676093928454E-001
3.5649999999999462E+000	8.8117651901735217E-001
3.5699999999999461E+000	8.8115076793449387E-001
3.5749999999999460E+000	8.8114938625378936E-001
3.5799999999999459E+000	8.8117227012233190E-001
3.5849999999999458E+000	8.8121934348178810E-001
3.5899999999999457E+000	8.8129051036929562E-001
3.5949999999999456E+000	8.8138563139207071E-001
3.5999999999999455E+000	8.8150458497229989E-001
3.6049999999999454E+000	8.8164724299622921E-001
3.6099999999999453E+000	8.8181347368574392E-001
3.6149999999999451E+000	8.8200313898857319E-001
3.6199999999999450E+000	8.8221609338152973E-001
3.6249999999999449E+000	8.8245218388122493E-001
3.6299999999999448E+000	8.8271125125581706E-001
3.6349999999999447E+000	8.8299312743460556E-001
3.6399999999999446E+000	8.8329763858443711E-001
3.6449999999999445E+000	8.8362460763018724E-001
3.6499999999999444E+000	8.8397385411755502E-001
3.6549999999999443E+000	8.8434519371187226E-001
3.6599999999999442E+000	8.8473843956204901E-001
3.6649999999999441E+000	8.8515340052938685E-001
3.6699999999999440E+000	8.8558988195804811E-001
3.6749999999999439E+000	8.8604768611934670E-001
3.6799999999999438E+000	8.8652662972144436E-001
3.6849999999999437E+000	8.8702651655851250E-001
3.6899999999999435E+000	8.8754712404660130E-001
3.6949999999999434E+000	8.8808822928856090E-001
3.6999999999999433E+000	8.8864962051708296E-001
3.7049999999999432E+000	8.8923108894911240E-001
3.7099999999999431E+000	8.8983242832408205E-001
3.7149999999999430E+000	8.9045343074639249E-001
3.7199999999999429E+000	8.9109388234943276E-001
3.7249999999999428E+000	8.9175356384524829E-001
3.7299999999999427E+000	8.9243225357916656E-001
3.7349999999999426E+000	8.9312972928346190E-001
3.7399999999999425E+000	8.9384576810075378E-001
3.7449999999999424E+000	8.9458014477716152E-001
3.7499999999999423E+000	8.9533263339797642E-001
3.7549999999999422E+000	8.9610300741687055E-001
3.7599999999999421E+000	8.9689103822348093E-001
3.7649999999999419E+000	8.9769649451183331E-001
3.7699999999999418E+000	8.9851914267563138E-001
3.7749999999999417E+000	8.9935874731416554E-001
3.7799999999999416E+000	9.0021507144342494E-001
3.7849999999999415E+000	9.0108773227653871E-001
3.7899999999999414E+000	9.0197678551420379E-001
3.7949999999999413E+000	9.0288192989877492E-001
3.7999999999999412E+000	9.0380421682748258E-001
3.8049999999999411E+000	9.0474292572568316E-001
3.8099999999999410E+000	9.0569660560097298E-001
3.8149999999999409E+000	9.0666445904557136E-001
3.8199999999999408E+000	9.0764625950335687E-001
3.8249999999999407E+000	9.0864198152473996E-001
3.8299999999999406E+000	9.0965159738334544E-001
3.8349999999999405E+000	9.1067503307747621E-001
3.8399999999999403E+000	9.1171217555355488E-001
3.8449999999999402E+000	9.1276287977767279E-001
3.8499999999999401E+000	9.1408181873302574E-001
3.8549999999999400E+000	9.1511493425256041E-001
3.8599999999999399E+000	9.1619202713852765E-001
3.8649999999999398E+000	9.1727151429638820E-001
3.8699999999999397E+000	9.1835406086135518E-001
3.8749999999999396E+000	9.1944533340917667E-001
3.8799999999999395E+000	9.2054983778351995E-001
3.8849999999999394E+000	9.2166999527930193E-001
3.8899999999999393E+000	9.2280677305295544E-001
3.8949999999999392E+000	9.2396026122988362E-001
3.8999999999999391E+000	9.2512995760941541E-001
3.9049999999999390E+000	9.2631498319787142E-001
3.9099999999999389E+000	9.2751424653145165E-001
3.9149999999999388E+000	9.2872661125401668E-001
3.9199999999999386E+000	9.2995102351354242E-001
3.9249999999999385E+000	9.3118649832294675E-001
3.9299999999999384E+000	9.3243214478315761E-001
3.9349999999999383E+000	9.3368720737295297E-001
3.9399999999999382E+000	9.3495114845843563E-001
3.9449999999999381E+000	9.3622340386808744E-001
3.9499999999999380E+000	9.3750328403192018E-001
3.9549999999999379E+000	9.3879012827190156E-001
3.9599999999999378E+000	9.4008343608918055E-001
3.9649999999999377E+000	9.4138288937533443E-001
3.9699999999999376E+000	9.4268826188329968E-001
3.9749999999999375E+000	9.4399938369044611E-001
3.9799999999999374E+000	9.4531612337184778E-001
3.9849999999999373E+000	9.4663838360864494E-001
3.9899999999999372E+000	9.4796604127770234E-001
3.9949999999999370E+000	9.4929895239781859E-001
3.9999999999999369E+000	9.5063696376423013E-001
4.0049999999999368E+000	9.5197989948932027E-001
4.0099999999999367E+000	9.5332757408596325E-001
4.0149999999999366E+000	9.5467974809089895E-001
4.0199999999999365E+000	9.5603615024184485E-001
4.0249999999999364E+000	9.5752760178064666E-001
4.0299999999999363E+000	9.5887730182039177E-001
4.0349999999999362E+000	9.6027563330532617E-001
4.0399999999999361E+000	9.6167202492643278E-001
4.0449999999999360E+000	9.6310817671900384E-001
4.0499999999999359E+000	9.6452320079567133E-001
4.0549999999999358E+000	9.6592459445511114E-001
4.0599999999999357E+000	9.6730079199967944E-001
4.0649999999999356E+000	9.6866222322392881E-001
4.0699999999999354E+000	9.7001699061898106E-001
4.0749999999999353E+000	9.7137010034090687E-001
4.0799999999999352E+000	9.7272421903136996E-001
4.0849999999999351E+000	9.7415694064301861E-001
4.0899999999999350E+000	9.7556049671570677E-001
4.0949999999999349E+000	9.7694561936028768E-001
4.0999999999999348E+000	9.7830779168798609E-001
4.1049999999999347E+000	9.7965913487995215E-001
4.1099999999999346E+000	9.8100787664530975E-001
4.1149999999999345E+000	9.8235839724959606E-001
4.1199999999999344E+000	9.8371234691413401E-001
4.1249999999999343E+000	9.8506965085254250E-001
4.1299999999999342E+000	9.8642939051604739E-001
4.1349999999999341E+000	9.8779039224082121E-001
4.1399999999999340E+000	9.8915154128612170E-001
4.1449999999999338E+000	9.9051188097776666E-001
4.1499999999999337E+000	9.9187065355804538E-001
4.1549999999999336E+000	9.9322726776417047E-001
4.1599999999999335E+000	9.9458118835074849E-001
4.1649999999999334E+000	9.9593203691915466E-001
4.1699999999999333E+000	9.9727953393686031E-001
4.1749999999999332E+000	9.9862329880655532E-001
4.1799999999999331E+000	9.9996283853165036E-001
4.1849999999999330E+000	1.0012976817044779E+000
4.1899999999999329E+000	1.0026276845297948E+000
4.1949999999999328E+000	1.0039526180503564E+000
4.1999999999999327E+000	1.0052720236008810E+000
4.2049999999999326E+000	1.0065854491330555E+000
4.2099999999999325E+000	1.0078926435220361E+000
4.2149999999999324E+000	1.0091934971204719E+000
4.2199999999999322E+000	1.0104879162000362E+000
4.2249999999999321E+000	1.0117757733125448E+000
4.2299999999999320E+000	1.0130569170149630E+000
4.2349999999999319E+000	1.0143311862023294E+000
4.2399999999999318E+000	1.0155984111538747E+000
4.2449999999999317E+000	1.0168584098201447E+000
4.2499999999999316E+000	1.0181109834434916E+000
4.2549999999999315E+000	1.0193559136760524E+000
4.2599999999999314E+000	1.0205929660502209E+000
4.2649999999999313E+000	1.0218218957499259E+000
4.2699999999999312E+000	1.0230424630128576E+000
4.2749999999999311E+000	1.0242544058930958E+000
4.2799999999999310E+000	1.0254574598671815E+000
4.2849999999999309E+000	1.0266513947770337E+000
4.2899999999999308E+000	1.0278360096902461E+000
4.2949999999999307E+000	1.0290111127824448E+000
4.2999999999999305E+000	1.0301765124983708E+000
4.3049999999999304E+000	1.0313320261311154E+000
4.3099999999999303E+000	1.0324774764598998E+000
4.3149999999999302E+000	1.0336126907591667E+000
4.3199999999999301E+000	1.0347375145361526E+000
4.3249999999999300E+000	1.0358517950592252E+000
4.3299999999999299E+000	1.0369553826778013E+000
4.3349999999999298E+000	1.0380481339136842E+000
4.3399999999999297E+000	1.0391299191108161E+000
4.3449999999999296E+000	1.0402005982041442E+000
4.3499999999999295E+000	1.0412600197422575E+000
4.3549999999999294E+000	1.0423080313420834E+000
4.3599999999999293E+000	1.0433444815325019E+000
4.3649999999999292E+000	1.0443692165673948E+000
4.3699999999999291E+000	1.0453820794806019E+000
4.3749999999999289E+000	1.0463829119564851E+000
4.3799999999999288E+000	1.0473714516306922E+000
4.3849999999999287E+000	1.0483475475624839E+000
4.3899999999999286E+000	1.0493111412399823E+000
4.3949999999999285E+000	1.0502621505029930E+000
4.3999999999999284E+000	1.0512004267750252E+000
4.4049999999999283E+000	1.0521258007827563E+000
4.4099999999999282E+000	1.0530381255613226E+000
4.4149999999999281E+000	1.0539372666304261E+000
4.4199999999999280E+000	1.0548230864280055E+000
4.4249999999999279E+000	1.0556954506362892E+000
4.4299999999999278E+000	1.0565545696128544E+000
4.4349999999999277E+000	1.0574003424664324E+000
4.4399999999999276E+000	1.0582323843209118E+000
4.4449999999999275E+000	1.0590503735046177E+000
4.4499999999999273E+000	1.0605686183629279E+000
4.4549999999999272E+000	1.0613743899976424E+000
4.4599999999999271E+000	1.0620947085087855E+000
4.4649999999999270E+000	1.0627813531008994E+000
4.4699999999999269E+000	1.0634532289704648E+000
4.4749999999999268E+000	1.0641166746173825E+000
4.4799999999999267E+000	1.0649855633954650E+000
4.4849999999999266E+000	1.0656741319205869E+000
4.4899999999999265E+000	1.0663575720789791E+000
4.4949999999999264E+000	1.0670223138268584E+000
4.4999999999999263E+000	1.0676289569036603E+000
4.5049999999999262E+000	1.0683557904663807E+000
4.5099999999999261E+000	1.0689700985721724E+000
4.5149999999999260E+000	1.0695227658089181E+000
4.5199999999999259E+000	1.0700510360872613E+000
4.5249999999999257E+000	1.0705678411387232E+000
4.5299999999999256E+000	1.0710770937057601E+000
4.5349999999999255E+000	1.0715802854127161E+000
4.5399999999999254E+000	1.0720774743851877E+000
4.5449999999999253E+000	1.0725678048319240E+000
4.5499999999999252E+000	1.0730500942635122E+000
4.5549999999999251E+000	1.0735232038355536E+000
4.5599999999999250E+000	1.0739861491682887E+000
4.5649999999999249E+000	1.0744380942022571E+000
4.5699999999999248E+000	1.0748783241893620E+000
4.5749999999999247E+000	1.0753062171470842E+000
4.5799999999999246E+000	1.0757212191001682E+000
4.5849999999999245E+000	1.0761228231362772E+000
4.5899999999999244E+000	1.0765105541517703E+000
4.5949999999999243E+000	1.0768839698230943E+000
4.5999999999999241E+000	1.0772426651563360E+000
4.6049999999999240E+000	1.0775862741236510E+000
4.6099999999999239E+000	1.0779144732981290E+000
4.6149999999999238E+000	1.0782269864567517E+000
4.6199999999999237E+000	1.0785235883000168E+000
4.6249999999999236E+000	1.0788041075475299E+000
4.6299999999999235E+000	1.0790684240194910E+000
4.6349999999999234E+000	1.0793164668939577E+000
4.6399999999999233E+000	1.0795482041240527E+000
4.6449999999999232E+000	1.0797636396598016E+000
4.6499999999999231E+000	1.0799628116360616E+000
4.6549999999999230E+000	1.0801457857634706E+000
4.6599999999999229E+000	1.0803126496719722E+000
4.6649999999999228E+000	1.0804635056378373E+000
4.6699999999999227E+000	1.0805984645717839E+000
4.6749999999999226E+000	1.0807176329406483E+000
4.6799999999999224E+000	1.0808211565504244E+000
4.6849999999999223E+000	1.0809091670315985E+000
4.6899999999999222E+000	1.0809817623176119E+000
4.6949999999999221E+000	1.0810390312114520E+000
4.6999999999999220E+000	1.0810810680516134E+000
4.7049999999999219E+000	1.0811079898157647E+000
4.7099999999999218E+000	1.0811198602102292E+000
4.7149999999999217E+000	1.0811166896149798E+000
4.7199999999999216E+000	1.0810985831225302E+000
4.7249999999999215E+000	1.0810656087695958E+000
4.7299999999999214E+000	1.0810178325550668E+000
4.7349999999999213E+000	1.0809553156822505E+000
4.7399999999999212E+000	1.0808781584709237E+000
4.7449999999999211E+000	1.0807864674454661E+000
4.7499999999999210E+000	1.0806803490430941E+000
4.7549999999999208E+000	1.0805599013834324E+000
4.7599999999999207E+000	1.0804252122104634E+000
4.7649999999999206E+000	1.0802763639268365E+000
4.7699999999999205E+000	1.0801134373794135E+000
4.7749999999999204E+000	1.0799365127715013E+000
4.7799999999999203E+000	1.0797456680894792E+000
4.7849999999999202E+000	1.0795409745728661E+000
4.7899999999999201E+000	1.0793225308233672E+000
4.7949999999999200E+000	1.0790904446390142E+000
4.7999999999999199E+000	1.0788448058979077E+000
4.8049999999999198E+000	1.0785856907739888E+000
4.8099999999999197E+000	1.0783131757984201E+000
4.8149999999999196E+000	1.0780273443623489E+000
4.8199999999999195E+000	1.0777282869979135E+000
4.8249999999999194E+000	1.0774161006773275E+000
4.8299999999999192E+000	1.0770908884467050E+000
4.8349999999999191E+000	1.0767527589230055E+000
4.8399999999999190E+000	1.0764018248778680E+000
4.8449999999999189E+000	1.0760382032857940E+000
4.8499999999999188E+000	1.0756620142446724E+000
4.8549999999999187E+000	1.0752733794454701E+000
4.8599999999999186E+000	1.0748724222130077E+000
4.8649999999999185E+000	1.0744592668884099E+000
4.8699999999999184E+000	1.0740340368026327E+000
4.8749999999999183E+000	1.0735968376141651E+000
4.8799999999999182E+000	1.0731477874387028E+000
4.8849999999999181E+000	1.0726870306476166E+000
4.8899999999999180E+000	1.0722147194406642E+000
4.8949999999999179E+000	1.0717310148267369E+000
4.8999999999999178E+000	1.0712360541192412E+000
4.9049999999999176E+000	1.0707299533481960E+000
4.9099999999999175E+000	1.0702128299204736E+000
4.9149999999999174E+000	1.0696848125309875E+000
4.9199999999999173E+000	1.0691460391041177E+000
4.9249999999999172E+000	1.0685966527582549E+000
4.9299999999999171E+000	1.0680367875795422E+000
4.9349999999999170E+000	1.0674666508516570E+000
4.9399999999999169E+000	1.0668864203903210E+000
4.9449999999999168E+000	1.0662961576460279E+000
4.9499999999999167E+000	1.0658889546889907E+000
4.9549999999999166E+000	1.0653017726619658E+000
4.9599999999999165E+000	1.0646664593677424E+000
4.9649999999999164E+000	1.0640500261235419E+000
4.9699999999999163E+000	1.0634265631085507E+000
4.9749999999999162E+000	1.0627939401142323E+000
4.9799999999999160E+000	1.0621923115740306E+000
4.9849999999999159E+000	1.0615230276812158E+000
4.9899999999999158E+000	1.0608191286229021E+000
4.9949999999999157E+000	1.0599122573737310E+000
4.9999999999999156E+000	1.0591506384092013E+000
5.0049999999999155E+000	1.0584027250914940E+000
5.0099999999999154E+000	1.0576529481214987E+000
5.0149999999999153E+000	1.0569011488943234E+000
5.0199999999999152E+000	1.0561478368110451E+000
5.0249999999999151E+000	1.0553937582200335E+000
5.0299999999999150E+000	1.0546390300774480E+000
5.0349999999999149E+000	1.0538831416918353E+000
5.0399999999999148E+000	1.0531249762613564E+000
5.0449999999999147E+000	1.0523634090189855E+000
5.0499999999999146E+000	1.0515978062903870E+000
5.0549999999999145E+000	1.0508275357414649E+000
5.0599999999999143E+000	1.0500518962193131E+000
5.0649999999999142E+000	1.0492704702866682E+000
5.0699999999999141E+000	1.0484831729553434E+000
5.0749999999999140E+000	1.0476901153014642E+000
5.0799999999999139E+000	1.0468914890665122E+000
5.0849999999999138E+000	1.0460874904629800E+000
5.0899999999999137E+000	1.0452783548338862E+000
5.0949999999999136E+000	1.0444642908959079E+000
5.0999999999999135E+000	1.0436454347703337E+000
5.1049999999999134E+000	1.0428219652613282E+000
5.1099999999999133E+000	1.0419940565382309E+000
5.1149999999999132E+000	1.0411618545355366E+000
5.1199999999999131E+000	1.0403254722478921E+000
5.1249999999999130E+000	1.0394850153155084E+000
5.1299999999999129E+000	1.0386406057261903E+000
5.1349999999999127E+000	1.0377923843197241E+000
5.1399999999999126E+000	1.0369405036520341E+000
5.1449999999999125E+000	1.0360851240920501E+000
5.1499999999999124E+000	1.0352264133187181E+000
5.1549999999999123E+000	1.0343645463837001E+000
5.1599999999999122E+000	1.0334997050837922E+000
5.1649999999999121E+000	1.0326320767361690E+000
5.1699999999999120E+000	1.0317618526999528E+000
5.1749999999999119E+000	1.0308892268552905E+000
5.1799999999999118E+000	1.0300143941542994E+000
5.1849999999999117E+000	1.0291375493264825E+000
5.1899999999999116E+000	1.0282588858050343E+000
5.1949999999999115E+000	1.0273785949173331E+000
5.1999999999999114E+000	1.0264968653510875E+000
5.2049999999999113E+000	1.0256138828825994E+000
5.2099999999999111E+000	1.0247298303458288E+000
5.2149999999999110E+000	1.0238448861095399E+000
5.2199999999999109E+000	1.0229592255345921E+000
5.2249999999999108E+000	1.0220730255624790E+000
5.2299999999999107E+000	1.0211864633450141E+000
5.2349999999999106E+000	1.0202997075899951E+000
5.2399999999999105E+000	1.0194129268672087E+000
5.2449999999999104E+000	1.0185262942427937E+000
5.2499999999999103E+000	1.0176399804944651E+000
5.2549999999999102E+000	1.0167541516183072E+000
5.2599999999999101E+000	1.0158689708698365E+000
5.2649999999999100E+000	1.0149846007512286E+000
5.2699999999999099E+000	1.0141012039520678E+000
5.2749999999999098E+000	1.0132189434388073E+000
5.2799999999999097E+000	1.0123379820821952E+000
5.2849999999999095E+000	1.0114584820409001E+000
5.2899999999999094E+000	1.0105806042682461E+000
5.2949999999999093E+000	1.0097045081847065E+000
5.2999999999999092E+000	1.0088303515069126E+000
5.3049999999999091E+000	1.0079582902037347E+000
5.3099999999999090E+000	1.0070884785505509E+000
5.3149999999999089E+000	1.0062210692538600E+000
5.3199999999999088E+000	1.0053562136193255E+000
5.3249999999999087E+000	1.0044940617403015E+000
5.3299999999999086E+000	1.0036347626824000E+000
5.3349999999999085E+000	1.0027784646543225E+000
5.3399999999999084E+000	1.0019253151498324E+000
5.3449999999999083E+000	1.0010754588084079E+000
5.3499999999999082E+000	1.0002290390635715E+000
5.3549999999999081E+000	9.9938620557904279E-001
5.3599999999999079E+000	9.9854716640936858E-001
5.3649999999999078E+000	9.9771199524632181E-001
5.3699999999999077E+000	9.9688075061012404E-001
5.3749999999999076E+000	9.9605362484177240E-001
5.3799999999999075E+000	9.9523085777413867E-001
5.3849999999999074E+000	9.9441262696359223E-001
5.3899999999999073E+000	9.9359904627368589E-001
5.3949999999999072E+000	9.9279021047035432E-001
5.3999999999999071E+000	9.9198619222243201E-001
5.4049999999999070E+000	9.9118707288474894E-001
5.4099999999999069E+000	9.9039295894482660E-001
5.4149999999999068E+000	9.8960396871770206E-001
5.4199999999999067E+000	9.8882026419330649E-001
5.4249999999999066E+000	9.8804202643652506E-001
5.4299999999999065E+000	9.8726941965723292E-001
5.4349999999999064E+000	9.8650259185753275E-001
5.4399999999999062E+000	9.8574168426982267E-001
5.4449999999999061E+000	9.8498684752606280E-001
5.4499999999999060E+000	9.8423820352314384E-001
5.4549999999999059E+000	9.8349587086182355E-001
5.4599999999999058E+000	9.8275999549660842E-001
5.4649999999999057E+000	9.8203073583455636E-001
5.4699999999999056E+000	9.8130823349817353E-001
5.4749999999999055E+000	9.8059260335259102E-001
5.4799999999999054E+000	9.7988394123897848E-001
5.4849999999999053E+000	9.7918233417111655E-001
5.4899999999999052E+000	9.7848790950687548E-001
5.4949999999999051E+000	9.7780076852710718E-001
5.4999999999999050E+000	9.7712097412167442E-001
5.5049999999999049E+000	9.7644859073444423E-001
5.5099999999999048E+000	9.7578368721644537E-001
5.5149999999999046E+000	9.7512634186785274E-001
5.5199999999999045E+000	9.7447664429204151E-001
5.5249999999999044E+000	9.7383469167835601E-001
5.5299999999999043E+000	9.7320058336702120E-001
5.5349999999999042E+000	9.7218358101532609E-001
5.5399999999999041E+000	9.7158914605666546E-001
5.5449999999999040E+000	9.7117150613552683E-001
5.5499999999999039E+000	9.7069677770415774E-001
5.5549999999999038E+000	9.7017629115291260E-001
5.5599999999999037E+000	9.6962844097911360E-001
5.5649999999999036E+000	9.6906611767275708E-001
5.5699999999999035E+000	9.6849855894177472E-001
5.5749999999999034E+000	9.6793219326453750E-001
5.5799999999999033E+000	9.6737124910809580E-001
5.5849999999999032E+000	9.6681835948655515E-001
5.5899999999999030E+000	9.6627507071683971E-001
5.5949999999999029E+000	9.6574221050784226E-001
5.5999999999999028E+000	9.6522013244592375E-001
5.6049999999999027E+000	9.6470888398367827E-001
5.6099999999999026E+000	9.6420833166090625E-001
5.6149999999999025E+000	9.6371825433837555E-001
5.6199999999999024E+000	9.6323840763481372E-001
5.6249999999999023E+000	9.6276856377016296E-001
5.6299999999999022E+000	9.6230853414690054E-001
5.6349999999999021E+000	9.6185817552063457E-001
5.6399999999999020E+000	9.6141739091324352E-001
5.6449999999999019E+000	9.6058474711880748E-001
5.6499999999999018E+000	9.6014516236856984E-001
5.6549999999999017E+000	9.5984838170198172E-001
5.6599999999999016E+000	9.5940485748684989E-001
5.6649999999999014E+000	9.5914462418072977E-001
5.6699999999999013E+000	9.5885144822550727E-001
5.6749999999999012E+000	9.5852261050595644E-001
5.6799999999999011E+000	9.5817419956056094E-001
5.6849999999999010E+000	9.5781781176230085E-001
5.6899999999999009E+000	9.5746146869102300E-001
5.6949999999999008E+000	9.5711052946790143E-001
5.6999999999999007E+000	9.5657754374759585E-001
5.7049999999999006E+000	9.5628189121875784E-001
5.7099999999999005E+000	9.5609126538645994E-001
5.7149999999999004E+000	9.5586824002702653E-001
5.7199999999999003E+000	9.5561311882362276E-001
5.7249999999999002E+000	9.5534255546183733E-001
5.7299999999999001E+000	9.5506777737613291E-001
5.7349999999999000E+000	9.5479623290579418E-001
5.7399999999998998E+000	9.5453266459959996E-001
5.7449999999998997E+000	9.5427988345237325E-001
5.7499999999998996E+000	9.5403939072166177E-001
5.7549999999998995E+000	9.5381183584897189E-001
5.7599999999998994E+000	9.5359732580493484E-001
5.7649999999998993E+000	9.5339563120973136E-001
5.7699999999998992E+000	9.5320633127486620E-001
5.7749999999998991E+000	9.5302892109949577E-001
5.7799999999998990E+000	9.5286289049432882E-001
5.7849999999998989E+000	9.5270777615402547E-001
5.7899999999998988E+000	9.5256319063922468E-001
5.7949999999998987E+000	9.5242883344461648E-001
5.7999999999998986E+000	9.5230448915512789E-001
5.8049999999998985E+000	9.5219001672266446E-001
5.8099999999998984E+000	9.5208533514016636E-001
5.8149999999998983E+000	9.5199040718088712E-001
5.8199999999998981E+000	9.5190522388367738E-001
5.8249999999998980E+000	9.5182979176300697E-001
5.8299999999998979E+000	9.5176412140675537E-001
5.8349999999998978E+000	9.5170822138032329E-001
5.8399999999998977E+000	9.5166209040312522E-001
5.8449999999998976E+000	9.5162571166682808E-001
5.8499999999998975E+000	9.5159905897335784E-001
5.8549999999998974E+000	9.5158210372532870E-001
5.8599999999998973E+000	9.5157480141457651E-001
5.8649999999998972E+000	9.5157710272160867E-001
5.8699999999998971E+000	9.5158894735074318E-001
5.8749999999998970E+000	9.5161027264840015E-001
5.8799999999998969E+000	9.5164100447741495E-001
5.8849999999998968E+000	9.5168109557122560E-001
5.8899999999998967E+000	9.5173048079022737E-001
5.8949999999998965E+000	9.5178910307430353E-001
5.8999999999998964E+000	9.5185690714774895E-001
5.9049999999998963E+000	9.5193383891302175E-001
5.9099999999998962E+000	9.5201984426126063E-001
5.9149999999998961E+000	9.5211486994165595E-001
5.9199999999998960E+000	9.5221886252872201E-001
5.9249999999998959E+000	9.5233176831311761E-001
5.9299999999998958E+000	9.5245353251234999E-001
5.9349999999998957E+000	9.5258409908539132E-001
5.9399999999998956E+000	9.5272341062239418E-001
5.9449999999998955E+000	9.5287140790342173E-001
5.9499999999998954E+000	9.5302802963334743E-001
5.9549999999998953E+000	9.5319321241939070E-001
5.9599999999998952E+000	9.5336689080815518E-001
5.9649999999998951E+000	9.5354899734621368E-001
5.9699999999998949E+000	9.5373946265855669E-001
5.9749999999998948E+000	9.5393821554024327E-001
5.9799999999998947E+000	9.5414518305574525E-001
5.9849999999998946E+000	9.5436029063977057E-001
5.9899999999998945E+000	9.5458346219565349E-001
5.9949999999998944E+000	9.5481462018906060E-001
5.9999999999998943E+000	9.5505368573489591E-001
6.0049999999998942E+000	9.5530057867570117E-001
6.0099999999998941E+000	9.5555521765084994E-001
6.0149999999998940E+000	9.5581752015666088E-001
6.0199999999998939E+000	9.5608740259791625E-001
6.0249999999998938E+000	9.5636478033139616E-001
6.0299999999998937E+000	9.5664956770207199E-001
6.0349999999998936E+000	9.5694167824633680E-001
6.0399999999998935E+000	9.5702049746952311E-001
6.0449999999998933E+000	9.5742855049161135E-001
6.0499999999998932E+000	9.5782466980796732E-001
6.0549999999998931E+000	9.5819543166141807E-001
6.0599999999998930E+000	9.5854889736993520E-001
6.0649999999998929E+000	9.5889197912342783E-001
6.0699999999998928E+000	9.5923056204655821E-001
6.0749999999998927E+000	9.5956939197545421E-001
6.0799999999998926E+000	9.5974454826856714E-001
6.0849999999998925E+000	9.6018359373107065E-001
6.0899999999998924E+000	9.6048721983754470E-001
6.0949999999998923E+000	9.6095519934736606E-001
6.0999999999998922E+000	9.6149050662645918E-001
6.1049999999998921E+000	9.6197079371892169E-001
6.1099999999998920E+000	9.6240986283678942E-001
6.1149999999998919E+000	9.6282573612856015E-001
6.1199999999998917E+000	9.6322935298603762E-001
6.1249999999998916E+000	9.6362783635333327E-001
6.1299999999998915E+000	9.6402597290312930E-001
6.1349999999998914E+000	9.6442694587703848E-001
6.1399999999998913E+000	9.6483282665748571E-001
6.1449999999998912E+000	9.6524490823891518E-001
6.1499999999998911E+000	9.6566392039774107E-001
6.1549999999998910E+000	9.6609017550697873E-001
6.1599999999998909E+000	9.6652368048455717E-001
6.1649999999998908E+000	9.6696423006374732E-001
6.1699999999998907E+000	9.6741148434567359E-001
6.1749999999998906E+000	9.6786503030632309E-001
6.1799999999998905E+000	9.6832442781473316E-001
6.1849999999998904E+000	9.6878924176892212E-001
6.1899999999998903E+000	9.6925906284559860E-001
6.1949999999998902E+000	9.6973351937829855E-001
6.1999999999998900E+000	9.7021228268516957E-001
6.2049999999998899E+000	9.7069506779763537E-001
6.2099999999998898E+000	9.7118163117098422E-001
6.2149999999998897E+000	9.7167176660223809E-001
6.2199999999998896E+000	9.7216530025371273E-001
6.2249999999998895E+000	9.7266208540239107E-001
6.2299999999998894E+000	9.7316198535315523E-001
6.2349999999998893E+000	9.7342237900554585E-001
6.2399999999998892E+000	9.7405502603355920E-001
6.2449999999998891E+000	9.7464340551114326E-001
6.2499999999998890E+000	9.7519918604817346E-001
6.2549999999998889E+000	9.7573664190563636E-001
6.2599999999998888E+000	9.7626348990145850E-001
6.2649999999998887E+000	9.7678467572460648E-001
6.2699999999998886E+000	9.7730357010687752E-001
6.2749999999998884E+000	9.7782241850826979E-001
6.2799999999998883E+000	9.7834261309881576E-001
6.2849999999998882E+000	9.7886497059179134E-001
6.2899999999998881E+000	9.7938992643729283E-001
6.2949999999998880E+000	9.7991765498570160E-001
6.2999999999998879E+000	9.8044814913448097E-001
6.3049999999998878E+000	9.8098128075117330E-001
6.3099999999998877E+000	9.8151684881683066E-001
6.3149999999998876E+000	9.8205461669660510E-001
6.3199999999998875E+000	9.8259433776952454E-001
6.3249999999998874E+000	9.8313577263817031E-001
6.3299999999998873E+000	9.8367869887519244E-001
6.3349999999998872E+000	9.8422291512456428E-001
6.3399999999998871E+000	9.8476824138360031E-001
6.3449999999998870E+000	9.8531451699560779E-001
6.3499999999998868E+000	9.8586159743748814E-001
6.3549999999998867E+000	9.8640935063021873E-001
6.3599999999998866E+000	9.8695765329226526E-001
6.3649999999998865E+000	9.8750638772301125E-001
6.3699999999998864E+000	9.8805543924042316E-001
6.3749999999998863E+000	9.8860469434865039E-001
6.3799999999998862E+000	9.8915403960430837E-001
6.3849999999998861E+000	9.8970336108327839E-001
6.3899999999998860E+000	9.9025254432096277E-001
6.3949999999998859E+000	9.9080147458138879E-001
6.3999999999998858E+000	9.9135003374783504E-001
6.4049999999998857E+000	9.9189810857073435E-001
6.4099999999998856E+000	9.9244558833315377E-001
6.4149999999998855E+000	9.9299236630088639E-001
6.4199999999998854E+000	9.9353837904838838E-001
6.4249999999998852E+000	9.9408353467090094E-001
6.4299999999998851E+000	9.9462769726896116E-001
6.4349999999998850E+000	9.9517076664605986E-001
6.4399999999998849E+000	9.9571266254943835E-001
6.4449999999998848E+000	9.9625326442152873E-001
6.4499999999998847E+000	9.9679243917504212E-001
6.4549999999998846E+000	9.9733010537917099E-001
6.4599999999998845E+000	9.9786616256190031E-001
6.4649999999998844E+000	9.9840049349049842E-001
6.4699999999998843E+000	9.9893300214944070E-001
6.4749999999998842E+000	9.9946361323525634E-001
6.4799999999998841E+000	9.9999225421386573E-001
6.4849999999998840E+000	1.0005188171557120E+000
6.4899999999998839E+000	1.0010432748414577E+000
6.4949999999998838E+000	1.0015656262830088E+000
6.4999999999998836E+000	1.0020857563870793E+000
6.5049999999998835E+000	1.0026034901511705E+000
6.5099999999998834E+000	1.0031187056499216E+000
6.5149999999998833E+000	1.0036313463768956E+000
6.5199999999998832E+000	1.0041413799570047E+000
6.5249999999998831E+000	1.0046487620654345E+000
6.5299999999998830E+000	1.0051534305326140E+000
6.5349999999998829E+000	1.0056553139181088E+000
6.5399999999998828E+000	1.0061543365487964E+000
6.5449999999998827E+000	1.0066504182737406E+000
6.5499999999998826E+000	1.0071434725068360E+000
6.5549999999998825E+000	1.0076334051343541E+000
6.5599999999998824E+000	1.0081201150085914E+000
6.5649999999998823E+000	1.0086034952383796E+000
6.5699999999998822E+000	1.0090834355504832E+000
6.5749999999998820E+000	1.0095598250182551E+000
6.5799999999998819E+000	1.0100325549570528E+000
6.5849999999998818E+000	1.0105015213918866E+000
6.5899999999998817E+000	1.0109666268484911E+000
6.5949999999998816E+000	1.0114277814857127E+000
6.5999999999998815E+000	1.0118849034529764E+000
6.6049999999998814E+000	1.0123379186424142E+000
6.6099999999998813E+000	1.0127867598566991E+000
6.6149999999998812E+000	1.0132313656339744E+000
6.6199999999998811E+000	1.0136716789577525E+000
6.6249999999998810E+000	1.0141076457997369E+000
6.6299999999998809E+000	1.0145392138295621E+000
6.6349999999998808E+000	1.0149663315400752E+000
6.6399999999998807E+000	1.0153889475150257E+000
6.6449999999998806E+000	1.0158070097685847E+000
6.6499999999998805E+000	1.0162204653356040E+000
6.6549999999998803E+000	1.0166292601421394E+000
6.6599999999998802E+000	1.0170333390048478E+000
6.6649999999998801E+000	1.0174326474383841E+000
6.6699999999998800E+000	1.0178271283192726E+000
6.6749999999998799E+000	1.0182167230975920E+000
6.6799999999998798E+000	1.0186013741769415E+000
6.6849999999998797E+000	1.0189810249659443E+000
6.6899999999998796E+000	1.0193556196469729E+000
6.6949999999998795E+000	1.0197251016077855E+000
6.6999999999998794E+000	1.0200894146874881E+000
6.7049999999998793E+000	1.0204485048369718E+000
6.7099999999998792E+000	1.0208023197644576E+000
6.7149999999998791E+000	1.0211508090451580E+000
6.7199999999998790E+000	1.0214939243813819E+000
6.7249999999998789E+000	1.0218316194165173E+000
6.7299999999998787E+000	1.0221638494659497E+000
6.7349999999998786E+000	1.0224905714451411E+000
6.7399999999998785E+000	1.0228117438560211E+000
6.7449999999998784E+000	1.0231273267827394E+000
6.7499999999998783E+000	1.0234372817464470E+000
6.7549999999998782E+000	1.0237415716474558E+000
6.7599999999998781E+000	1.0240401607228380E+000
6.7649999999998780E+000	1.0243330145487102E+000
6.7699999999998779E+000	1.0246201000742792E+000
6.7749999999998778E+000	1.0249013855059470E+000
6.7799999999998777E+000	1.0251768427532375E+000
6.7849999999998776E+000	1.0254464429340644E+000
6.7899999999998775E+000	1.0257101548692240E+000
6.7949999999998774E+000	1.0259679493862164E+000
6.7999999999998773E+000	1.0262198009445673E+000
6.8049999999998771E+000	1.0264656866308635E+000
6.8099999999998770E+000	1.0267055849570945E+000
6.8149999999998769E+000	1.0269394752371328E+000
6.8199999999998768E+000	1.0271673372824639E+000
6.8249999999998767E+000	1.0273891514084879E+000
6.8299999999998766E+000	1.0276049010731985E+000
6.8349999999998765E+000	1.0278145688206139E+000
6.8399999999998764E+000	1.0280181351998123E+000
6.8449999999998763E+000	1.0282155830708082E+000
6.8499999999998762E+000	1.0284068990827469E+000
6.8549999999998761E+000	1.0285920724457627E+000
6.8599999999998760E+000	1.0287710937330830E+000
6.8649999999998759E+000	1.0289439543332524E+000
6.8699999999998758E+000	1.0291106461774375E+000
6.8749999999998757E+000	1.0292711617865646E+000
6.8799999999998755E+000	1.0294254951383710E+000
6.8849999999998754E+000	1.0295736413394510E+000
6.8899999999998753E+000	1.0297155967876925E+000
6.8949999999998752E+000	1.0298513587072855E+000
6.8999999999998751E+000	1.0299809248666096E+000
6.9049999999998750E+000	1.0301042955407724E+000
6.9099999999998749E+000	1.0302214712862550E+000
6.9149999999998748E+000	1.0303324522483055E+000
6.9149999999998748E+000	1.0306024550148192E+000
6.9149999999998748E+000	1.0306024550148192E+000
6.9149999999998748E+000	1.0306024550148192E+000
6.9199999999998747E+000	1.0306743761067914E+000
6.9249999999998746E+000	1.0307347073647963E+000
6.9299999999998745E+000	1.0307910779515059E+000
6.9349999999998744E+000	1.0308444764056723E+000
6.9399999999998743E+000	1.0308944517153047E+000
6.9449999999998742E+000	1.0309409431341066E+000
6.9499999999998741E+000	1.0309843444566660E+000
6.9549999999998739E+000	1.0310251598790212E+000
6.9599999999998738E+000	1.0310637505718148E+000
6.9649999999998737E+000	1.0311002282633519E+000
6.9699999999998736E+000	1.0311344417562955E+000
6.9749999999998735E+000	1.0311660167847565E+000
6.9799999999998734E+000	1.0311944272875109E+000
6.9849999999998733E+000	1.0312190745949126E+000
6.9899999999998732E+000	1.0312393593540368E+000
6.9949999999998731E+000	1.0312547401077854E+000
6.9999999999998730E+000	1.0312647563105171E+000

 
