/*--------------------------------*- C++ -*----------------------------------*\
| =========                 |                                                 |
| \\      /  F ield         | foam-extend: Open Source CFD                    |
|  \\    /   O peration     | Version:     4.1                                |
|   \\  /    A nd           | Web:         http://www.foam-extend.org         |
|    \\/     M anipulation  |                                                 |
\*---------------------------------------------------------------------------*/
FoamFile
{
    version     2.0;
    format      ascii;
    class       vectorField;
    location    "constant/polyMesh";
    object      points;
}
// * * * * * * * * * * * * * * * * * * * * * * * * * * * * * * * * * * * * * //


242
(
(-15 0 -15)
(-12 0 -15)
(-9 0 -15)
(-6 0 -15)
(-3 0 -15)
(0 0 -15)
(3 0 -15)
(6 0 -15)
(9 0 -15)
(12 0 -15)
(15 0 -15)
(-15 0.1 -15)
(-12 0.1 -15)
(-9 0.1 -15)
(-6 0.1 -15)
(-3 0.1 -15)
(0 0.1 -15)
(3 0.1 -15)
(6 0.1 -15)
(9 0.1 -15)
(12 0.1 -15)
(15 0.1 -15)
(-15 0 -12)
(-12 0 -12)
(-9 0 -12)
(-6 0 -12)
(-3 0 -12)
(0 0 -12)
(3 0 -12)
(6 0 -12)
(9 0 -12)
(12 0 -12)
(15 0 -12)
(-15 0.1 -12)
(-12 0.1 -12)
(-9 0.1 -12)
(-6 0.1 -12)
(-3 0.1 -12)
(0 0.1 -12)
(3 0.1 -12)
(6 0.1 -12)
(9 0.1 -12)
(12 0.1 -12)
(15 0.1 -12)
(-15 0 -9)
(-12 0 -9)
(-9 0 -9)
(-6 0 -9)
(-3 0 -9)
(0 0 -9)
(3 0 -9)
(6 0 -9)
(9 0 -9)
(12 0 -9)
(15 0 -9)
(-15 0.1 -9)
(-12 0.1 -9)
(-9 0.1 -9)
(-6 0.1 -9)
(-3 0.1 -9)
(0 0.1 -9)
(3 0.1 -9)
(6 0.1 -9)
(9 0.1 -9)
(12 0.1 -9)
(15 0.1 -9)
(-15 0 -6)
(-12 0 -6)
(-9 0 -6)
(-6 0 -6)
(-3 0 -6)
(0 0 -6)
(3 0 -6)
(6 0 -6)
(9 0 -6)
(12 0 -6)
(15 0 -6)
(-15 0.1 -6)
(-12 0.1 -6)
(-9 0.1 -6)
(-6 0.1 -6)
(-3 0.1 -6)
(0 0.1 -6)
(3 0.1 -6)
(6 0.1 -6)
(9 0.1 -6)
(12 0.1 -6)
(15 0.1 -6)
(-15 0 -3)
(-12 0 -3)
(-9 0 -3)
(-6 0 -3)
(-3 0 -3)
(0 0 -3)
(3 0 -3)
(6 0 -3)
(9 0 -3)
(12 0 -3)
(15 0 -3)
(-15 0.1 -3)
(-12 0.1 -3)
(-9 0.1 -3)
(-6 0.1 -3)
(-3 0.1 -3)
(0 0.1 -3)
(3 0.1 -3)
(6 0.1 -3)
(9 0.1 -3)
(12 0.1 -3)
(15 0.1 -3)
(-15 0 0)
(-12 0 0)
(-9 0 0)
(-6 0 0)
(-3 0 0)
(0 0 0)
(3 0 0)
(6 0 1.48029736617e-16)
(9 0 -1.48029736617e-16)
(12 0 -7.40148683083e-17)
(15 0 0)
(-15 0.1 0)
(-12 0.1 0)
(-9 0.1 0)
(-6 0.1 0)
(-3 0.1 0)
(0 0.1 0)
(3 0.1 0)
(6 0.1 1.48029736617e-16)
(9 0.1 -1.48029736617e-16)
(12 0.1 -7.40148683083e-17)
(15 0.1 0)
(-15 0 3)
(-12 0 3)
(-9 0 3)
(-6 0 3)
(-3 0 3)
(0 0 3)
(3 0 3)
(6 0 3)
(9 0 3)
(12 0 3)
(15 0 3)
(-15 0.1 3)
(-12 0.1 3)
(-9 0.1 3)
(-6 0.1 3)
(-3 0.1 3)
(0 0.1 3)
(3 0.1 3)
(6 0.1 3)
(9 0.1 3)
(12 0.1 3)
(15 0.1 3)
(-15 0 6)
(-12 0 6)
(-9 0 6)
(-6 0 6)
(-3 0 6)
(0 0 6)
(3 0 6)
(6 0 6)
(9 0 6)
(12 0 6)
(15 0 6)
(-15 0.1 6)
(-12 0.1 6)
(-9 0.1 6)
(-6 0.1 6)
(-3 0.1 6)
(0 0.1 6)
(3 0.1 6)
(6 0.1 6)
(9 0.1 6)
(12 0.1 6)
(15 0.1 6)
(-15 0 9)
(-12 0 9)
(-9 0 9)
(-6 0 9)
(-3 0 9)
(0 0 9)
(3 0 9)
(6 0 9)
(9 0 9)
(12 0 9)
(15 0 9)
(-15 0.1 9)
(-12 0.1 9)
(-9 0.1 9)
(-6 0.1 9)
(-3 0.1 9)
(0 0.1 9)
(3 0.1 9)
(6 0.1 9)
(9 0.1 9)
(12 0.1 9)
(15 0.1 9)
(-15 0 12)
(-12 0 12)
(-9 0 12)
(-6 0 12)
(-3 0 12)
(0 0 12)
(3 0 12)
(6 0 12)
(9 0 12)
(12 0 12)
(15 0 12)
(-15 0.1 12)
(-12 0.1 12)
(-9 0.1 12)
(-6 0.1 12)
(-3 0.1 12)
(0 0.1 12)
(3 0.1 12)
(6 0.1 12)
(9 0.1 12)
(12 0.1 12)
(15 0.1 12)
(-15 0 15)
(-12 0 15)
(-9 0 15)
(-6 0 15)
(-3 0 15)
(0 0 15)
(3 0 15)
(6 0 15)
(9 0 15)
(12 0 15)
(15 0 15)
(-15 0.1 15)
(-12 0.1 15)
(-9 0.1 15)
(-6 0.1 15)
(-3 0.1 15)
(0 0.1 15)
(3 0.1 15)
(6 0.1 15)
(9 0.1 15)
(12 0.1 15)
(15 0.1 15)
)


// ************************************************************************* //
