/*--------------------------------*- C++ -*----------------------------------*\
| =========                 |                                                 |
| \\      /  F ield         | foam-extend: Open Source CFD                    |
|  \\    /   O peration     | Version:     4.1                                |
|   \\  /    A nd           | Web:         http://www.foam-extend.org         |
|    \\/     M anipulation  |                                                 |
\*---------------------------------------------------------------------------*/
FoamFile
{
    version     2.0;
    format      ascii;
    class       faceList;
    location    "constant/polyMesh";
    object      faces;
}
// * * * * * * * * * * * * * * * * * * * * * * * * * * * * * * * * * * * * * //


201
(
4(1 42 124 83)
4(2 43 125 84)
4(3 44 126 85)
4(4 45 127 86)
4(5 46 128 87)
4(6 47 129 88)
4(7 48 130 89)
4(8 49 131 90)
4(9 50 132 91)
4(10 51 133 92)
4(11 52 134 93)
4(12 53 135 94)
4(13 54 136 95)
4(14 55 137 96)
4(15 56 138 97)
4(16 57 139 98)
4(17 58 140 99)
4(18 59 141 100)
4(19 60 142 101)
4(20 61 143 102)
4(21 62 144 103)
4(22 63 145 104)
4(23 64 146 105)
4(24 65 147 106)
4(25 66 148 107)
4(26 67 149 108)
4(27 68 150 109)
4(28 69 151 110)
4(29 70 152 111)
4(30 71 153 112)
4(31 72 154 113)
4(32 73 155 114)
4(33 74 156 115)
4(34 75 157 116)
4(35 76 158 117)
4(36 77 159 118)
4(37 78 160 119)
4(38 79 161 120)
4(39 80 162 121)
4(82 83 124 123)
4(83 84 125 124)
4(84 85 126 125)
4(85 86 127 126)
4(86 87 128 127)
4(87 88 129 128)
4(88 89 130 129)
4(89 90 131 130)
4(90 91 132 131)
4(91 92 133 132)
4(92 93 134 133)
4(93 94 135 134)
4(94 95 136 135)
4(95 96 137 136)
4(96 97 138 137)
4(97 98 139 138)
4(98 99 140 139)
4(99 100 141 140)
4(100 101 142 141)
4(101 102 143 142)
4(102 103 144 143)
4(103 104 145 144)
4(104 105 146 145)
4(105 106 147 146)
4(106 107 148 147)
4(107 108 149 148)
4(108 109 150 149)
4(109 110 151 150)
4(110 111 152 151)
4(111 112 153 152)
4(112 113 154 153)
4(113 114 155 154)
4(114 115 156 155)
4(115 116 157 156)
4(116 117 158 157)
4(117 118 159 158)
4(118 119 160 159)
4(119 120 161 160)
4(120 121 162 161)
4(121 122 163 162)
4(0 41 42 1)
4(1 42 43 2)
4(2 43 44 3)
4(3 44 45 4)
4(4 45 46 5)
4(5 46 47 6)
4(6 47 48 7)
4(7 48 49 8)
4(8 49 50 9)
4(9 50 51 10)
4(10 51 52 11)
4(11 52 53 12)
4(12 53 54 13)
4(13 54 55 14)
4(14 55 56 15)
4(15 56 57 16)
4(16 57 58 17)
4(17 58 59 18)
4(18 59 60 19)
4(19 60 61 20)
4(20 61 62 21)
4(21 62 63 22)
4(22 63 64 23)
4(23 64 65 24)
4(24 65 66 25)
4(25 66 67 26)
4(26 67 68 27)
4(27 68 69 28)
4(28 69 70 29)
4(29 70 71 30)
4(30 71 72 31)
4(31 72 73 32)
4(32 73 74 33)
4(33 74 75 34)
4(34 75 76 35)
4(35 76 77 36)
4(36 77 78 37)
4(37 78 79 38)
4(38 79 80 39)
4(39 80 81 40)
4(0 82 123 41)
4(40 81 163 122)
4(0 1 83 82)
4(1 2 84 83)
4(2 3 85 84)
4(3 4 86 85)
4(4 5 87 86)
4(5 6 88 87)
4(6 7 89 88)
4(7 8 90 89)
4(8 9 91 90)
4(9 10 92 91)
4(10 11 93 92)
4(11 12 94 93)
4(12 13 95 94)
4(13 14 96 95)
4(14 15 97 96)
4(15 16 98 97)
4(16 17 99 98)
4(17 18 100 99)
4(18 19 101 100)
4(19 20 102 101)
4(20 21 103 102)
4(21 22 104 103)
4(22 23 105 104)
4(23 24 106 105)
4(24 25 107 106)
4(25 26 108 107)
4(26 27 109 108)
4(27 28 110 109)
4(28 29 111 110)
4(29 30 112 111)
4(30 31 113 112)
4(31 32 114 113)
4(32 33 115 114)
4(33 34 116 115)
4(34 35 117 116)
4(35 36 118 117)
4(36 37 119 118)
4(37 38 120 119)
4(38 39 121 120)
4(39 40 122 121)
4(41 123 124 42)
4(42 124 125 43)
4(43 125 126 44)
4(44 126 127 45)
4(45 127 128 46)
4(46 128 129 47)
4(47 129 130 48)
4(48 130 131 49)
4(49 131 132 50)
4(50 132 133 51)
4(51 133 134 52)
4(52 134 135 53)
4(53 135 136 54)
4(54 136 137 55)
4(55 137 138 56)
4(56 138 139 57)
4(57 139 140 58)
4(58 140 141 59)
4(59 141 142 60)
4(60 142 143 61)
4(61 143 144 62)
4(62 144 145 63)
4(63 145 146 64)
4(64 146 147 65)
4(65 147 148 66)
4(66 148 149 67)
4(67 149 150 68)
4(68 150 151 69)
4(69 151 152 70)
4(70 152 153 71)
4(71 153 154 72)
4(72 154 155 73)
4(73 155 156 74)
4(74 156 157 75)
4(75 157 158 76)
4(76 158 159 77)
4(77 159 160 78)
4(78 160 161 79)
4(79 161 162 80)
4(80 162 163 81)
)


// ************************************************************************* //
