/*--------------------------------*- C++ -*----------------------------------*\
| =========                 |                                                 |
| \\      /  F ield         | foam-extend: Open Source CFD                    |
|  \\    /   O peration     | Version:     4.1                                |
|   \\  /    A nd           | Web:         http://www.foam-extend.org         |
|    \\/     M anipulation  |                                                 |
\*---------------------------------------------------------------------------*/
FoamFile
{
    version     2.0;
    format      ascii;
    class       vectorField;
    location    "constant/polyMesh";
    object      points;
}
// * * * * * * * * * * * * * * * * * * * * * * * * * * * * * * * * * * * * * //


512
(
(-15 0 -15)
(-13 0 -15)
(-11 0 -15)
(-9 0 -15)
(-7 0 -15)
(-5 0 -15)
(-3 0 -15)
(-1 0 -15)
(1 0 -15)
(3 0 -15)
(5 0 -15)
(7 0 -15)
(9 0 -15)
(11 0 -15)
(13 0 -15)
(15 0 -15)
(-15 0.1 -15)
(-13 0.1 -15)
(-11 0.1 -15)
(-9 0.1 -15)
(-7 0.1 -15)
(-5 0.1 -15)
(-3 0.1 -15)
(-1 0.1 -15)
(1 0.1 -15)
(3 0.1 -15)
(5 0.1 -15)
(7 0.1 -15)
(9 0.1 -15)
(11 0.1 -15)
(13 0.1 -15)
(15 0.1 -15)
(-15 0 -13)
(-13 0 -13)
(-11 0 -13)
(-9 0 -13)
(-7 0 -13)
(-5 0 -13)
(-3 0 -13)
(-1 0 -13)
(1 0 -13)
(3 0 -13)
(5 0 -13)
(7 0 -13)
(9 0 -13)
(11 0 -13)
(13 0 -13)
(15 0 -13)
(-15 0.1 -13)
(-13 0.1 -13)
(-11 0.1 -13)
(-9 0.1 -13)
(-7 0.1 -13)
(-5 0.1 -13)
(-3 0.1 -13)
(-1 0.1 -13)
(1 0.1 -13)
(3 0.1 -13)
(5 0.1 -13)
(7 0.1 -13)
(9 0.1 -13)
(11 0.1 -13)
(13 0.1 -13)
(15 0.1 -13)
(-15 0 -11)
(-13 0 -11)
(-11 0 -11)
(-9 0 -11)
(-7 0 -11)
(-5 0 -11)
(-3 0 -11)
(-1 0 -11)
(1 0 -11)
(3 0 -11)
(5 0 -11)
(7 0 -11)
(9 0 -11)
(11 0 -11)
(13 0 -11)
(15 0 -11)
(-15 0.1 -11)
(-13 0.1 -11)
(-11 0.1 -11)
(-9 0.1 -11)
(-7 0.1 -11)
(-5 0.1 -11)
(-3 0.1 -11)
(-1 0.1 -11)
(1 0.1 -11)
(3 0.1 -11)
(5 0.1 -11)
(7 0.1 -11)
(9 0.1 -11)
(11 0.1 -11)
(13 0.1 -11)
(15 0.1 -11)
(-15 0 -9)
(-13 0 -9)
(-11 0 -9)
(-9 0 -9)
(-7 0 -9)
(-5 0 -9)
(-3 0 -9)
(-1 0 -9)
(1 0 -9)
(3 0 -9)
(5 0 -9)
(7 0 -9)
(9 0 -9)
(11 0 -9)
(13 0 -9)
(15 0 -9)
(-15 0.1 -9)
(-13 0.1 -9)
(-11 0.1 -9)
(-9 0.1 -9)
(-7 0.1 -9)
(-5 0.1 -9)
(-3 0.1 -9)
(-1 0.1 -9)
(1 0.1 -9)
(3 0.1 -9)
(5 0.1 -9)
(7 0.1 -9)
(9 0.1 -9)
(11 0.1 -9)
(13 0.1 -9)
(15 0.1 -9)
(-15 0 -7)
(-13 0 -7)
(-11 0 -7)
(-9 0 -7)
(-7 0 -7)
(-5 0 -7)
(-3 0 -7)
(-1 0 -7)
(1 0 -7)
(3 0 -7)
(5 0 -7)
(7 0 -7)
(9 0 -7)
(11 0 -7)
(13 0 -7)
(15 0 -7)
(-15 0.1 -7)
(-13 0.1 -7)
(-11 0.1 -7)
(-9 0.1 -7)
(-7 0.1 -7)
(-5 0.1 -7)
(-3 0.1 -7)
(-1 0.1 -7)
(1 0.1 -7)
(3 0.1 -7)
(5 0.1 -7)
(7 0.1 -7)
(9 0.1 -7)
(11 0.1 -7)
(13 0.1 -7)
(15 0.1 -7)
(-15 0 -5)
(-13 0 -5)
(-11 0 -5)
(-9 0 -5)
(-7 0 -5)
(-5 0 -5)
(-3 0 -5)
(-1 0 -5)
(1 0 -5)
(3 0 -5)
(5 0 -5)
(7 0 -5)
(9 0 -5)
(11 0 -5)
(13 0 -5)
(15 0 -5)
(-15 0.1 -5)
(-13 0.1 -5)
(-11 0.1 -5)
(-9 0.1 -5)
(-7 0.1 -5)
(-5 0.1 -5)
(-3 0.1 -5)
(-1 0.1 -5)
(1 0.1 -5)
(3 0.1 -5)
(5 0.1 -5)
(7 0.1 -5)
(9 0.1 -5)
(11 0.1 -5)
(13 0.1 -5)
(15 0.1 -5)
(-15 0 -3)
(-13 0 -3)
(-11 0 -3)
(-9 0 -3)
(-7 0 -3)
(-5 0 -3)
(-3 0 -3)
(-1 0 -3)
(1 0 -3)
(3 0 -3)
(5 0 -3)
(7 0 -3)
(9 0 -3)
(11 0 -3)
(13 0 -3)
(15 0 -3)
(-15 0.1 -3)
(-13 0.1 -3)
(-11 0.1 -3)
(-9 0.1 -3)
(-7 0.1 -3)
(-5 0.1 -3)
(-3 0.1 -3)
(-1 0.1 -3)
(1 0.1 -3)
(3 0.1 -3)
(5 0.1 -3)
(7 0.1 -3)
(9 0.1 -3)
(11 0.1 -3)
(13 0.1 -3)
(15 0.1 -3)
(-15 0 -1)
(-13 0 -1)
(-11 0 -1)
(-9 0 -1)
(-7 0 -1)
(-5 0 -1)
(-3 0 -1)
(-1 0 -1)
(1 0 -1)
(3 0 -1)
(5 0 -1)
(7 0 -1)
(9 0 -1)
(11 0 -1)
(13 0 -1)
(15 0 -1)
(-15 0.1 -1)
(-13 0.1 -1)
(-11 0.1 -1)
(-9 0.1 -1)
(-7 0.1 -1)
(-5 0.1 -1)
(-3 0.1 -1)
(-1 0.1 -1)
(1 0.1 -1)
(3 0.1 -1)
(5 0.1 -1)
(7 0.1 -1)
(9 0.1 -1)
(11 0.1 -1)
(13 0.1 -1)
(15 0.1 -1)
(-15 0 1)
(-13 0 1)
(-11 0 1)
(-9 0 1)
(-7 0 1)
(-5 0 1)
(-3 0 1)
(-1 0 1)
(1 0 1)
(3 0 1)
(5 0 1)
(7 0 1)
(9 0 1)
(11 0 1)
(13 0 1)
(15 0 1)
(-15 0.1 1)
(-13 0.1 1)
(-11 0.1 1)
(-9 0.1 1)
(-7 0.1 1)
(-5 0.1 1)
(-3 0.1 1)
(-1 0.1 1)
(1 0.1 1)
(3 0.1 1)
(5 0.1 1)
(7 0.1 1)
(9 0.1 1)
(11 0.1 1)
(13 0.1 1)
(15 0.1 1)
(-15 0 3)
(-13 0 3)
(-11 0 3)
(-9 0 3)
(-7 0 3)
(-5 0 3)
(-3 0 3)
(-1 0 3)
(1 0 3)
(3 0 3)
(5 0 3)
(7 0 3)
(9 0 3)
(11 0 3)
(13 0 3)
(15 0 3)
(-15 0.1 3)
(-13 0.1 3)
(-11 0.1 3)
(-9 0.1 3)
(-7 0.1 3)
(-5 0.1 3)
(-3 0.1 3)
(-1 0.1 3)
(1 0.1 3)
(3 0.1 3)
(5 0.1 3)
(7 0.1 3)
(9 0.1 3)
(11 0.1 3)
(13 0.1 3)
(15 0.1 3)
(-15 0 5)
(-13 0 5)
(-11 0 5)
(-9 0 5)
(-7 0 5)
(-5 0 5)
(-3 0 5)
(-1 0 5)
(1 0 5)
(3 0 5)
(5 0 5)
(7 0 5)
(9 0 5)
(11 0 5)
(13 0 5)
(15 0 5)
(-15 0.1 5)
(-13 0.1 5)
(-11 0.1 5)
(-9 0.1 5)
(-7 0.1 5)
(-5 0.1 5)
(-3 0.1 5)
(-1 0.1 5)
(1 0.1 5)
(3 0.1 5)
(5 0.1 5)
(7 0.1 5)
(9 0.1 5)
(11 0.1 5)
(13 0.1 5)
(15 0.1 5)
(-15 0 7)
(-13 0 7)
(-11 0 7)
(-9 0 7)
(-7 0 7)
(-5 0 7)
(-3 0 7)
(-1 0 7)
(1 0 7)
(3 0 7)
(5 0 7)
(7 0 7)
(9 0 7)
(11 0 7)
(13 0 7)
(15 0 7)
(-15 0.1 7)
(-13 0.1 7)
(-11 0.1 7)
(-9 0.1 7)
(-7 0.1 7)
(-5 0.1 7)
(-3 0.1 7)
(-1 0.1 7)
(1 0.1 7)
(3 0.1 7)
(5 0.1 7)
(7 0.1 7)
(9 0.1 7)
(11 0.1 7)
(13 0.1 7)
(15 0.1 7)
(-15 0 9)
(-13 0 9)
(-11 0 9)
(-9 0 9)
(-7 0 9)
(-5 0 9)
(-3 0 9)
(-1 0 9)
(1 0 9)
(3 0 9)
(5 0 9)
(7 0 9)
(9 0 9)
(11 0 9)
(13 0 9)
(15 0 9)
(-15 0.1 9)
(-13 0.1 9)
(-11 0.1 9)
(-9 0.1 9)
(-7 0.1 9)
(-5 0.1 9)
(-3 0.1 9)
(-1 0.1 9)
(1 0.1 9)
(3 0.1 9)
(5 0.1 9)
(7 0.1 9)
(9 0.1 9)
(11 0.1 9)
(13 0.1 9)
(15 0.1 9)
(-15 0 11)
(-13 0 11)
(-11 0 11)
(-9 0 11)
(-7 0 11)
(-5 0 11)
(-3 0 11)
(-1 0 11)
(1 0 11)
(3 0 11)
(5 0 11)
(7 0 11)
(9 0 11)
(11 0 11)
(13 0 11)
(15 0 11)
(-15 0.1 11)
(-13 0.1 11)
(-11 0.1 11)
(-9 0.1 11)
(-7 0.1 11)
(-5 0.1 11)
(-3 0.1 11)
(-1 0.1 11)
(1 0.1 11)
(3 0.1 11)
(5 0.1 11)
(7 0.1 11)
(9 0.1 11)
(11 0.1 11)
(13 0.1 11)
(15 0.1 11)
(-15 0 13)
(-13 0 13)
(-11 0 13)
(-9 0 13)
(-7 0 13)
(-5 0 13)
(-3 0 13)
(-1 0 13)
(1 0 13)
(3 0 13)
(5 0 13)
(7 0 13)
(9 0 13)
(11 0 13)
(13 0 13)
(15 0 13)
(-15 0.1 13)
(-13 0.1 13)
(-11 0.1 13)
(-9 0.1 13)
(-7 0.1 13)
(-5 0.1 13)
(-3 0.1 13)
(-1 0.1 13)
(1 0.1 13)
(3 0.1 13)
(5 0.1 13)
(7 0.1 13)
(9 0.1 13)
(11 0.1 13)
(13 0.1 13)
(15 0.1 13)
(-15 0 15)
(-13 0 15)
(-11 0 15)
(-9 0 15)
(-7 0 15)
(-5 0 15)
(-3 0 15)
(-1 0 15)
(1 0 15)
(3 0 15)
(5 0 15)
(7 0 15)
(9 0 15)
(11 0 15)
(13 0 15)
(15 0 15)
(-15 0.1 15)
(-13 0.1 15)
(-11 0.1 15)
(-9 0.1 15)
(-7 0.1 15)
(-5 0.1 15)
(-3 0.1 15)
(-1 0.1 15)
(1 0.1 15)
(3 0.1 15)
(5 0.1 15)
(7 0.1 15)
(9 0.1 15)
(11 0.1 15)
(13 0.1 15)
(15 0.1 15)
)


// ************************************************************************* //
