0 -3.64460820375092e-11
0.000100502512562814 -3.64460820366399e-11
0.000201005025125628 -3.64460820327962e-11
0.000301507537688442 -3.64460820157581e-11
0.000402010050251256 -3.64460819403307e-11
0.00050251256281407 -3.64460816084395e-11
0.000603015075376884 -3.64460801643636e-11
0.000703517587939699 -3.64460739677704e-11
0.000804020100502513 -3.64460475559804e-11
0.000904522613065327 -3.6445935914972e-11
0.00100502512562814 -3.64454698751113e-11
0.00110552763819095 -3.64435566600418e-11
0.00120603015075377 -3.64358685462186e-11
0.00130653266331658 -3.64055461892558e-11
0.0014070351758794 -3.62871753464832e-11
0.00150753768844221 -3.58366311000633e-11
0.00160804020100503 -3.41595892100695e-11
0.00170854271356784 -2.80739916145593e-11
0.00180904522613065 -6.54461467990257e-12
0.00190954773869347 6.76087934974129e-11
0.00201005025125628 3.14972178770308e-10
0.0021105527638191 1.1175754903832e-09
0.00221105527638191 3.64665773827717e-09
0.00231155778894472 1.13662892990535e-08
0.00241206030150754 3.41403494343326e-08
0.00251256281407035 9.89675453065977e-08
0.00261306532663317 2.77114680232396e-07
0.00271356783919598 7.49865803347307e-07
0.00281407035175879 1.95463204937068e-06
0.00291457286432161 4.91047006785519e-06
0.00301507537688442 1.18615347538735e-05
0.00311557788944724 2.75473077436665e-05
0.00321608040201005 6.13467697348455e-05
0.00331658291457286 0.000130844848861512
0.00341708542713568 0.000266532190176421
0.00351758793969849 0.000517178225432907
0.00361809045226131 0.000953429210349409
0.00371859296482412 0.00166626936597062
0.00381909547738693 0.00275789894048486
0.00391959798994975 0.00432612595778666
0.00402010050251256 0.00644734935810513
0.00412060301507538 0.00916501015210823
0.00422110552763819 0.0124863956960932
0.00432160804020101 0.0163862011552186
0.00442211055276382 0.0208145630381842
0.00452261306532663 0.0257051480053483
0.00462311557788945 0.0309824205619451
0.00472361809045226 0.0365672544968058
0.00482412060301507 0.0423810056648072
0.00492462311557789 0.0483482545175972
0.0050251256281407 0.0543986346133122
0.00512562814070352 0.0604679136588423
0.00522613065326633 0.0664985672265169
0.00532663316582915 0.0724400431537805
0.00542713567839196 0.0782487336331968
0.00552763819095477 0.0838877981640981
0.00562814070351759 0.0893268588064053
0.0057286432160804 0.0945416049281397
0.00582914572864322 0.0995133392426839
0.00592964824120603 0.104228535499208
0.00603015075376884 0.108678287091991
0.00613065326633166 0.11285786609313
0.00623115577889447 0.116760559553644
0.00633165829145729 0.120129054831279
0.0064321608040201 0.121178979872763
0.00653266331658291 0.117765280939114
0.00663316582914573 0.110342604012469
0.00673366834170854 0.10019951391242
0.00683417085427136 0.0886176283301641
0.00693467336683417 0.0766002898892062
0.00703517587939699 0.0649434593333564
0.0071356783919598 0.0540658114423255
0.00723618090452261 0.0440813860952533
0.00733668341708543 0.0350658393348059
0.00743718592964824 0.0270880345026618
0.00753768844221105 0.0202050316796215
0.00763819095477387 0.0144537286132283
0.00773869346733668 0.00983940616649756
0.0078391959798995 0.00632211170454295
0.00793969849246231 0.00380506327566026
0.00804020100502513 0.00213345472349102
0.00814070351758794 0.00111202079104722
0.00824120603015075 0.000539636290655314
0.00834170854271357 0.00024478215010227
0.00844221105527638 0.00010429060418268
0.0085427135678392 4.19114339371142e-05
0.00864321608040201 1.5937652066506e-05
0.00874371859296482 5.74687501915802e-06
0.00884422110552764 1.96740962053867e-06
0.00894472361809045 6.39936345641157e-07
0.00904522613065327 1.97845761193327e-07
0.00914572864321608 5.81526908195926e-08
0.0092462311557789 1.62525812596618e-08
0.00934673366834171 4.31951529114312e-09
0.00944723618090452 1.09190199995082e-09
0.00954773869346734 2.62515603773947e-10
0.00964824120603015 6.00437418492366e-11
0.00974874371859297 1.30701734190333e-11
0.00984924623115578 2.70645169517826e-12
0.00994974874371859 5.3413028063142e-13
0.0100502512562814 1.00617048411523e-13
0.0101507537688442 1.84291674315608e-14
0.010251256281407 3.58540707414668e-15
0.0103517587939698 1.02826250053214e-15
0.0104522613065327 6.08548868034384e-16
0.0105527638190955 5.43417762871829e-16
0.0106532663316583 5.33718899323942e-16
0.0107537688442211 5.32300044419849e-16
0.0108542713567839 5.3210545388558e-16
0.0109547738693467 5.32080178723084e-16
0.0110552763819095 5.32077039341528e-16
0.0111557788944724 5.32076661130597e-16
0.0112562814070352 5.32076616359849e-16
0.011356783919598 5.32076611379597e-16
0.0114572864321608 5.320766108599e-16
0.0115577889447236 5.32076610808991e-16
0.0116582914572864 5.32076610804256e-16
0.0117587939698492 5.32076610803805e-16
0.0118592964824121 5.32076610803765e-16
0.0119597989949749 5.32076610803761e-16
0.0120603015075377 5.32076610803761e-16
0.0121608040201005 5.32076610803761e-16
0.0122613065326633 5.32076610803761e-16
0.0123618090452261 5.32076610803761e-16
0.0124623115577889 5.32076610803761e-16
0.0125628140703518 5.32076610803761e-16
0.0126633165829146 5.32076610803761e-16
0.0127638190954774 5.32076610803761e-16
0.0128643216080402 5.32076610803761e-16
0.012964824120603 5.32076610803761e-16
0.0130653266331658 5.32076610803761e-16
0.0131658291457286 5.32076610803761e-16
0.0132663316582915 5.32076610803761e-16
0.0133668341708543 5.32076610803761e-16
0.0134673366834171 5.32076610803761e-16
0.0135678391959799 5.32076610803761e-16
0.0136683417085427 5.32076610803761e-16
0.0137688442211055 5.32076610803761e-16
0.0138693467336683 5.32076610803761e-16
0.0139698492462312 5.32076610803761e-16
0.014070351758794 5.32076610803761e-16
0.0141708542713568 5.32076610803761e-16
0.0142713567839196 5.32076610803761e-16
0.0143718592964824 5.32076610803761e-16
0.0144723618090452 5.32076610803761e-16
0.014572864321608 5.32076610803761e-16
0.0146733668341709 5.32076610803761e-16
0.0147738693467337 5.32076610803761e-16
0.0148743718592965 5.32076610803761e-16
0.0149748743718593 5.32076610803761e-16
0.0150753768844221 5.32076610803761e-16
0.0151758793969849 5.32076610803761e-16
0.0152763819095477 5.32076610803761e-16
0.0153768844221106 5.32076610803761e-16
0.0154773869346734 5.32076610803761e-16
0.0155778894472362 5.32076610803761e-16
0.015678391959799 5.32076610803761e-16
0.0157788944723618 5.32076610803761e-16
0.0158793969849246 5.32076610803761e-16
0.0159798994974874 5.32076610803761e-16
0.0160804020100503 5.32076610803761e-16
0.0161809045226131 5.32076610803761e-16
0.0162814070351759 5.32076610803761e-16
0.0163819095477387 5.32076610803761e-16
0.0164824120603015 5.32076610803761e-16
0.0165829145728643 5.32076610803761e-16
0.0166834170854271 5.32076610803761e-16
0.01678391959799 5.32076610803761e-16
0.0168844221105528 5.32076610803761e-16
0.0169849246231156 5.32076610803761e-16
0.0170854271356784 5.32076610803761e-16
0.0171859296482412 5.32076610803761e-16
0.017286432160804 5.32076610803761e-16
0.0173869346733668 5.32076610803761e-16
0.0174874371859296 5.32076610803761e-16
0.0175879396984925 5.32076610803761e-16
0.0176884422110553 5.32076610803761e-16
0.0177889447236181 5.32076610803761e-16
0.0178894472361809 5.32076610803761e-16
0.0179899497487437 5.32076610803761e-16
0.0180904522613065 5.32076610803761e-16
0.0181909547738693 5.32076610803761e-16
0.0182914572864322 5.32076610803761e-16
0.018391959798995 5.32076610803761e-16
0.0184924623115578 5.32076610803761e-16
0.0185929648241206 5.32076610803761e-16
0.0186934673366834 5.32076610803761e-16
0.0187939698492462 5.32076610803761e-16
0.018894472361809 5.32076610803761e-16
0.0189949748743719 5.32076610803761e-16
0.0190954773869347 5.32076610803761e-16
0.0191959798994975 5.32076610803761e-16
0.0192964824120603 5.32076610803761e-16
0.0193969849246231 5.32076610803761e-16
0.0194974874371859 5.32076610803761e-16
0.0195979899497487 5.32076610803761e-16
0.0196984924623116 5.32076610803761e-16
0.0197989949748744 5.32076610803761e-16
0.0198994974874372 5.32076610803761e-16
0.02 5.32076610803761e-16
