0.	-7.660330703096463e-13
0.01	0.0005118036894715405
0.02	0.001949664571808063
0.03	0.004166857230302558
0.04	0.007014641548293888
0.05	0.010341337753896826
0.06	0.013992741799949679
0.07	0.017813937719947166
0.08	0.021652357454174445
0.09	0.02536178187374844
0.1	0.028806875947801756
0.11	0.031867806747624475
0.12	0.03444450074240664
0.13	0.03646014826532366
0.14	0.03786364727577282
0.15	0.0386307835983202
0.16	0.03876405868281255
0.17	0.03829118761377917
0.18	0.0372623903677425
0.19	0.03574668118133123
0.2	0.03382741982333911
0.21	0.031597422489759
0.22	0.029153939147901795
0.23	0.02659379053792399
0.24	0.02400892525759895
0.25	0.021482609948576745
0.26	0.01908640860238109
0.27	0.01687804548933991
0.28	0.014900184923187666
0.29	0.013180104112249088
0.3	0.011730185978634596
0.31	0.01054911936182382
0.32	0.009623665797896964
0.33	0.008930835488634567
0.34	0.008440309733984713
0.35000000000000003	0.008116951913686887
0.36	0.007923262485975795
0.37	0.00782165351911017
0.38	0.007776442931960448
0.39	0.007755495845586503
0.4	0.00773146832572091
0.41000000000000003	0.0076826356469680175
0.42	0.007593311654982502
0.43	0.0074538868025101
0.44	0.007260529295866975
0.45	0.007014606150519007
0.46	0.0067218887596381975
0.47000000000000003	0.006391611026356622
0.48	0.006035447602052786
0.49	0.00566647586230886
0.5	0.0052981785881753415
0.51	0.004943535598686301
0.52	0.00461424250026909
0.53	0.004320083946780704
0.54	0.0040684779477802215
0.55	0.00386419735053278
0.56	0.003709265089893636
0.5700000000000001	0.00360301148905695
0.58	0.0035422750446936152
0.59	0.0035217228895483687
0.6	0.0035342635540561752
0.61	0.0035715227276447987
0.62	0.003624352364088672
0.63	0.0036833445412471823
0.64	0.0037393237869025845
0.65	0.0037837948995840254
0.66	0.0038093273853217905
0.67	0.0038098622470622663
0.68	0.003780931751940665
0.6900000000000001	0.0037197877213700214
0.7000000000000001	0.0036254386168078343
0.71	0.003498600032607102
0.72	0.003341566990806882
0.73	0.0031580195317221778
0.74	0.002952775418834515
0.75	0.0027315052776171094
0.76	0.002500426156813009
0.77	0.002265989366942712
0.78	0.002034577578826586
0.79	0.0018122246488147882
0.8	0.0016043695950421813
0.81	0.001415653714950185
0.8200000000000001	0.0012497671525274394
0.8300000000000001	0.0011093484401677829
0.84	0.0009959377954952848
0.85	0.0009099823770392728
0.86	0.0008508894060767586
0.87	0.0008171211354759146
0.88	0.000806324155484745
0.89	0.0008154845103704536
0.9	0.0008410995714844866
0.91	0.0008793575593881608
0.92	0.0009263159950774151
0.93	0.0009780711337745108
0.9400000000000001	0.0010309115248407154
0.9500000000000001	0.0010814501683901053
0.96	0.0011267312179848322
0.97	0.0011643087235671955
0.98	0.0011922964375789768
0.99	0.0012093891458455428
1.	0.001214857270035904
1.01	0.0012085175704409502
1.02	0.0011906836212974463
1.03	0.0011621003160897441
1.04	0.001123866982336592
1.05	0.0010773537533640845
1.06	0.0010241156796826163
1.07	0.0009658086959566484
1.08	0.0009041110296789345
1.09	0.0008406529876812342
1.1	0.0007769573316114491
1.11	0.0007143916979351147
1.12	0.0006541337734188873
1.1300000000000001	0.0005971492401492773
1.1400000000000001	0.0005441818853765866
1.1500000000000001	0.0004957547540383874
1.16	0.00045218082114612944
1.17	0.00041358138497675213
1.18	0.000379910230488659
1.19	0.0003509815792508441
1.2	0.0003264999155285585
1.21	0.0003060899417544972
1.22	0.0002893251511701396
1.23	0.0002757537900428336
1.24	0.0002649212953107249
1.25	0.0002563886153937052
1.26	0.0002497461337167863
1.27	0.00024462320037864685
1.28	0.00024069352476314266
1.29	0.00023767688171270603
1.3	0.00023533773081331756
1.31	0.00023348144059711834
1.32	0.0002319488485313864
1.33	0.00023060987783095802
1.34	0.0002293568799700881
1.35	0.00022809828549077353
1.36	0.0002267530345230146
1.37	0.0002252461319386086
1.3800000000000001	0.00022350553963729918
1.3900000000000001	0.00022146048878216032
1.4000000000000001	0.00021904117540315387
1.41	0.00021617969978549167
1.42	0.00021281202794009655
1.43	0.00020888069499928763
1.44	0.00020433793669162622
1.45	0.00019914892565799994
1.46	0.00019329480243160548
1.47	0.00018677522344311687
1.48	0.0001796101966100072
1.49	0.0001718410345649701
1.5	0.00016353032177213924
1.51	0.0001547608601154831
1.52	0.00014563362376355927
1.53	0.00013626481447000046
1.54	0.0001267821598819881
1.55	0.00011732063760138797
1.56	0.00010801783521146098
1.57	0.00009900917062039763
1.58	0.00009042319805072348
1.59	0.00008237721370325381
1.6	0.00007497335302785703
1.61	0.00006829534058790797
1.62	0.00006240601597574902
1.6300000000000001	0.000057345717554971625
1.6400000000000001	0.00005313156242650103
1.6500000000000001	0.00004975761828381797
1.6600000000000001	0.00004719592285842844
1.67	0.000045398271264421896
1.68	0.0000442986621532833
1.69	0.00004381627118795395
1.7	0.00004385880550367389
1.71	0.00004432608568192765
1.72	0.00004511370206797586
1.73	0.00004611659941133224
1.74	0.00004723245691756348
1.75	0.000048364748770945
1.76	0.00004942539178401242
1.77	0.000050336910750828195
1.78	0.00005103407703098494
1.79	0.00005146500064568349
1.8	0.00005159167962343562
1.81	0.00005139003155398146
1.82	0.00005084945055251465
1.83	0.000049971947571451635
1.84	0.00004877094290902084
1.85	0.00004726978674754269
1.86	0.00004550008669705585
1.87	0.00004349992087823983
1.8800000000000001	0.00004131201144728288
1.8900000000000001	0.00003898192714415629
1.9000000000000001	0.00003655637500386779
1.9100000000000001	0.000034081631411425804
1.92	0.000031602151810951
1.93	0.000029159387175647293
1.94	0.00002679082433414061
1.95	0.000024529256884671346
1.96	0.000022402284081707732
1.97	0.00002043202702720834
1.98	0.00001863504492389336
1.99	0.00001702242914156961
2.	0.000015600049416174935
2.0100000000000002	0.000014368924576886964
2.02	0.00001332568965018467
2.0300000000000002	0.000012463131845047337
2.04	0.000011770769572495653
2.05	0.00001123545107015588
2.06	0.000010841952159662025
2.07	0.000010573555941228232
2.08	0.000010412600623920775
2.09	0.000010340985026613062
2.1	0.000010340624419441421
2.11	0.000010393852199347355
2.12	0.000010483765331567617
2.13	0.00001059451350093683
2.14	0.000010711533492410912
2.15	0.000010821731475376374
2.16	0.000010913616638226234
2.17	0.000010977390060908711
2.18	0.000011004992885913815
2.19	0.000010990117818862042
2.2	0.000010928187824157815
2.21	0.000010816305639787863
2.22	0.000010653177470793247
2.23	0.00001043901397523544
2.24	0.00001017541145982168
2.25	9.8652160728206e-6
2.2600000000000002	9.512373725903617e-6
2.27	9.121768490080853e-6
2.2800000000000002	8.69905228128749e-6
2.29	8.25046875922879e-6
2.3000000000000003	7.782674485441045e-6
2.31	7.302560498015078e-6
2.32	6.817077536340776e-6
2.33	6.3330681673110235e-6
2.34	5.857109006508188e-6
2.35	5.395366081151865e-6
2.36	4.953466139280882e-6
2.37	4.53638637144492e-6
2.38	4.148364583048887e-6
2.39	3.792831349130374e-6
2.4	3.4723651153736645e-6
2.41	3.188670599978857e-6
2.42	2.9425802235606235e-6
2.43	2.7340776726650133e-6
2.44	2.5623421107306825e-6
2.45	2.425811010914053e-6
2.46	2.3222591181387274e-6
2.47	2.2488906695395508e-6
2.48	2.2024417255227895e-6
2.49	2.1792892957316877e-6
2.5	2.175563888303037e-6
2.5100000000000002	2.1872621652341945e-6
2.52	2.2103565453604746e-6
2.5300000000000002	2.240898849366848e-6
2.54	2.2751154151577465e-6
2.5500000000000003	2.309491511009513e-6
2.56	2.340843320773076e-6
2.57	2.3663762516794905e-6
2.58	2.383728802708378e-6
2.59	2.3910017124307145e-6
2.6	2.386772563566077e-6
2.61	2.3700964430026075e-6
2.62	2.340493628910431e-6
2.63	2.297925591711557e-6
2.64	2.2427608467541143e-6
2.65	2.1757323801193142e-6
2.66	2.097888484341715e-6
2.67	2.0105388897431943e-6
2.68	1.9151980635845452e-6
2.69	1.813527479201576e-6
2.7	1.707278538045618e-6
2.71	1.5982376674563783e-6
2.72	1.488174925034026e-6
2.73	1.3787972258378941e-6
2.74	1.271707080353988e-6
2.75	1.1683674978069986e-6
2.7600000000000002	1.0700734787687763e-6
2.77	9.779303000224508e-7
2.7800000000000002	8.928385890843419e-7
2.79	8.154860003093134e-7
2.8000000000000003	7.463451425644853e-7
2.81	6.856772723459521e-7
2.82	6.335411571295262e-7
2.83	5.898064318917908e-7
2.84	5.541707164419442e-7
2.85	5.261797310681984e-7
2.86	5.052496410428381e-7
2.87	4.906908743304699e-7
2.88	4.81732688695374e-7
2.89	4.775478114337589e-7
2.9	4.772765342452692e-7
2.91	4.800497144346752e-7
2.92	4.850102089572574e-7
2.93	4.913323472360447e-7
2.94	4.982391298625499e-7
2.95	5.050169211787404e-7
2.96	5.110274825294492e-7
2.97	5.157172681443419e-7
2.98	5.186239758922293e-7
2.99	5.193804095312655e-7
3.	5.177157667697947e-7
3.0100000000000002	5.134545178776537e-7
3.02	5.065130823594182e-7
3.0300000000000002	4.968945461025966e-7
3.04	4.846816883805921e-7
3.0500000000000003	4.7002860719467963e-7
3.06	4.5315124287718357e-7
3.0700000000000003	4.3431710395678905e-7
3.08	4.1383449641591086e-7
3.09	3.9204154815096876e-7
3.1	3.692953052647181e-7
3.11	3.459611564352789e-7
3.12	3.2240281674331506e-7
3.13	2.9897307377410586e-7
3.14	2.7600546736231386e-7
3.15	2.5380704085750066e-7
3.16	2.3265226711106675e-7
3.17	2.1277821736746263e-7
3.18	1.9438100670653834e-7
3.19	1.776135164109501e-7
3.2	1.6258436234429045e-7
3.21	1.493580497691537e-7
3.22	1.3795622956702432e-7
3.23	1.2835994900021374e-7
3.24	1.2051277232561295e-7
3.25	1.143246329604909e-7
3.2600000000000002	1.0967626962225362e-7
3.27	1.0642409390986536e-7
3.2800000000000002	1.0440533604378892e-7
3.29	1.0344331870781628e-7
3.3000000000000003	1.0335271581918306e-7
3.31	1.0394466319082889e-7
3.3200000000000003	1.0503160097334584e-7
3.33	1.0643174295659744e-7
3.34	1.0797308472286578e-7
3.35	1.0949688071119824e-7
3.36	1.1086053891589746e-7
3.37	1.1193990065947075e-7
3.38	1.1263089114423041e-7
3.39	1.1285054383603195e-7
3.4	1.1253741776410887e-7
3.41	1.1165144119334674e-7
3.42	1.101732275706651e-7
3.43	1.0810291996971726e-7
3.44	1.0545862833571733e-7
3.45	1.0227452961441672e-7
3.46	9.859870435331415e-8
3.47	9.449078466825781e-8
3.48	9.001948770867978e-8
3.49	8.526010611015438e-8
3.5	8.029202261181103e-8
3.5100000000000002	7.519631028438577e-8
3.52	7.005347292729822e-8
3.5300000000000002	6.494137242460581e-8
3.54	5.993338147572252e-8
3.5500000000000003	5.5096791406305654e-8
3.56	5.0491495973148365e-8
3.5700000000000003	4.6168963440139435e-8
3.58	4.217150093219051e-8
3.59	3.853180735448744e-8
3.6	3.5272804149359e-8
3.61	3.240772697474688e-8
3.62	2.9940456117095603e-8
3.63	2.7866059156475303e-8
3.64	2.617151611189505e-8
3.65	2.4836595011068602e-8
3.66	2.3834844526847033e-8
3.67	2.3134669955167137e-8
3.68	2.2700459310351574e-8
3.69	2.249372760076419e-8
3.7	2.2474249326509052e-8
3.71	2.2601151807392993e-8
3.72	2.28339449943219e-8
3.73	2.3133466828650207e-8
3.74	2.3462726879978865e-8
3.75	2.3787634804619695e-8
3.7600000000000002	2.4077604020709484e-8
3.77	2.43060247952199e-8
3.7800000000000002	2.445060459514435e-8
3.79	2.449357699233423e-8
3.8000000000000003	2.442178356230039e-8
3.81	2.422663602705292e-8
3.8200000000000003	2.390396831809865e-8
3.83	2.3453790247622808e-8
3.84	2.2879956055205607e-8
3.85	2.218976223727074e-8
3.86	2.1393489770827433e-8
3.87	2.0503906125982227e-8
3.88	1.9535742346225767e-8
3.89	1.8505159992591642e-8
3.9	1.7429221935038947e-8
3.91	1.6325379874740623e-8
3.92	1.521099014128628e-8
3.93	1.4102867778632356e-8
3.94	1.301688726376436e-8
3.95	1.1967636443243939e-8
3.96	1.0968128474654917e-8
3.97	1.0029574769622546e-8
3.98	9.161220196427168e-9
3.99	8.37024015289476e-9
4.	7.661697598975678e-9
4.01	7.038556772476632e-9
4.0200000000000005	6.501749124236878e-9
4.03	6.050286018013293e-9
4.04	5.681411956746173e-9
4.05	5.390791526010331e-9
4.0600000000000005	5.172722886864815e-9
4.07	5.020370498206868e-9
4.08	4.92600979245831e-9
4.09	4.8812767530636095e-9
4.1	4.8774157293574685e-9
4.11	4.9055193525020626e-9
4.12	4.956755061905594e-9
4.13	5.0225734899534425e-9
4.14	5.09489475851837e-9
4.15	5.166269588156288e-9
4.16	5.230012985455492e-9
4.17	5.280309132346545e-9
4.18	5.312286931782823e-9
4.19	5.322066447841807e-9
4.2	5.306777198352038e-9
4.21	5.264549900859624e-9
4.22	5.194483827362795e-9
4.23	5.096592382076831e-9
4.24	4.971729874910393e-9
4.25	4.821502719628328e-9
4.26	4.6481684409083136e-9
4.2700000000000005	4.454525932247104e-9
4.28	4.243800372759343e-9
4.29	4.019526093075341e-9
4.3	3.785430488093778e-9
4.3100000000000005	3.5453218177911765e-9
4.32	3.3029834279931786e-9
4.33	3.062076572808286e-9
4.34	2.8260536412948407e-9
4.3500000000000005	2.5980831946727203e-9
4.36	2.3809878183390547e-9
4.37	2.1771953957064083e-9
4.38	1.9887040281304402e-9
4.39	1.817060465492426e-9
4.4	1.663351582673724e-9
4.41	1.5282081441997596e-9
4.42	1.411819847354434e-9
4.43	1.313960426308066e-9
4.44	1.2340214381319473e-9
4.45	1.1710532365681879e-9
4.46	1.1238115704443534e-9
4.47	1.090808218928356e-9
4.48	1.0703640926963088e-9
4.49	1.060663284990845e-9
4.5	1.0598066452565246e-9
4.51	1.065863565809515e-9
4.5200000000000005	1.0769208137223358e-9
4.53	1.0911274004637637e-9
4.54	1.1067346554485109e-9
4.55	1.1221308512150158e-9
4.5600000000000005	1.1358699123568565e-9
4.57	1.1466939227869566e-9
4.58	1.153549322024071e-9
4.59	1.1555968470472695e-9
4.6000000000000005	1.1522154285019138e-9
4.61	1.1430003858770896e-9
4.62	1.1277563835393684e-9
4.63	1.106485706648034e-9
4.64	1.079372492051593e-9
4.65	1.0467636039231348e-9
4.66	1.0091468773374652e-9
4.67	9.671274659407454e-10
4.68	9.214030234847827e-10
4.69	8.727384248578152e-10
4.7	8.219406922346652e-10
4.71	7.698347382411073e-10
4.72	7.172404729157183e-10
4.73	6.64951747207568e-10
4.74	6.137175252662185e-10
4.75	5.64225593338112e-10
4.76	5.170890270783461e-10
4.7700000000000005	4.728355537829853e-10
4.78	4.3189986352837584e-10
4.79	3.9461884533493195e-10
4.8	3.61229652868245e-10
4.8100000000000005	3.318704401906305e-10
4.82	3.0658355273686425e-10
4.83	2.853209127692898e-10
4.84	2.679513025405097e-10
4.8500000000000005	2.5426922244361564e-10
4.86	2.440049854818844e-10
4.87	2.3683570311644903e-10
4.88	2.3239682040703378e-10
4.89	2.302938696114409e-10
4.9	2.3011413016024374e-10
4.91	2.3143790815564213e-10
4.92	2.3384917914963955e-10
4.93	2.369453727733633e-10
4.94	2.40346115631507e-10
4.95	2.43700788568429e-10
4.96	2.466947948191282e-10
4.97	2.490544756079106e-10
4.98	2.505506484658878e-10
4.99	2.510007800276994e-10
5.	2.502698385800582e-10
5.01	2.4826990154341964e-10
5.0200000000000005	2.449586188834379e-10
5.03	2.4033665482088237e-10
5.04	2.34444246925293e-10
5.05	2.2735703366022353e-10
5.0600000000000005	2.191813087431569e-10
5.07	2.1004886345290482e-10
5.08	2.001115765256842e-10
5.09	1.895359058803383e-10
5.1000000000000005	1.7849742752821598e-10
5.11	1.6717555513553508e-10
5.12	1.5574855933694787e-10
5.13	1.4438898959409273e-10
5.14	1.3325958370581232e-10
5.15	1.2250973155495992e-10
5.16	1.1227254084830296e-10
5.17	1.0266253396719032e-10
5.18	9.377398705241037e-11
5.19	8.56799055015028e-11
5.2	7.84316145092437e-11
5.21	7.205892941926134e-11
5.22	6.657085870036638e-11
5.23	6.195678247424344e-11
5.24	5.8188041796937295e-11
5.25	5.521986836898157e-11
5.26	5.299358099433265e-11
5.2700000000000005	5.143897384998219e-11
5.28	5.047682234281423e-11
5.29	5.002143485421893e-11
5.3	4.9983182809217397e-11
5.3100000000000005	5.0270947032591693e-11
5.32	5.079442502865526e-11
5.33	5.1466251391817405e-11
5.34	5.2203891766084505e-11
5.3500000000000005	5.293127937016857e-11
5.36	5.358017184687395e-11
5.37	5.4091214851336923e-11
5.38	5.4414707151968665e-11
5.39	5.451106989302992e-11
5.4	5.435102989700891e-11
5.41	5.3915533334778443e-11
5.42	5.319541165765414e-11
5.43	5.2190826293462615e-11
5.44	5.091052221354817e-11
5.45	4.9370923062683814e-11
5.46	4.759510211923626e-11
5.47	4.561166395332773e-11
5.48	4.345357133264415e-11
5.49	4.11569507643574e-11
5.5	3.875990814827639e-11
5.51	3.6301383453976977e-11
5.5200000000000005	3.382007023508634e-11
5.53	3.1353422274215897e-11
5.54	2.8936765831283473e-11
5.55	2.6602531964046877e-11
5.5600000000000005	2.4379619316369453e-11
5.57	2.2292893734368884e-11
5.58	2.0362827171556236e-11
5.59	1.860527466923006e-11
5.6000000000000005	1.7031384823481735e-11
5.61	1.5647636137958405e-11
5.62	1.4455989060990793e-11
5.63	1.3454141351972636e-11
5.64	1.2635872736272148e-11
5.65	1.199146359848296e-11
5.66	1.1508171725956665e-11
5.67	1.1170750832246034e-11
5.68	1.0961994737035045e-11
5.69	1.0863291620154566e-11
5.7	1.085517365990751e-11
5.71	1.0917848561932365e-11
5.72	1.1031700931922019e-11
5.73	1.11777530889024e-11
5.74	1.1338076699775265e-11
5.75	1.149614848528247e-11
5.76	1.1637145149220136e-11
5.7700000000000005	1.1748174566458372e-11
5.78	1.1818442085092625e-11
5.79	1.1839352512831343e-11
5.8	1.180454993213132e-11
5.8100000000000005	1.1709898893379922e-11
5.82	1.155341174774763e-11
5.83	1.1335127884887171e-11
5.84	1.1056951425553644e-11
5.8500000000000005	1.0722454481827735e-11
5.86	1.033665344014556e-11
5.87	9.905765852355689e-12
5.88	9.436955449904185e-12
5.89	8.93807254247764e-12
5.9	8.41739664490107e-12
5.91	7.883387617338334e-12
5.92	7.344450928302726e-12
5.93	6.80872188323294e-12
5.94	6.283872829389451e-12
5.95	5.776946476293387e-12
5.96	5.294217584662588e-12
5.97	4.841084399145241e-12
5.98	4.421990352521647e-12
5.99	4.040375770518693e-12
6.	3.698658573398569e-12
6.01	3.3982423166269293e-12
6.0200000000000005	3.139549348790404e-12
6.03	2.9220763980800734e-12
6.04	2.744469533647523e-12
6.05	2.604615186644071e-12
6.0600000000000005	2.499743756712705e-12
6.07	2.4265422695744246e-12
6.08	2.3812725843615543e-12
6.09	2.3598917678196346e-12
6.1000000000000005	2.358171447163402e-12
6.11	2.3718132137394276e-12
6.12	2.3965574643481685e-12
6.13	2.4282834242162474e-12
6.140000000000001	2.463098483100047e-12
6.15	2.497415381887095e-12
6.16	2.5280161998020266e-12
6.17	2.552102501058018e-12
6.18	2.567331394558557e-12
6.19	2.5718376321696295e-12
6.2	2.564242212495328e-12
6.21	2.5436482616755556e-12
6.22	2.5096252255473797e-12
6.23	2.462182625045202e-12
6.24	2.401734796831633e-12
6.25	2.3290581630643928e-12
6.26	2.245242648400907e-12
6.2700000000000005	2.1516388904648985e-12
6.28	2.0498028747293726e-12
6.29	1.9414395696796264e-12
6.3	1.828347047518468e-12
6.3100000000000005	1.7123624544450895e-12
6.32	1.5953110479745913e-12
6.33	1.4789593524055325e-12
6.34	1.3649733030195157e-12
6.3500000000000005	1.25488206048003e-12
6.36	1.1500479845682681e-12
6.37	1.0516430659128633e-12
6.38	9.60631930386449e-13
6.390000000000001	8.777613574946078e-13
6.4	8.035560949428024e-13
6.41	7.383206095861147e-13
6.42	6.82146292448392e-13
6.43	6.349235340882284e-13
6.44	5.963580072840618e-13
6.45	5.659904371770258e-13
6.46	5.432191044240127e-13
6.47	5.273243138085057e-13
6.48	5.174940678840041e-13
6.49	5.128502109190241e-13
6.5	5.124743506640256e-13
6.51	5.154329219921203e-13
6.5200000000000005	5.208008248080089e-13
6.53	5.27683146189449e-13
6.54	5.352345608968192e-13
6.55	5.426760925602433e-13
6.5600000000000005	5.493090075222354e-13
6.57	5.545257021150671e-13
6.58	5.578175299205349e-13
6.59	5.587795963639091e-13
6.6000000000000005	5.571126221702242e-13
6.61	5.526220433836486e-13
6.62	5.45214572746494e-13
6.63	5.348924944868974e-13
6.640000000000001	5.217460015104441e-13
6.65	5.059439104609703e-13
6.66	4.877231062149755e-13
6.67	4.67377073460853e-13
6.68	4.452438696717307e-13
6.69	4.2169388178643194e-13
6.7	3.9711768920423425e-13
6.71	3.7191432933799196e-13
6.72	3.464802301078007e-13
6.73	3.2119903759837354e-13
6.74	2.9643252787165764e-13
6.75	2.7251275083287716e-13
6.76	2.4973551226202754e-13
6.7700000000000005	2.2835525874398503e-13
6.78	2.08581390267875e-13
6.79	1.9057598761942293e-13
6.8	1.744529071338945e-13
6.8100000000000005	1.6027816455184897e-13
6.82	1.4807150312545782e-13
6.83	1.3780901911574662e-13
6.84	1.2942670061641152e-13
6.8500000000000005	1.2282472331635767e-13
6.86	1.1787233932160778e-13
6.87	1.1441319233026248e-13
6.88	1.1227089401997872e-13
6.890000000000001	1.1125470210355838e-13
6.9	1.111651496979407e-13
6.91	1.1179948794023911e-13
6.92	1.1295681863515413e-13
6.93	1.144428105699013e-13
6.94	1.160739114155643e-13
6.95	1.1768098628333465e-13
6.96	1.19112333475968e-13
6.97	1.2023604725649e-13
6.98	1.209417160775915e-13
6.99	1.2114146225746017e-13
7.	1.2077034518979908e-13
7.01	1.19786164539307e-13
7.0200000000000005	1.1816871226604756e-13
7.03	1.159185325768186e-13
7.04	1.1305525691851061e-13
7.05	1.0961558687079816e-13
7.0600000000000005	1.0565100128636542e-13
7.07	1.0122526534410514e-13
7.08	9.641181845109315e-14
7.09	9.129111532137995e-14
7.1000000000000005	8.594799027728921e-14
7.11	8.04691090926223e-14
7.12	7.494056577675816e-14
7.13	6.944567384571686e-14
7.140000000000001	6.406299310646258e-14
7.15	5.886462405698643e-14
7.16	5.391479293078993e-14
7.17	4.926874142910686e-14
7.18	4.4971926506654004e-14
7.19	4.105952740211197e-14
7.2	3.7556249601196935e-14
7.21	3.447640872713388e-14
7.22	3.1824271579059515e-14
7.23	2.959462676082271e-14
7.24	2.7773553607554336e-14
7.25	2.6339355442359584e-14
7.26	2.526362156979875e-14
7.2700000000000005	2.451238180015374e-14
7.28	2.4047317639752196e-14
7.29	2.3826995499158225e-14
7.3	2.380808926796454e-14
7.3100000000000005	2.3946562274730187e-14
7.32	2.4198781876816308e-14
7.33	2.4522543585591347e-14
7.34	2.487798560383439e-14
7.3500000000000005	2.5228378811647798e-14
7.36	2.554078146651242e-14
7.37	2.5786552070977753e-14
7.38	2.594171790576808e-14
7.390000000000001	2.598720053582303e-14
7.4	2.590890309356817e-14
7.41	2.5697667262733028e-14
7.42	2.5349110576773253e-14
7.43	2.48633568723266e-14
7.44	2.4244674478386467e-14
7.45	2.350103796805354e-14
7.46	2.2643630056862285e-14
7.47	2.1686300516719298e-14
7.48	2.064499881498064e-14
7.49	1.953719662083574e-14
7.5	1.8381315390170114e-14
7.51	1.7196172995573916e-14
7.5200000000000005	1.6000461864434493e-14
7.53	1.4812269381916046e-14
7.54	1.3648649464802543e-14
7.55	1.2525252273784165e-14
7.5600000000000005	1.1456017060882794e-14
7.57	1.0452931197242884e-14
7.58	9.525856542003987e-15
7.59	8.682422537834927e-15
7.6000000000000005	7.92798378945451e-15
7.61	7.26563842829499e-15
7.62	6.696302312900255e-15
7.63	6.218833077508742e-15
7.640000000000001	5.830197230669813e-15
7.65	5.525672925383574e-15
7.66	5.299080669784577e-15
7.67	5.143034114903361e-15
7.68	5.0492031306930785e-15
7.69	5.0085816461990255e-15
7.7	5.011753163862426e-15
7.71	5.04914743813213e-15
7.72	5.111282509505989e-15
7.73	5.188987080360116e-15
7.74	5.273599081557054e-15
7.75	5.357137182235541e-15
7.76	5.4324429137028546e-15
7.7700000000000005	5.493291987800897e-15
7.78	5.534474268335873e-15
7.79	5.551842681395956e-15
7.8	5.542332109610986e-15
7.8100000000000005	5.50394999257334e-15
7.82	5.4357409397685925e-15
7.83	5.3377281456379846e-15
7.84	5.2108347740877504e-15
7.8500000000000005	5.056788750157504e-15
7.86	4.878014560757769e-15
7.87	4.6775157280705215e-15
7.88	4.458751584365134e-15
7.890000000000001	4.225511853585479e-15
7.9	3.981792342719913e-15
7.91	3.731674775559564e-15
7.92	3.4792134747736267e-15
7.930000000000001	3.228331227621934e-15
7.94	2.9827262686193417e-15
7.95	2.7457918914640056e-15
7.96	2.5205497745120993e-15
7.97	2.3095976802825884e-15
7.98	2.1150717802430192e-15
7.99	1.9386234706601777e-15
8.	1.7814101915312775e-15