0.	-1.2590622988639666e-12
0.01	-0.000022194567919692676
0.02	-0.00007655421123010461
0.03	-0.00014554543590708074
0.04	-0.000214224277828314
0.05	-0.00027143192094968103
0.06	-0.00031022039725725465
0.07	-0.0003276560953290941
0.08	-0.0003241855657510718
0.09	-0.0003027530132004091
0.1	-0.000267839629814131
0.11	-0.00022456018299531254
0.12	-0.00017791027458583945
0.13	-0.00013221540726109492
0.14	-0.00009079560607919631
0.15	-0.000055830075802791804
0.16	-0.00002838662503009293
0.17	-8.57023441291708e-6
0.18	4.257038316113066e-6
0.19	0.00001122853064232738
0.2	0.000013733319569746458
0.21	0.00001320966812288745
0.22	0.000010986271565063376
0.23	8.17653688544479e-6
0.24	5.6235849644951356e-6
0.25	3.888431309866226e-6
0.26	3.2708838872317245e-6
0.27	3.851817837648865e-6
0.28	5.546195952971974e-6
0.29	8.157978322591284e-6
0.3	0.000011430394112198286
0.31	0.000015087494098529698
0.32	0.000018865131907348444
0.33	0.000022531321210227245
0.34	0.00002589718481845305
0.35000000000000003	0.00002882044385716164
0.36	0.00003120365478881495
0.37	0.00003298929519511913
0.38	0.00003415344937163215
0.39	0.00003469937203401694
0.4	0.00003465171489008336
0.41000000000000003	0.000034051762229115386
0.42	0.000032953684620589496
0.43	0.00003142160352089756
0.44	0.00002952716075077384
0.45	0.00002734728610061292
0.46	0.00002496192530795142
0.47000000000000003	0.000022451598096779323
0.48	0.000019894772901472437
0.49	0.00001736514808631555
0.5	0.000014929003261348486
0.51	0.000012642820992381631
0.52	0.000010551378304257243
0.53	8.686474032749066e-6
0.54	7.066401174239501e-6
0.55	5.696203555218277e-6
0.56	4.568684036841014e-6
0.5700000000000001	3.666066347539553e-6
0.58	2.9621614771422813e-6
0.59	2.424856625150616e-6
0.6	2.018731491965243e-6
0.61	1.7076123289526976e-6
0.62	1.4568958243301267e-6
0.63	1.235508551870234e-6
0.64	1.017408710003246e-6
0.65	7.825805881915282e-7
0.66	5.175144434908498e-7
0.67	2.1520188068780802e-7
0.68	-1.2529298654565467e-7
0.6900000000000001	-4.996047214562214e-7
0.7000000000000001	-8.990856194925563e-7
0.71	-1.3119741200014688e-6
0.72	-1.7246175496594783e-6
0.73	-2.1226637232692335e-6
0.74	-2.4921498655636413e-6
0.75	-2.8204339364994525e-6
0.76	-3.0969311462831513e-6
0.77	-3.3136358529583246e-6
0.78	-3.4654250387671474e-6
0.79	-3.550153357541178e-6
0.8	-3.5685608277866157e-6
0.81	-3.5240223802604808e-6
0.8200000000000001	-3.422173651086235e-6
0.8300000000000001	-3.2704498212845517e-6
0.84	-3.077574253889612e-6
0.85	-2.853031569972027e-6
0.86	-2.606556079342334e-6
0.87	-2.347661595552246e-6
0.88	-2.0852330568455147e-6
0.89	-1.8271944477009553e-6
0.9	-1.580261622928893e-6
0.91	-1.349783073923292e-6
0.92	-1.1396666795662362e-6
0.93	-9.523862259285595e-7
0.9400000000000001	-7.890580734882575e-7
0.9500000000000001	-6.495758568920292e-7
0.96	-5.327895289960199e-7
0.97	-4.3671437285020665e-7
0.98	-3.5875573031809257e-7
0.99	-2.9593603252275744e-7
1.	-2.4511214183770604e-7
1.01	-2.031728901859575e-7
1.02	-1.6720887998123982e-7
1.03	-1.3464895884941188e-7
1.04	-1.0336015125564101e-7
1.05	-7.171010620138683e-8
1.06	-3.8593194652208536e-8
1.07	-3.4231786820948015e-9
1.08	3.390318505887151e-8
1.09	7.306618962446948e-8
1.1	1.1340079592368966e-7
1.11	1.5398548640802472e-7
1.12	1.9373611566779466e-7
1.1300000000000001	2.3149893972761532e-7
1.1400000000000001	2.661376911837239e-7
1.1500000000000001	2.966104536366814e-7
1.16	3.2203310811320514e-7
1.17	3.4172720823203834e-7
1.18	3.552512251600729e-7
1.19	3.6241512991820547e-7
1.2	3.6327920032614153e-7
1.21	3.5813871452445437e-7
1.22	3.474967959614031e-7
1.23	3.320280912907832e-7
1.24	3.125361896225528e-7
1.25	2.899077363573474e-7
1.26	2.6506607385186477e-7
1.27	2.389269781137681e-7
1.28	2.1235868458621967e-7
1.29	1.8614793899544386e-7
1.3	1.6097330445034377e-7
1.31	1.3738643594508278e-7
1.32	1.1580152808008092e-7
1.33	9.649267727434075e-8
1.34	7.959849718567018e-8
1.35	6.513300112023218e-8
1.36	5.300152768416113e-8
1.37	4.302033980066824e-8
1.3800000000000001	3.493847105607014e-8
1.3900000000000001	2.8460420924395702e-8
1.4000000000000001	2.326840156676574e-8
1.41	1.9043000424817527e-8
1.42	1.5481329578454206e-8
1.43	1.2311968740731627e-8
1.44	9.306257795938835e-9
1.45	6.285741865951337e-9
1.46	3.1258036044874743e-9
1.47	-2.4427739629416086e-10
1.48	-3.844428080528493e-9
1.49	-7.649508919631168e-9
1.5	-1.159703930367736e-8
1.51	-1.5596254203079426e-8
1.52	-1.9537824381324276e-8
1.53	-2.3303608907808066e-8
1.54	-2.6775876280307923e-8
1.55	-2.984552205680127e-8
1.56	-3.2418918865438657e-8
1.57	-3.4423151259196524e-8
1.58	-3.580950570113819e-8
1.59	-3.655519832060021e-8
1.6	-3.6663424300394416e-8
1.61	-3.616189839616011e-8
1.62	-3.510012305036819e-8
1.6300000000000001	-3.354566711731982e-8
1.6400000000000001	-3.157976395686954e-8
1.6500000000000001	-2.929254338265836e-8
1.6600000000000001	-2.6778199494891295e-8
1.67	-2.4130368435372314e-8
1.68	-2.1437949802887268e-8
1.69	-1.8781556428457422e-8
1.7	-1.6230723104167396e-8
1.71	-1.3841949245085684e-8
1.72	-1.1657596600781723e-8
1.73	-9.705613831714916e-9
1.74	-8.000017279619758e-9
1.75	-6.542023220485306e-9
1.76	-5.321702278030181e-9
1.77	-4.320011847658837e-9
1.78	-3.5110571061519167e-9
1.79	-2.86443472456071e-9
1.8	-2.347524614030208e-9
1.81	-1.9276124673843116e-9
1.82	-1.5737478753021418e-9
1.83	-1.258267679682147e-9
1.84	-9.579402898651997e-10
1.85	-6.547123589424556e-10
1.86	-3.3606311875779063e-10
1.87	5.007327339248721e-12
1.8800000000000001	3.703122024578603e-10
1.8900000000000001	7.570782359477496e-10
1.9000000000000001	1.1587469033509322e-9
1.9100000000000001	1.5659079072027548e-9
1.92	1.967296420184976e-9
1.93	2.350789710110551e-9
1.94	2.704345984241145e-9
1.95	3.016837887942725e-9
1.96	3.2787442779780648e-9
1.97	3.48267587045766e-9
1.98	3.6237223867322723e-9
1.99	3.6996202158733426e-9
2.	3.7107498163937327e-9
2.0100000000000002	3.6599806564755522e-9
2.02	3.5523881428330237e-9
2.0300000000000002	3.394871554281119e-9
2.04	3.1957044507695805e-9
2.05	2.9640494655603486e-9
2.06	2.709468002443807e-9
2.07	2.4414524261989826e-9
2.08	2.1690041835331563e-9
2.09	1.900276285574989e-9
2.1	1.6422930917277795e-9
2.11	1.4007547150613466e-9
2.12	1.1799279465427093e-9
2.13	9.82620648223659e-10
2.14	8.102323163770943e-10
2.15	6.628701241424439e-10
2.16	5.39517314396768e-10
2.17	4.382393592561698e-10
2.18	3.564128068849181e-10
2.19	2.90962123035992e-10
2.2	2.3859098733292813e-10
2.21	1.9599627641991203e-10
2.22	1.6005519306750355e-10
2.23	1.2797851015502418e-10
2.24	9.742552218821486e-11
2.25	6.657887769643183e-11
2.2600000000000002	3.4179865905865107e-11
2.27	-4.731622013885737e-13
2.2800000000000002	-3.75588292626502e-11
2.29	-7.679351706314095e-11
2.3000000000000003	-1.1751235539906146e-10
2.31	-1.5876348021277815e-10
2.32	-1.9940866505100407e-10
2.33	-2.3822384498049456e-10
2.34	-2.739937802000502e-10
2.35	-3.055960734173601e-10
2.36	-3.3207088119715944e-10
2.37	-3.5267386533485133e-10
2.38	-3.669111405019459e-10
2.39	-3.7455612151940514e-10
2.4	-3.756492010157904e-10
2.41	-3.704820520525647e-10
2.42	-3.595690204816843e-10
2.43	-3.4360853224045186e-10
2.44	-3.2343768872761054e-10
2.45	-2.999832681356339e-10
2.46	-2.742122116617461e-10
2.47	-2.470843784538517e-10
2.48	-2.1950993518765582e-10
2.49	-1.9231324174032498e-10
2.5	-1.662045407901975e-10
2.5100000000000002	-1.4176019228864105e-10
2.52	-1.1941164642281672e-10
2.5300000000000002	-9.944284909349354e-11
2.54	-8.199534456367342e-11
2.5500000000000003	-6.707999697201883e-11
2.56	-5.459400550629623e-11
2.57	-4.4341740499070506e-11
2.58	-3.605787699495787e-11
2.59	-2.9431340823631704e-11
2.6	-2.4128698167114084e-11
2.61	-1.981579829086477e-11
2.62	-1.6176703899082854e-11
2.63	-1.2929197105804253e-11
2.64	-9.836414203254629e-12
2.65	-6.714423377093792e-12
2.66	-3.43580233293423e-12
2.67	7.051396375211571e-14
2.68	3.822670127042699e-12
2.69	7.792035013897864e-12
2.7	1.1911392181159349e-11
2.71	1.6084474698163245e-11
2.72	2.019614653001154e-11
2.73	2.412257453961587e-11
2.74	2.774080870836457e-11
2.75	3.0937285931792595e-11
2.7600000000000002	3.3614886670926444e-11
2.77	3.5698295772369856e-11
2.7800000000000002	3.713754127660598e-11
2.79	3.790970118158295e-11
2.8000000000000003	3.801887217700761e-11
2.81	3.749458186488058e-11
2.82	3.638889388227968e-11
2.83	3.4772502006879535e-11
2.84	3.273013447011701e-11
2.85	3.03555942648642e-11
2.86	2.7746747189031036e-11
2.87	2.500073950475773e-11
2.88	2.2209684779123337e-11
2.89	1.9457008396052176e-11
2.9	1.6814582165730282e-11
2.91	1.4340724050416972e-11
2.92	1.2079082597731256e-11
2.93	1.005837507916231e-11
2.94	8.292904851655529e-12
2.95	6.7837487328448466e-12
2.96	5.5204801838555105e-12
2.97	4.483279161782226e-12
2.98	3.6452743785060195e-12
2.99	2.974967610678056e-12
3.	2.4386014587726993e-12
3.0100000000000002	2.0023500571081915e-12
3.02	1.6342350080459948e-12
3.0300000000000002	1.3056944925162054e-12
3.04	9.927603653555895e-13
3.0500000000000003	6.768244693574336e-13
3.06	3.4499998574827384e-13
3.0700000000000003	-9.894775419073004e-15
3.08	-3.8968501950056773e-13
3.09	-7.914621211995461e-13
3.1	-1.208413240264373e-12
3.11	-1.6307868725692062e-12
3.12	-2.0469236913847088e-12
3.13	-2.4442862794871775e-12
3.14	-2.8104288084132123e-12
3.15	-3.1338576254040983e-12
3.16	-3.40474524737352e-12
3.17	-3.615472618458214e-12
3.18	-3.760986890521026e-12
3.19	-3.838973742806763e-12
3.2	-3.849853786972173e-12
3.21	-3.796621456926196e-12
3.22	-3.684551650893942e-12
3.23	-3.5208041106902916e-12
3.24	-3.313958062089448e-12
3.25	-3.0735100957578623e-12
3.2600000000000002	-2.8093668408016494e-12
3.27	-2.5313609554038647e-12
3.2800000000000002	-2.2488146720672686e-12
3.29	-1.970169962231696e-12
3.3000000000000003	-1.7026987086921783e-12
3.31	-1.45230046303006e-12
3.3200000000000003	-1.223389755496344e-12
3.33	-1.0188698052662272e-12
3.34	-8.401850801869142e-13
3.35	-6.874416427667491e-13
3.36	-5.595816919681244e-13
3.37	-4.5459720198226983e-13
3.38	-3.6976704322763894e-13
3.39	-3.019023689458033e-13
3.4	-2.475862425292298e-13
3.41	-2.0339531480331892e-13
3.42	-1.6609366644936318e-13
3.43	-1.3279153048002108e-13
3.44	-1.010643280668763e-13
3.45	-6.903012533749102e-14
3.46	-3.538610630120198e-14
3.47	5.931591324241929e-16
3.48	3.9091080543910906e-14
3.49	7.981212949371417e-14
3.5	1.2206585132893127e-13
3.5100000000000002	1.6486461708624212e-13
3.52	2.070279659585237e-13
3.5300000000000002	2.4728681946205734e-13
3.54	2.843816037795601e-13
3.5500000000000003	3.171493196980583e-13
3.56	3.4459576771726293e-13
3.5700000000000003	3.6595038668428187e-13
3.58	3.807024195131093e-13
3.59	3.8861830920851723e-13
3.6	3.897412937809692e-13
3.61	3.843750642061859e-13
3.62	3.7305404417003743e-13
3.63	3.5650332726687004e-13
3.64	3.3559156375786366e-13
3.65	3.1128013462433936e-13
3.66	2.8457180576481995e-13
3.67	2.564617484260309e-13
3.68	2.2789337782564345e-13
3.69	1.9972093823340504e-13
3.7	1.7268018820646105e-13
3.71	1.4736795153603243e-13
3.72	1.242307317834523e-13
3.73	1.0356207028157955e-13
3.74	8.550788246354859e-14
3.75	7.007865211003635e-14
3.7600000000000002	5.716710755934008e-14
3.77	4.6569851489822567e-14
3.7800000000000002	3.80113638817804e-14
3.79	3.116883825298657e-14
3.8000000000000003	2.569643204118146e-14
3.81	2.1247697759711465e-14
3.8200000000000003	1.749519502504209e-14
3.83	1.414654671998152e-14
3.84	1.0956477694185711e-14
3.85	7.734645047516815e-15
3.86	4.3493207537047094e-15
3.87	7.272083300466656e-16
3.88	-3.1501434092586495e-15
3.89	-7.25273047003411e-15
3.9	-1.1510600520049855e-14
3.91	-1.582374878084825e-14
3.92	-2.0072679402855304e-14
3.93	-2.4128952424822313e-14
3.94	-2.78651129309855e-14
3.95	-3.116350057495277e-14
3.96	-3.3923555898538956e-14
3.97	-3.6067366477995106e-14
3.98	-3.7543322965782955e-14
3.99	-3.8327875484098344e-14
4.	-3.842548862289527e-14
4.01	-3.786698389736798e-14
4.0200000000000005	-3.6706528775054075e-14
4.03	-3.5017579605746093e-14
4.04	-3.288811169476501e-14
4.05	-3.0415474333953263e-14
4.0600000000000005	-2.7701193901280338e-14
4.07	-2.4846017059684554e-14
4.08	-2.194544212148392e-14
4.09	-1.908593362420935e-14
4.1	-1.6341957001882586e-14
4.11	-1.3773910708534235e-14
4.12	-1.142697570133299e-14
4.13	-9.330849775092304e-15
4.14	-7.500289216227605e-15
4.15	-5.936344306776942e-15
4.16	-4.628149366673435e-15
4.17	-3.555112616525759e-15
4.18	-2.689345901290672e-15
4.19	-1.9981784323877013e-15
4.2	-1.4466109466326375e-15
4.21	-9.99585493856545e-16
4.22	-6.239697045475313e-16
4.23	-2.901810296432076e-16
4.24	2.659570663974902e-17
4.25	3.45616709599902e-16
4.26	6.80207369847424e-16
4.2700000000000005	1.037781614261714e-15
4.28	1.4202055504645463e-15
4.29	1.8244447476938725e-15
4.3	2.243425590885753e-15
4.3100000000000005	2.667037053048708e-15
4.32	3.0831996564432322e-15
4.33	3.4789328211488428e-15
4.34	3.841359550386206e-15
4.3500000000000005	4.1585976856672286e-15
4.36	4.4204989372946916e-15
4.37	4.6192097109677734e-15
4.38	4.749540608440098e-15
4.39	4.809143663036702e-15
4.4	4.798507278039761e-15
4.41	4.720788001939182e-15
4.42	4.581505380556168e-15
4.43	4.38813100184293e-15
4.44	4.149605466356955e-15
4.45	3.875817474672906e-15
4.46	3.577077730677786e-15
4.47	3.2636172105315523e-15
4.48	2.945134894693102e-15
4.49	2.63041469229415e-15
4.5	2.3270253995249656e-15
4.51	2.041111508706042e-15
4.5200000000000005	1.7772768707652414e-15
4.53	1.5385579099934622e-15
4.54	1.3264785347366718e-15
4.55	1.1411752524417562e-15
4.5600000000000005	9.815783841494407e-16
4.57	8.456337165420868e-16
4.58	7.305484012935939e-16
4.59	6.330453301500583e-16
4.6000000000000005	5.496114547625022e-16
4.61	4.767274257602298e-16
4.62	4.110683190703469e-16
4.63	3.496679143706179e-16
4.64	2.9004180931277376e-16
4.65	2.302674251591026e-16
4.66	1.6902153693093702e-16
4.67	1.0557822299374092e-16
4.68	3.977198465112685e-17
4.69	-2.8067822532688156e-17
4.7	-9.720420366704828e-17
4.71	-1.6659393065604695e-16
4.72	-2.349957284886132e-16
4.73	-3.010782797151577e-16
4.74	-3.63521870300746e-16
4.75	-4.211085413941946e-16
4.76	-4.727968236313682e-16
4.7700000000000005	-5.177784277803981e-16
4.78	-5.555155667964092e-16
4.79	-5.857588172081306e-16
4.8	-6.085465313741628e-16
4.8100000000000005	-6.241877394347212e-16
4.82	-6.332311985153802e-16
4.83	-6.364237397161908e-16
4.84	-6.346613278000939e-16
4.8500000000000005	-6.289362943945145e-16
4.86	-6.202840540493265e-16
4.87	-6.097322934001545e-16
4.88	-5.982551727712945e-16
4.89	-5.867345360411694e-16
4.9	-5.759295285893101e-16
4.91	-5.66455413318908e-16
4.92	-5.587717863575016e-16
4.93	-5.531798573382112e-16
4.94	-5.498279982825619e-16
4.95	-5.487243973702624e-16
4.96	-5.49755389593805e-16
4.97	-5.527078789255263e-16
4.98	-5.572942133539373e-16
4.99	-5.631779167059017e-16
5.	-5.699988068886712e-16
5.01	-5.773962231599154e-16
5.0200000000000005	-5.850293273653854e-16
5.03	-5.925937170786291e-16
5.04	-5.998338738678049e-16
5.05	-6.065512504387255e-16
5.0600000000000005	-6.126080612062618e-16
5.07	-6.179270696800045e-16
5.08	-6.224878537566246e-16
5.09	-6.263201706954804e-16
5.1000000000000005	-6.294951345553142e-16
5.11	-6.321149605605636e-16
5.12	-6.343020263013972e-16
5.13	-6.361879541319207e-16
5.14	-6.379033395878385e-16
5.15	-6.395686451928699e-16
5.16	-6.412866563117356e-16
5.17	-6.431367644018344e-16
5.18	-6.451712113166626e-16
5.19	-6.474133035548656e-16
5.2	-6.498574936838449e-16
5.21	-6.524711323588176e-16
5.22	-6.551976216657122e-16
5.23	-6.579606506764884e-16
5.24	-6.606691674028408e-16
5.25	-6.632227367422055e-16
5.26	-6.655169493894864e-16
5.2700000000000005	-6.674485790265473e-16
5.28	-6.68920230774126e-16
5.29	-6.698442789270577e-16
5.3	-6.701459523342793e-16
5.3100000000000005	-6.697654875164614e-16
5.32	-6.686593291688948e-16
5.33	-6.668004120141319e-16
5.34	-6.641776046071652e-16
5.3500000000000005	-6.607944329034663e-16
5.36	-6.566672281357036e-16
5.37	-6.518228594587444e-16
5.38	-6.462962172011429e-16
5.39	-6.401276082426266e-16
5.4	-6.333602123047387e-16
5.41	-6.260377284055973e-16
5.42	-6.182023162017338e-16
5.43	-6.098929093122492e-16
5.44	-6.011439488518807e-16
5.45	-5.919845570165904e-16
5.46	-5.82438144180949e-16
5.47	-5.725224198199564e-16
5.48	-5.622497585850858e-16
5.49	-5.516278586413392e-16
5.5	-5.406606201772863e-16
5.51	-5.293491677953534e-16
5.5200000000000005	-5.176929409649307e-16
5.53	-5.0569078134156e-16
5.54	-4.933419538154501e-16
5.55	-4.806470488324418e-16
5.5600000000000005	-4.676087259547636e-16
5.57	-4.542322719205237e-16
5.58	-4.405259597900044e-16
5.59	-4.265012083914955e-16
5.6000000000000005	-4.1217255257694686e-16
5.61	-3.97557444286619e-16
5.62	-3.826759117724436e-16
5.63	-3.6755010936689076e-16
5.64	-3.522037928788807e-16
5.65	-3.366617561553133e-16
5.66	-3.2094926278257846e-16
5.67	-3.050915036222017e-16
5.68	-2.8911310624560576e-16
5.69	-2.730377167567464e-16
5.7	-2.5688766837899856e-16
5.71	-2.406837449302448e-16
5.72	-2.2444504127864007e-16
5.73	-2.0818891737069548e-16
5.74	-1.9193103770018837e-16
5.75	-1.756854843179546e-16
5.76	-1.5946492877446636e-16
5.7700000000000005	-1.4328084677405347e-16
5.78	-1.271437587730485e-16
5.79	-1.1106348018875414e-16
5.8	-9.504936617222886e-17
5.8100000000000005	-7.911053787230676e-17
5.82	-6.325607959768652e-17
5.83	-4.749519907684918e-17
5.84	-3.183734593384299e-17
5.8500000000000005	-1.629228636699935e-17
5.86	-8.701346841796074e-19
5.87	1.441865531291653e-17
5.88	2.9563334185294924e-17
5.89	4.4552929608123627e-17
5.9	5.937634074385625e-17
5.91	7.40224465413693e-17
5.92	8.848022031629792e-17
5.93	1.0273884343773417e-16
5.94	1.167878117642154e-16
5.95	1.3061702955423073e-16
5.96	1.4421688683509231e-16
5.97	1.5757831755972673e-16
5.98	1.706928372302578e-16
5.99	1.8355255994472962e-16
6.	1.9615019596618262e-16
6.01	2.0847903187277885e-16
6.0200000000000005	2.2053289609047021e-16
6.03	2.32306113118129e-16
6.04	2.4379345002624834e-16
6.05	2.5499005885490215e-16
6.0600000000000005	2.6589141837656036e-16
6.07	2.764932783555318e-16
6.08	2.8679160896545145e-16
6.09	2.967825574599459e-16
6.1000000000000005	3.064624135711393e-16
6.11	3.1582758447602334e-16
6.12	3.2487457955843166e-16
6.13	3.3360000463582994e-16
6.140000000000001	3.4200056484038177e-16
6.15	3.500730749605728e-16
6.16	3.5781447577395935e-16
6.17	3.6522185473659363e-16
6.18	3.722924693377864e-16
6.19	3.790237714712067e-16
6.2	3.85413431301869e-16
6.21	3.914593593068862e-16
6.22	3.9715972541720697e-16
6.23	4.025129744687962e-16
6.24	4.0751783746561637e-16
6.25	4.1217333844577075e-16
6.26	4.1647879701074885e-16
6.2700000000000005	4.204338268132205e-16
6.28	4.240383304917664e-16
6.29	4.272924916852389e-16
6.3	4.3019676485239487e-16
6.3100000000000005	4.32751863664399e-16
6.32	4.3495874873199607e-16
6.33	4.368186153810606e-16
6.34	4.3833288210706803e-16
6.3500000000000005	4.395031802292306e-16
6.36	4.4033134513755575e-16
6.37	4.4081940938986144e-16
6.38	4.409695977793726e-16
6.390000000000001	4.4078432436446905e-16
6.4	4.402661913368523e-16
6.41	4.3941798950775264e-16
6.42	4.3824270011716976e-16
6.43	4.3674349762033524e-16
6.44	4.3492375307883974e-16
6.45	4.32787037780145e-16
6.46	4.303371267262304e-16
6.47	4.27578001666798e-16
6.48	4.245138534009771e-16
6.49	4.21149083129734e-16
6.5	4.1748830270496186e-16
6.51	4.1353633368644525e-16
6.5200000000000005	4.092982051808612e-16
6.53	4.0477915049450776e-16
6.54	3.9998460268100645e-16
6.55	3.9492018910500534e-16
6.5600000000000005	3.895917251717981e-16
6.57	3.8400520739044184e-16
6.58	3.7816680594466313e-16
6.59	3.720828569424937e-16
6.6000000000000005	3.6575985450345257e-16
6.61	3.592044428228967e-16
6.62	3.5242340832874275e-16
6.63	3.454236720181174e-16
6.640000000000001	3.3821228203246513e-16
6.65	3.30796406501135e-16
6.66	3.2318332665688844e-16
6.67	3.153804302035936e-16
6.68	3.07395204897346e-16
6.69	2.9923523228815917e-16
6.7	2.9090818156040337e-16
6.71	2.8242180340625567e-16
6.72	2.7378392386737576e-16
6.73	2.6500243808508963e-16
6.74	2.5608530390799527e-16
6.75	2.4704053531713073e-16
6.76	2.378761956418188e-16
6.7700000000000005	2.2860039055309665e-16
6.78	2.1922126083539587e-16
6.79	2.0974697495009405e-16
6.8	2.0018572141608015e-16
6.8100000000000005	1.9054570104204682e-16
6.82	1.8083511905253433e-16
6.83	1.7106217715458004e-16
6.84	1.6123506559423088e-16
6.8500000000000005	1.5136195525216568e-16
6.86	1.414509898255448e-16
6.87	1.3151027813926637e-16
6.88	1.2154788662446447e-16
6.890000000000001	1.1157183199566064e-16
6.9	1.01590074151088e-16
6.91	9.161050931351229e-17
6.92	8.164096342206116e-17
6.93	7.168918577914664e-17
6.94	6.176284295102877e-17
6.95	5.1869512916022427e-17
6.96	4.2016679450807286e-17
6.97	3.221172674305587e-17
6.98	2.246193421730277e-17
6.99	1.2774471560820564e-17
7.	3.156393936959539e-18
7.01	-6.385362625160197e-18
7.0200000000000005	-1.584398567374233e-17
7.03	-2.5212790617015305e-17
7.04	-3.448522484989108e-17
7.05	-4.3654871726489165e-17
7.0600000000000005	-5.271545437817413e-17
7.07	-6.166083937479693e-17
7.08	-7.048504022531329e-17
7.09	-7.918222071284498e-17
7.1000000000000005	-8.774669805869006e-17
7.11	-9.617294590970892e-17
7.12	-1.0445559714387386e-16
7.13	-1.1258944648952472e-16
7.140000000000001	-1.2056945295500864e-16
7.15	-1.2839074206667253e-16
7.16	-1.3604860791472978e-16
7.17	-1.435385150079975e-16
7.18	-1.508560999400754e-16
7.19	-1.5799717287093691e-16
7.2	-1.6495771882912244e-16
7.21	-1.7173389884081524e-16
7.22	-1.7832205089278781e-16
7.23	-1.8471869073676895e-16
7.24	-1.9092051254300464e-16
7.25	-1.9692438941077213e-16
7.26	-2.0272737374336718e-16
7.2700000000000005	-2.0832669749463903e-16
7.28	-2.137197722935519e-16
7.29	-2.1890418945253512e-16
7.3	-2.2387771986461147e-16
7.3100000000000005	-2.286383137934839e-16
7.32	-2.3318410055996983e-16
7.33	-2.375133881274478e-16
7.34	-2.416246625882987e-16
7.3500000000000005	-2.455165875527686e-16
7.36	-2.491880034412351e-16
7.37	-2.5263792668050923e-16
7.38	-2.558655488045761e-16
7.390000000000001	-2.588702354600752e-16
7.4	-2.616515253167764e-16
7.41	-2.642091288833871e-16
7.42	-2.6654292722911005e-16
7.43	-2.6865297061155085e-16
7.44	-2.7053947701174273e-16
7.45	-2.7220283057723033e-16
7.46	-2.7364357997434707e-16
7.47	-2.7486243665094777e-16
7.48	-2.758602730109902e-16
7.49	-2.7663812050243334e-16
7.5	-2.771971676199588e-16
7.51	-2.7753875782402363e-16
7.5200000000000005	-2.776643873777116e-16
7.53	-2.77575703102788e-16
7.54	-2.7727450005626333e-16
7.55	-2.7676271912867432e-16
7.5600000000000005	-2.760424445651742e-16
7.57	-2.751159014104136e-16
7.58	-2.739854528781016e-16
7.59	-2.726535976460565e-16
7.6000000000000005	-2.7112296707749834e-16
7.61	-2.6939632236931895e-16
7.62	-2.674765516280656e-16
7.63	-2.6536666687442164e-16
7.640000000000001	-2.630698009770362e-16
7.65	-2.6058920451666557e-16
7.66	-2.5792824258171263e-16
7.67	-2.550903914964146e-16
7.68	-2.5207923548309623e-16
7.69	-2.488984632600969e-16
7.7	-2.455518645771755e-16
7.71	-2.420433266903861e-16
7.72	-2.3837683077863147e-16
7.73	-2.3455644830427116e-16
7.74	-2.3058633732035866e-16
7.75	-2.264707387272387e-16
7.76	-2.222139724813979e-16
7.7700000000000005	-2.1782043375959704e-16
7.78	-2.132945890814402e-16
7.79	-2.0864097239363707e-16
7.8	-2.038641811193191e-16
7.8100000000000005	-1.9896887217583922e-16
7.82	-1.939597579645601e-16
7.83	-1.8884160233618368e-16
7.84	-1.8361921653523416e-16
7.8500000000000005	-1.782974551273405e-16
7.86	-1.7288121191299363e-16
7.87	-1.6737541583148529e-16
7.88	-1.61785026858769e-16
7.890000000000001	-1.5611503190298052e-16
7.9	-1.5037044070140296e-16
7.91	-1.4455628172262955e-16
7.92	-1.386775980777321e-16
7.930000000000001	-1.327394434442088e-16
7.94	-1.2674687800649976e-16
7.95	-1.2070496441684087e-16
7.96	-1.1461876378021537e-16
7.97	-1.0849333166713263e-16
7.98	-1.0233371415793207e-16
7.99	-9.614494392226949e-17
8.	-8.993203633738759e-17