0.	0.10000000000000014
0.01	0.09970532197623137
0.02	0.09883764935558531
0.03	0.09742320437088368
0.04	0.09549014719768815
0.05	0.09306822920539999
0.06	0.09018849099883608
0.07	0.08688300978437564
0.08	0.08318469594410047
0.09	0.07912713476590487
0.1	0.07474446623812439
0.11	0.07007129376065928
0.12	0.06514261155320569
0.13	0.059993740386921623
0.14	0.05466026190671684
0.15	0.049177943089313975
0.16	0.04358264412025826
0.17	0.037910204990675773
0.18	0.032196308240836816
0.19	0.026476317361053728
0.2	0.020785092276082252
0.21	0.015156784992086624
0.22	0.009624619811588643
0.23	0.004220663487675428
0.24	-0.0010244087131645913
0.25	-0.006081544824709981
0.26	-0.010923539730800196
0.27	-0.015525244660436189
0.28	-0.019863757409706466
0.29	-0.023918588811906265
0.3	-0.027671801830026377
0.31	-0.031108120560579763
0.32	-0.034215007369141084
0.33	-0.03698270728746868
0.34	-0.039404259658529436
0.35000000000000003	-0.0414754777954052
0.36	-0.04319489810612604
0.37	-0.044563700718399823
0.38	-0.04558560411080869
0.39	-0.046266736619608624
0.4	-0.04661548794565278
0.41000000000000003	-0.04664234393979093
0.42	-0.046359708005068286
0.43	-0.045781712429347234
0.44	-0.04492402286281855
0.45	-0.04380363899211951
0.46	-0.042438694247655256
0.47000000000000003	-0.04084825712453882
0.48	-0.039052136411514816
0.49	-0.03707069231715557
0.5	-0.03492465516881687
0.51	-0.03263495304685779
0.52	-0.030222549413058724
0.53	-0.027708291505478683
0.54	-0.02511277000834381
0.55	-0.022456190269730125
0.56	-0.01975825513507807
0.5700000000000001	-0.01703805929277326
0.58	-0.014313994889507539
0.59	-0.011603668066949065
0.6	-0.008923825995270676
0.61	-0.006290293930238579
0.62	-0.0037179217950557824
0.63	-0.0012205397817449542
0.64	0.0011890775248924394
0.65	0.003499238979154003
0.66	0.005699357115808308
0.67	0.007779961227259904
0.68	0.00973270367585491
0.6900000000000001	0.011550359816425193
0.7000000000000001	0.013226821884196783
0.71	0.01475708718833712
0.72	0.01613724094188344
0.73	0.01736443405420218
0.74	0.01843685621167017
0.75	0.019353704574817193
0.76	0.020115148424452136
0.77	0.02072229009399799
0.78	0.02117712252917545
0.79	0.021482483818276523
0.8	0.021642009035806983
0.81	0.021660079738802546
0.8200000000000001	0.021541771448517166
0.8300000000000001	0.021292799440629707
0.84	0.02091946315507723
0.85	0.020428589522771073
0.86	0.019827475491607127
0.87	0.019123830019227264
0.88	0.01832571578580395
0.89	0.017441490867496887
0.9	0.01647975060081907
0.91	0.015449269860403726
0.92	0.014358945967812464
0.93	0.013217742447053588
0.9400000000000001	0.012034633843135337
0.9500000000000001	0.010818551822788255
0.96	0.009578332780790679
0.97	0.00832266718031818
0.98	0.0070600508605127375
0.99	0.005798738548098293
1.	0.004546699811443719
1.01	0.003311577694153933
1.02	0.002100650260336506
1.03	0.0009207952745895779
1.04	-0.00022154177388282635
1.05	-0.001320376111961729
1.06	-0.002370208420033457
1.07	-0.00336604572544562
1.08	-0.0043034183426363445
1.09	-0.005178392785236509
1.1	-0.005987580612691774
1.11	-0.0067281432129313425
1.12	-0.007397792562416587
1.1300000000000001	-0.007994788044600949
1.1400000000000001	-0.008517929446511413
1.1500000000000001	-0.008966546289955616
1.16	-0.009340483687988354
1.17	-0.009640084948059473
1.18	-0.00986617117016374
1.19	-0.010020018110907193
1.2	-0.010103330602423051
1.21	-0.010118214828380897
1.22	-0.010067148767940678
1.23	-0.009952951122532694
1.24	-0.009778749040031382
1.25	-0.00954794494655794
1.26	-0.009264182788189823
1.27	-0.008931313973719638
1.28	-0.008553363295767426
1.29	-0.008134495091498512
1.3	-0.007678979886416404
1.31	-0.007191161745652914
1.32	-0.0066754265372977175
1.33	-0.0061361712919920765
1.34	-0.005577774822602267
1.35	-0.005004569747585521
1.36	-0.004420816041910106
1.37	-0.0038306762202891254
1.3800000000000001	-0.00323819223918225
1.3900000000000001	-0.002647264186618478
1.4000000000000001	-0.0020616308124633683
1.41	-0.0014848519363338001
1.42	-0.0009202927559613352
1.43	-0.00037111006541355214
1.44	0.00015975961982561785
1.45	0.0006696100453716528
1.46	0.0011559733330537704
1.47	0.0016166262633089347
1.48	0.002049594768390737
1.49	0.0024531566879965718
1.5	0.002825842846237623
1.51	0.0031664365154824283
1.52	0.0034739713385273036
1.53	0.003747727785810945
1.54	0.0039872282290211334
1.55	0.00419223071645951
1.56	0.004362721538956438
1.57	0.004498906677981912
1.58	0.004601202229899158
1.59	0.004670223902074944
1.6	0.004706775677814583
1.61	0.004711837747850279
1.62	0.004686553806399494
1.6300000000000001	0.004632217809646109
1.6400000000000001	0.004550260293901317
1.6500000000000001	0.004442234349693383
1.6600000000000001	0.004309801346633902
1.67	0.004154716502130502
1.68	0.003978814384877949
1.69	0.0037839944415752652
1.7	0.0035722066324989565
1.71	0.003345437258422661
1.72	0.0031056950579224874
1.73	0.0028549976503541535
1.74	0.0025953583957434665
1.75	0.0023287737385054397
1.76	0.0020572110973118237
1.77	0.0017825973585751263
1.78	0.0015068080259260771
1.79	0.0012316570727496157
1.8	0.000958887539334942
1.81	0.0006901629105137847
1.82	0.00042705930383860134
1.83	0.00017105849242222247
1.84	-0.00007645821943945636
1.85	-0.000314215255769631
1.86	-0.0005410471574605301
1.87	-0.0007559020997499864
1.8800000000000001	-0.0009578445443530255
1.8900000000000001	-0.0011460570376735685
1.9000000000000001	-0.001319841172017955
1.9100000000000001	-0.0014786177319839689
1.92	-0.0016219260531627454
1.93	-0.0017494226249270685
1.94	-0.0018608789733512148
1.95	-0.001956178864183909
1.96	-0.002035314869249584
1.97	-0.0020983843426635555
1.98	-0.0021455848557977884
1.99	-0.0021772091420163404
2.	-0.0021936396038092225
2.0100000000000002	-0.0021953424360923856
2.02	-0.0021828614201167573
2.0300000000000002	-0.0021568114426534636
2.04	-0.0021178717949123294
2.05	-0.0020667793050276927
2.06	-0.0020043213569343197
2.07	-0.0019313288470842913
2.08	-0.0018486691287533572
2.09	-0.0017572389916843932
2.1	-0.001657957722548791
2.11	-0.0015517602892083794
2.12	-0.0014395906890634035
2.13	-0.0013223954989109562
2.14	-0.0012011176607443317
2.15	-0.001076690534829852
2.16	-0.0009500322482328147
2.17	-0.0008220403637578765
2.18	-0.0006935868910470313
2.19	-0.0005655136583663733
2.2	-0.0004386280604322447
2.21	-0.0003136991945007094
2.22	-0.00019145439388832064
2.23	-0.00007257616512529773
2.24	0.000042300467922355626
2.25	0.00015259021237325063
2.2600000000000002	0.0002577593491267805
2.27	0.00035732717465289995
2.2800000000000002	0.00045086704863472876
2.29	0.0005380070565129619
2.3000000000000003	0.00061843029801615
2.31	0.0006918748146358371
2.32	0.0007581331707190294
2.33	0.0008170517043997312
2.34	0.0008685294659766761
2.35	0.0009125168625653088
2.36	0.0009490140289100295
2.37	0.00097806894513923
2.38	0.0009997753229829586
2.39	0.0010142702825545007
2.4	0.0010217318422257164
2.41	0.0010223762444062172
2.42	0.0010164551401723137
2.43	0.0010042526556884757
2.44	0.000986082363226747
2.45	0.0009622841793240184
2.46	0.0009332212122291488
2.47	0.000899276580288009
2.48	0.0008608502223012077
2.49	0.0008183557201733826
2.5	0.0007722171533617819
2.5100000000000002	0.0007228660037326827
2.52	0.00067073812845477
2.5300000000000002	0.0006162708175066508
2.54	0.0005598999512594078
2.5500000000000003	0.0005020572724224339
2.56	0.00044316778542043307
2.57	0.00038364729500940225
2.58	0.00032390009464860255
2.59	0.00026431681383206994
2.6	0.00020527243225590706
2.61	0.00014712446736480245
2.62	0.00009021134049113425
2.63	0.00003485092548116217
2.64	-0.000018660717597370585
2.65	-0.00007005042234507482
2.66	-0.00011906880943649418
2.67	-0.00016549099465780777
2.68	-0.00020911711384370428
2.69	-0.0002497726680771865
2.7	-0.0002873086935535007
2.71	-0.0003216017614821974
2.72	-0.000352553814305387
2.73	-0.0003800918453412326
2.74	-0.00040416742971685784
2.75	-0.0004247561151310623
2.7600000000000002	-0.00044185668158300316
2.77	-0.00045549027971667855
2.7800000000000002	-0.00046569945786223524
2.79	-0.0004725470882035964
2.8000000000000003	-0.00047611520276845745
2.81	-0.0004765037501223065
2.82	-0.0004738292837547201
2.83	-0.00046822359317586
2.84	-0.0004598322886967406
2.85	-0.00044881335075149973
2.86	-0.00043533565443730005
2.87	-0.0004195774797013818
2.88	-0.0004017250172995952
2.89	-0.00038197088029070776
2.9	-0.00036051263042083176
2.91	-0.00033755132829701046
2.92	-0.00031329011575356616
2.93	-0.0002879328382839004
2.94	-0.0002616827148494636
2.95	-0.00023474106179114876
2.96	-0.00020730607696176385
2.97	-0.0001795716895759647
2.98	-0.0001517264806411875
2.99	-0.00012395267819390317
3.	-0.00009642523092474914
3.0100000000000002	-0.00006931096313752171
3.02	-0.00004276781335514458
3.0300000000000002	-0.000016944158263835846
3.04	8.021776921245223e-6
3.0500000000000003	0.000032002421176673774
3.06	0.0000548812735564304
3.0700000000000003	0.00007655323286944058
3.08	0.00009692484229860515
3.09	0.00011591445060625729
3.1	0.00013345229203671384
3.11	0.00014948048746114077
3.12	0.00016395296971185685
3.13	0.00017683533642124183
3.14	0.00018810463401373897
3.15	0.00019774907679725401
3.16	0.00020576770536221594
3.17	0.00021216998872233353
3.18	0.0002169753748207856
3.19	0.00022021279417929376
3.2	0.0002219201215857653
3.21	0.00022214360079949105
3.22	0.00022093723730204676
3.23	0.00021836216413802844
3.24	0.00021448598587363917
3.25	0.00020938210565423686
3.2600000000000002	0.0002031290402655803
3.27	0.00019580972799926997
3.2800000000000002	0.00018751083399230913
3.29	0.00017832205755563993
3.3000000000000003	0.0001683354458286445
3.31	0.00015764471789795763
3.3200000000000003	0.00014634460330132876
3.33	0.00013453019860286655
3.34	0.00012229634547664483
3.35	0.00010973703347362511
3.36	0.00009694483037403409
3.37	0.00008401034274593846
3.38	0.00007102170904280927
3.39	0.00005806412728034276
3.4	0.00004521941903782902
3.41	0.000032565631233747866
3.42	0.000020176676831040932
3.43	8.12201533638796e-6
3.44	-3.533626328354564e-6
3.45	-0.00001473049228406389
3.46	-0.000025413995454595844
3.47	-0.00003553487486430501
3.48	-0.0000450493129587351
3.49	-0.00005391901367320245
3.5	-0.00006211124219950236
3.5100000000000002	-0.00006959882761221327
3.52	-0.00007636012971214925
3.5300000000000002	-0.00008237897162473892
3.54	-0.00008764453985481038
3.5500000000000003	-0.00009215125364603681
3.56	-0.00009589860562273014
3.5700000000000003	-0.00009889097580360117
3.58	-0.00010113742117138041
3.59	-0.0001026514430588985
3.6	-0.00010345073467143891
3.61	-0.00010355691110720156
3.62	-0.00010299522426288104
3.63	-0.00010179426502013279
3.64	-0.00009998565510162706
3.65	-0.00009760373096310234
3.66	-0.00009468522205104253
3.67	-0.00009126892570509685
3.68	-0.00008739538092097642
3.69	-0.00008310654311420625
3.7	-0.00007844546193870669
3.71	-0.00007345596411773593
3.72	-0.00006818234313920823
3.73	-0.00006266905755389727
3.74	-0.00005696043949452134
3.75	-0.000051100414907294315
3.7600000000000002	-0.000045132236856205636
3.77	-0.00003909823312515754
3.7800000000000002	-0.000033039569205098975
3.79	-0.0000269960276135244
3.8000000000000003	-0.000021005804353053204
3.81	-0.000015105323175286437
3.8200000000000003	-9.329068176590484e-6
3.83	-3.709435114799583e-6
3.84	1.7233982991647428e-6
3.85	6.941583012281828e-6
3.86	0.00001191969014792553
3.87	0.000016634783559296867
3.88	0.000021066473662322907
3.89	0.000025196952903684572
3.9	0.000029011013324270815
3.91	0.00003249604677613639
3.92	0.0000356420284415167
3.93	0.00003844148438540107
3.94	0.00004088944394826874
3.95	0.000042983377852721474
3.96	0.00004472312295672487
3.97	0.00004611079463697125
3.98	0.00004715068782843681
3.99	0.00004784916778061114
4.	0.000048214551617162974
4.01	0.000048256981804153616
4.0200000000000005	0.000047988292642464916
4.03	0.00004742187090311804
4.04	0.000046572511719871914
4.05	0.00004545627084221246
4.0600000000000005	0.00004409031433390954
4.07	0.000042492766778084826
4.08	0.00004068255901959664
4.09	0.000038679276439920664
4.1	0.00003650300871901322
4.11	0.0000341742019933472
4.12	0.00003171351426986132
4.13	0.000029141674902441145
4.14	0.000026479348881227698
4.15	0.000023747006626011647
4.16	0.000020964799913689433
4.17	0.00001815244450672574
4.18	0.000015329109985237384
4.19	0.000012513317220162532
4.2	9.722843859449443e-6
4.21	6.974638133719458e-6
4.22	4.28474122288511e-6
4.23	1.6682183610687075e-6
4.24	-8.609012056631651e-7
4.25	-3.2896753554886598e-6
4.26	-5.606291326941049e-6
4.2700000000000005	-7.800099117972142e-6
4.28	-9.861636165463996e-6
4.29	-0.000011782643474350826
4.3	-0.000013556073414153556
4.3100000000000005	-0.000015176089446128457
4.32	-0.00001663805808623821
4.33	-0.00001793853344760018
4.34	-0.000019075234740861575
4.3500000000000005	-0.000020047017141988522
4.36	-0.00002085383646418947
4.37	-0.000021496708094086616
4.38	-0.000021977660671785227
4.39	-0.000022299685010214057
4.4	-0.000022466678761034193
4.41	-0.00002248338734262869
4.42	-0.000022355341650263746
4.43	-0.000022088793069570562
4.44	-0.000021690646312160302
4.45	-0.000021168390586592788
4.46	-0.00002053002960923899
4.47	-0.000019784010947977058
4.48	-0.00001893915517732876
4.49	-0.000018004585306775577
4.5	-0.000016989656924792338
4.51	-0.000015903889479822838
4.5200000000000005	-0.000014756899096202895
4.53	-0.000013558333298142081
4.54	-0.000012317807988529046
4.55	-0.000011044847001747898
4.5600000000000005	-9.748824521115867e-6
4.57	-8.438910622187102e-6
4.58	-7.1240201732467925e-6
4.59	-5.812765294043028e-6
4.6000000000000005	-4.513411543390949e-6
4.61	-3.2338379759267354e-6
4.62	-1.9815011781820903e-6
4.63	-7.634033644892387e-7
4.64	4.1393541584290774e-7
4.65	1.5445009369188073e-6
4.66	2.6228043244195915e-6
4.67	3.6438974840414772e-6
4.68	4.603384485818004e-6
4.69	5.497428983737516e-6
4.7	6.3227577724505525e-6
4.71	7.076660603759373e-6
4.72	7.75698640488688e-6
4.73	8.362136058204761e-6
4.74	8.891051918077125e-6
4.75	9.343204254738332e-6
4.76	9.718574827619344e-6
4.7700000000000005	0.000010017637801276981
4.78	0.000010241338226044571
4.79	0.000010391068312730958
4.8	0.000010468641736165137
4.8100000000000005	0.000010476266206146
4.82	0.000010416514546453808
4.83	0.000010292294523058933
4.84	0.000010106817661584481
4.8500000000000005	9.863567291507517e-6
4.86	9.566266050590929e-6
4.87	9.218843077705008e-6
4.88	8.82540111560857e-6
4.89	8.390183737501792e-6
4.9	7.917542902333931e-6
4.91	7.411907034041444e-6
4.92	6.877749809207687e-6
4.93	6.319559826175952e-6
4.94	5.741811316510771e-6
4.95	5.1489360470000465e-6
4.96	4.545296547211812e-6
4.97	3.935160784082972e-6
4.98	3.3226783912037877e-6
4.99	2.711858546489127e-6
5.	2.106549577873224e-6
5.01	1.5104203626352732e-6
5.0200000000000005	9.269435720388521e-7
5.03	3.5938079923565697e-7
5.04	-1.8923040507294523e-7
5.05	-7.160875778343304e-7
5.0600000000000005	-1.2186324710105096e-6
5.07	-1.6945582746274666e-6
5.08	-2.1418149606852857e-6
5.09	-2.558612784171256e-6
5.1000000000000005	-2.943423987838441e-6
5.11	-3.2949827671396944e-6
5.12	-3.6122835607161534e-6
5.13	-3.89457774008595e-6
5.14	-4.141368779653939e-6
5.15	-4.352405994833535e-6
5.16	-4.527676941936922e-6
5.17	-4.667398578533755e-6
5.18	-4.772007287205195e-6
5.19	-4.842147869031057e-6
5.2	-4.8786616157509885e-6
5.21	-4.882573571352295e-6
5.22	-4.855079094872086e-6
5.23	-4.797529836485096e-6
5.24	-4.711419238505087e-6
5.25	-4.598367671788278e-6
5.26	-4.460107316225162e-6
5.2700000000000005	-4.298466891577553e-6
5.28	-4.115356341901072e-6
5.29	-3.912751573229598e-6
5.3	-3.6926793401317016e-6
5.3100000000000005	-3.4572023722234132e-6
5.32	-3.2084048267835758e-6
5.33	-2.9483781483141738e-6
5.34	-2.6792074102666766e-6
5.3500000000000005	-2.402958208261882e-6
5.36	-2.1216641680169834e-6
5.37	-1.8373151249013316e-6
5.38	-1.5518460256250602e-6
5.39	-1.2671265960603842e-6
5.4	-9.849518126563309e-7
5.41	-7.070332083711562e-7
5.42	-4.349910375564687e-7
5.43	-1.7034731782535538e-7
5.44	8.5480239345386e-8
5.45	3.3118340364735116e-7
5.46	5.655677069060896e-7
5.47	7.875558359824896e-7
5.48	9.961901490690832e-7
5.49	1.1906343320165264e-6
5.5	1.370174216205503e-6
5.51	1.53421778403801e-6
5.5200000000000005	1.6822943923448535e-6
5.53	1.8140532478787324e-6
5.54	1.929261172570836e-6
5.55	2.0277996993672707e-6
5.5600000000000005	2.1096615422210425e-6
5.57	2.1749464861946583e-6
5.58	2.223856745624012e-6
5.59	2.256691839909957e-6
5.6000000000000005	2.2738430377422074e-6
5.61	2.275787421427355e-6
5.62	2.2630816234975754e-6
5.63	2.236355287928419e-6
5.64	2.1963043081059795e-6
5.65	2.1436838931687953e-6
5.66	2.07930151352396e-6
5.67	2.004009775216587e-6
5.68	1.918699271435514e-6
5.69	1.8242914577845457e-6
5.7	1.7217315960584559e-6
5.71	1.6119818091562208e-6
5.72	1.4960142874637264e-6
5.73	1.3748046845641718e-6
5.74	1.2493257375111862e-6
5.75	1.1205411441474855e-6
5.76	9.89399727094962e-7
5.7700000000000005	8.568299111013077e-7
5.78	7.237345374259075e-7
5.79	5.909860359058979e-7
5.8	4.5942197228197867e-7
5.8100000000000005	3.298409853039039e-7
5.82	2.029991250966282e-7
5.83	7.960660126837667e-8
5.84	-3.967505369930393e-8
5.8500000000000005	-1.5423540310852264e-7
5.86	-2.635171068553744e-7
5.87	-3.670175071751153e-7
5.88	-4.642898046594016e-7
5.89	-5.54943832311122e-7
5.9	-6.386464376886925e-7
5.91	-7.151214853294959e-7
5.92	-7.841494936219273e-7
5.93	-8.455669221099496e-7
5.94	-8.99265126859663e-7
5.95	-9.451890029871575e-7
5.96	-9.833353347407278e-7
5.97	-1.0137508746440517e-6
5.98	-1.036530174142003e-6
5.99	-1.0518131889463588e-6
6.	-1.059782682857429e-6
6.01	-1.0606614542423562e-6
6.0200000000000005	-1.0547094095850967e-6
6.03	-1.04222050859215e-6
6.04	-1.0235196052473005e-6
6.05	-9.989592089647827e-7
6.0600000000000005	-9.689161896004442e-7
6.07	-9.337884495528364e-7
6.08	-8.939915855289166e-7
6.09	-8.499555617716956e-7
6.1000000000000005	-8.021214156586043e-7
6.11	-7.509380155901811e-7
6.12	-6.968588900080605e-7
6.13	-6.403391452207235e-7
6.140000000000001	-5.818324884840789e-7
6.15	-5.217883714937333e-7
6.16	-4.6064926810584866e-7
6.17	-3.9884809872542695e-7
6.18	-3.3680581239421613e-7
6.19	-2.749291361854841e-7
6.2	-2.1360850007995904e-7
6.21	-1.5321614406474776e-7
6.22	-9.410441277570645e-8
6.23	-3.660424160061885e-8
6.24	1.8976163214738585e-8
6.25	7.235244925578076e-8
6.26	1.2326504751958057e-7
6.2700000000000005	1.7147990823111713e-7
6.28	2.1678904543318319e-7
6.29	2.5901089401987473e-7
6.3	2.979904839499584e-7
6.3100000000000005	3.335994373722254e-7
6.32	3.6573579531673514e-7
6.33	3.9432368145046013e-7
6.34	4.193128111602831e-7
6.3500000000000005	4.4067785490962656e-7
6.36	4.584176654146059e-7
6.37	4.7255437870202184e-7
6.38	4.831323995434378e-7
6.390000000000001	4.90217282108369e-7
6.4	4.938945169454121e-7
6.41	4.942682355847066e-7
6.42	4.914598441603432e-7
6.43	4.856065974792598e-7
6.44	4.768601249168282e-7
6.45	4.6538491940153613e-7
6.46	4.51356800565581e-7
6.47	4.349613628883875e-7
6.48	4.1639241935014497e-7
6.49	3.9585045074663374e-7
6.5	3.7354107039938367e-7
6.51	3.496735135311079e-7
6.5200000000000005	3.2445916007021835e-7
6.53	2.9811009910477215e-7
6.54	2.708377426304524e-7
6.55	2.428514956339808e-7
6.5600000000000005	2.1435748892750964e-7
6.57	1.8555738050623345e-7
6.58	1.5664723054496533e-7
6.59	1.2781645448514738e-7
6.6000000000000005	9.924685799543755e-8
6.61	7.111175692195548e-8
6.62	4.357518468186089e-8
6.63	1.6791188901099e-8
6.640000000000001	-9.096781543093218e-9
6.65	-3.3956398537717616e-8
6.66	-5.766688587383519e-8
6.67	-8.01193601573398e-8
6.68	-1.0121708269168471e-7
6.69	-1.2087562405950318e-7
6.7	-1.390229436249377e-7
6.71	-1.5559938664079288e-7
6.72	-1.7055760207199163e-7
6.73	-1.8386238463847088e-7
6.74	-1.954904449349024e-7
6.75	-2.0543011180087708e-7
6.76	-2.1368097139281176e-7
6.7700000000000005	-2.2025344764741194e-7
6.78	-2.251683290261226e-7
6.79	-2.284562465906606e-7
6.8	-2.3015710858200455e-7
6.8100000000000005	-2.303194967597552e-7
6.82	-2.2900002980635466e-7
6.83	-2.2626269911252776e-7
6.84	-2.2217818223756078e-7
6.8500000000000005	-2.1682313928228697e-7
6.86	-2.1027949732535526e-7
6.87	-2.026337279563703e-7
6.88	-1.939761227946341e-7
6.890000000000001	-1.8440007171146967e-7
6.9	-1.7400134827953505e-7
6.91	-1.6287740675630818e-7
6.92	-1.5112669467320757e-7
6.93	-1.3884798484889551e-7
6.94	-1.2613973037738395e-7
6.95	-1.130994458610451e-7
6.96	-9.982311786759922e-8
6.97	-8.640464729108137e-8
6.98	-7.293532599173233e-8
6.99	-5.9503349780953745e-8
7.	-4.6193369507080745e-8
7.01	-3.308608168771376e-8
7.0200000000000005	-2.0257859826773183e-8
7.03	-7.780427251078674e-9
7.04	4.279427995987453e-9
7.05	1.58600959557173e-8
7.0600000000000005	2.690534528248906e-8
7.07	3.7364481801072014e-8
7.08	4.719246565208598e-8
7.09	5.6349987828973375e-8
7.1000000000000005	6.480350713982383e-8
7.11	7.252524884192978e-8
7.12	7.949316639561268e-8
7.13	8.569086796563483e-8
7.140000000000001	9.110750946317717e-8
7.15	9.573765606827782e-8
7.16	9.958111430163197e-8
7.17	1.0264273682558594e-7
7.18	1.0493220224694235e-7
7.19	1.0646377226898636e-7
7.2	1.0725602859706124e-7
7.21	1.0733159204145194e-7
7.22	1.0671682628362452e-7
7.23	1.0544152877753937e-7
7.24	1.0353861124741633e-7
7.25	1.0104377221759447e-7
7.26	9.799516396980393e-8
7.2700000000000005	9.443305626900446e-8
7.28	9.039949913184928e-8
7.29	8.593798683268758e-8
7.3	8.109312525181758e-8
7.3100000000000005	7.591030457038798e-8
7.32	7.043537920700881e-8
7.33	6.471435677371507e-8
7.34	5.879309770460988e-8
7.3500000000000005	5.27170270801977e-8
7.36	4.6530860035323606e-8
7.37	4.0278341999655246e-8
7.38	3.400200487793178e-8
7.390000000000001	2.7742940133701692e-8
7.4	2.154058959596614e-8
7.41	1.5432554664035837e-8
7.42	9.454424442850012e-9
7.43	3.639623199928301e-9
7.44	-1.980722603205313e-9
7.45	-7.3778975870035975e-9
7.46	-1.2525691049642639e-8
7.47	-1.740047102036541e-8
7.48	-2.198123902816374e-8
7.49	-2.6249665957322853e-8
7.5	-3.019010946846729e-8
7.51	-3.37896135638218e-8
7.5200000000000005	-3.703789096799774e-8
7.53	-3.992728908048128e-8
7.54	-4.245274033282111e-8
7.55	-4.46116978521489e-8
7.5600000000000005	-4.640405739296654e-8
7.57	-4.7832066551001294e-8
7.58	-4.890022231640452e-8
7.59	-4.9615158058614854e-8
7.6000000000000005	-4.998552106198807e-8
7.61	-5.002184174988552e-8
7.62	-4.9736395745546885e-8
7.63	-4.9143059920955115e-8
7.640000000000001	-4.8257163580305735e-8
7.65	-4.709533591294248e-8
7.66	-4.567535083203505e-8
7.67	-4.401597029025651e-8
7.68	-4.213678713263863e-8
7.69	-4.005806851008725e-8
7.7	-3.7800600835172944e-8
7.71	-3.5385537215213646e-8
7.72	-3.2834248246842594e-8
7.73	-3.016817700166219e-8
7.74	-2.7408698974725934e-8
7.75	-2.4576987706957906e-8
7.76	-2.1693886729700003e-8
7.7700000000000005	-1.8779788414861417e-8
7.78	-1.585452024811627e-8
7.79	-1.2937238975709938e-8
7.8	-1.0046333008194433e-8
7.8100000000000005	-7.199333397189842e-9
7.82	-4.412833634580533e-9
7.83	-1.7024184577164351e-9
7.84	9.173982203157654e-10
7.8500000000000005	3.4332261991926673e-9
7.86	5.832842703337056e-9
7.87	8.105226980696063e-9
7.88	1.0240585907609573e-8
7.890000000000001	1.2230370772199042e-8
7.9	1.4067285458759322e-8
7.91	1.5745286302378594e-8
7.92	1.7259573926298744e-8
7.930000000000001	1.8606577414185228e-8
7.94	1.9783931205403953e-8
7.95	2.0790445133501964e-8
7.96	2.1626068056287364e-8
7.97	2.229184555019699e-8
7.98	2.2789872161977667e-8
7.99	2.3123238727143005e-8
8.	2.3295975277215382e-8