0.01	1.2896881799621667
0.02	1.2892384517778486
0.03	1.2884896292768087
0.04	1.2874427979827927
0.05	1.2860994752600021
0.060000000000000005	1.2844616079485696
0.06999999999999999	1.2825315693309038
0.08	1.2803121554337242
0.09	1.2778065806716559
0.09999999999999999	1.2750184728393232
0.11	1.271951867459878
0.12	1.2686112014989626
0.13	1.2650013064540835
0.14	1.2611274008303817
0.15000000000000002	1.2569950820147526
0.16	1.2526103175612289
0.17	1.2479794359014653
0.18000000000000002	1.243109116495093
0.19	1.2380063794355858
0.2	1.2326785745281483
0.21000000000000002	1.227133369856977
0.22	1.2213787398600595
0.23	1.2154229529304446
0.24000000000000002	1.2092745585636786
0.25	1.2029423740718224
0.26	1.1964354708851408
0.27	1.189763160463221
0.28	1.1829349798378892
0.29000000000000004	1.1759606768108741
0.3	1.16885019482972
0.31	1.1616136575659575
0.32	1.1542613532200032
0.33	1.146803718577704
0.34	1.139251322843819
0.35000000000000003	1.1316148512781
0.36000000000000004	1.1239050886599191
0.37	1.116132902607683
0.38	1.1083092267794836
0.39	1.1004450439816313
0.4	1.09255136921185
0.41000000000000003	1.0846392326640153
0.42000000000000004	1.076719662721377
0.43	1.0688036689652174
0.44	1.060902225225862
0.45	1.0530262527028984
0.46	1.0451866031813346
0.47000000000000003	1.0373940423702699
0.48000000000000004	1.0296592333904568
0.49	1.0219927204368846
0.5	1.014404912642231
0.51	1.006906068166707
0.52	0.9995062785394505
0.53	0.9922154532762137
0.54	0.9850433047976555
0.55	0.977999333672051
0.56	0.9710928142057199
0.5700000000000001	0.9643327804039039
0.5800000000000001	0.9577280123242418
0.59	0.9512870228443433
0.6	0.945018044864311
0.61	0.938929018964353
0.62	0.9330275815368987
0.63	0.9273210534118723
0.64	0.9218164289929827
0.65	0.9165203659220706
0.66	0.9114391752877066
0.67	0.9065788123933598
0.68	0.9019448680995609
0.6900000000000001	0.8975425607535616
0.7000000000000001	0.8933767287190542
0.7100000000000001	0.8894518235175465
0.72	0.8857719035920169
0.73	0.8823406287024684
0.74	0.8791612549619957
0.75	0.876236630520945
0.76	0.8735691919057201
0.77	0.8711609610177299
0.78	0.8690135427969187
0.79	0.8671281235532625
0.8	0.865505469968536
0.81	0.8641459287695891
0.8200000000000001	0.8630494270732985
0.8300000000000001	0.8622154734022778
0.8400000000000001	0.8616431593693658
0.85	0.8613311620278351
0.86	0.8612777468832071
0.87	0.8614807715614918
0.88	0.8619376901276307
0.89	0.8626455580468753
0.9	0.8636010377808105
0.91	0.8648004050087149
0.92	0.8662395554639529
0.93	0.8679140123741105
0.9400000000000001	0.8698189344926228
0.9500000000000001	0.871949124708696
0.9600000000000001	0.8742990392214041
0.97	0.8768627972629394
0.98	0.8796341913551211
0.99	0.8826066980824127
1.	0.8857734893638775
1.01	0.8891274442057062
1.02	0.8926611609151818
1.03	0.8963669697562135
1.04	0.9002369460258695
1.05	0.9042629235306633
1.06	0.9084365084407187
1.07	0.9127490934993302
1.08	0.9171918725648769
1.09	0.9217558554615144
1.1	0.9264318831145852
1.11	0.9312106429462291
1.12	0.9360826845062694
1.1300000000000001	0.9410384353130744
1.1400000000000001	0.9460682168787646
1.1500000000000001	0.9511622608928426
1.1600000000000001	0.9563107255380758
1.17	0.9615037119122565
1.18	0.9667312805292932
1.19	0.9719834678729734
1.2	0.9772503029766508
1.21	0.9825218240020794
1.22	0.987788094790619
1.23	0.9930392213600897
1.24	0.9982653683206414
1.25	1.0034567751831438
1.26	1.0086037725337762
1.27	1.0136967980487155
1.28	1.0187264123230886
1.29	1.023683314488649
1.3	1.0285583575949877
1.31	1.0333425637294738
1.32	1.0380271388515359
1.33	1.0426034873173686
1.34	1.0470632260716441
1.35	1.0513981984833474
1.36	1.0556004878034322
1.37	1.059662430222605
1.3800000000000001	1.06357662750819
1.3900000000000001	1.0673359591997067
1.4000000000000001	1.0709335943435097
1.4100000000000001	1.0743630027475743
1.42	1.0776179657383
1.43	1.0806925864019914
1.44	1.0835812992945193
1.45	1.0862788796035194
1.46	1.0887804517483641
1.47	1.0910814974040552
1.48	1.0931778629361104
1.49	1.0950657662344663
1.5	1.0967418029353924
1.51	1.0982029520213887
1.52	1.0994465807900529
1.53	1.1004704491839066
1.54	1.1012727134742155
1.55	1.1018519292928601
1.56	1.1022070540073823
1.57	1.1023374484353772
1.58	1.1022428778954712
1.59	1.101923512593193
1.6	1.1013799273411162
1.61	1.100613100613724
1.62	1.0996244129385193
1.6300000000000001	1.0984156446259683
1.6400000000000001	1.09698897284194
1.6500000000000001	1.0953469680273484
1.6600000000000001	1.0934925896707732
1.6700000000000002	1.0914291814408597
1.68	1.0891604656863445
1.69	1.0866905373125628
1.7	1.0840238570443022
1.71	1.081165244085854
1.72	1.0781198681900892
1.73	1.0748932411493306
1.74	1.0714912077217345
1.75	1.0679199360077947
1.76	1.0641859072924795
1.77	1.0602959053693635
1.78	1.056257005363957
1.79	1.0520765620742465
1.8	1.04776219784723
1.81	1.0433217900109888
1.82	1.0387634578825493
1.83	1.0340955493724775
1.84	1.029326627207795
1.85	1.024465454795431
1.86	1.0195209817489947
1.87	1.0145023291022097
1.8800000000000001	1.009418774232848
1.8900000000000001	1.0042797355214803
1.9000000000000001	0.999094756769783
1.9100000000000001	0.9938734914035338
1.9200000000000002	0.9886256864857815
1.93	0.983361166565983
1.94	0.9780898173911655
1.95	0.972821569505405
1.96	0.9675663817640899
1.97	0.9623342247895847
1.98	0.957135064395004
1.99	0.9519788450028679
2.	0.9468754730854191
2.01	0.9418348006533545
2.02	0.9368666088196491
2.03	0.9319805914650422
2.04	0.9271863390315833
2.05	0.922493322470454
2.0599999999999996	0.9179108773700205
2.07	0.913448188289804
2.0799999999999996	0.9091142733257197
2.09	0.9049179689315731
2.0999999999999996	0.9008679150213993
2.11	0.8969725403767798
2.1199999999999997	0.8932400483827933
2.13	0.8896784031157274
2.1399999999999997	0.8862953158051308
2.15	0.8830982316921712
2.1599999999999997	0.8800943173056592
2.17	0.8772904481764054
2.1799999999999997	0.8746931970099037
2.19	0.872308822336585
2.1999999999999997	0.8701432576581413
2.21	0.8682021011076103
2.2199999999999998	0.8664906056401105
2.23	0.8650136697702527
2.2399999999999998	0.8637758288713979
2.25	0.862781247051018
2.26	0.8620337096155117
2.27	0.8615366161368762
2.28	0.8612929741326771
2.29	0.8613053933697828
2.3	0.8615760808013264
2.31	0.8621068361453528
2.32	0.8628990481125793
2.3299999999999996	0.8639536912896632
2.34	0.8652713236833166
2.3499999999999996	0.8668520849295613
2.36	0.8686956951713442
2.3699999999999997	0.8708014546066685
2.38	0.8731682437083268
2.3899999999999997	0.8757945241152386
2.4	0.8786783401943326
2.4099999999999997	0.8818173212708285
2.42	0.8852086845237171
2.4299999999999997	0.8888492385421559
2.44	0.8927353875374582
2.4499999999999997	0.8968631362042887
2.46	0.901228095223648
2.4699999999999998	0.9058254873991962
2.48	0.9106501544174561
2.4899999999999998	0.9156965642214281
2.5	0.9209588189861803
2.51	0.9264306636839958
2.52	0.9321054952257299
2.53	0.9379763721640935
2.54	0.9440360249436894
2.55	0.9502768666817376
2.56	0.9566910044625931
2.57	0.9632702511283111
2.5799999999999996	0.9700061375467479
2.59	0.9768899253378854
2.5999999999999996	0.9839126200383638
2.61	0.9910649846834794
2.6199999999999997	0.9983375537852438
2.63	1.0057206476844667
2.6399999999999997	1.0132043872542071
2.65	1.0207787089314015
2.6599999999999997	1.0284333800529073
2.67	1.0361580144717581
2.6799999999999997	1.0439420884289252
2.69	1.051774956655513
2.6999999999999997	1.0596458686799015
2.71	1.067543985314059
2.7199999999999998	1.0754583952929109
2.73	1.0833781320404496
2.7399999999999998	1.0912921905360196
2.75	1.0991895442540784
2.76	1.1070591621505963
2.77	1.114890025669178
2.78	1.1226711457399636
2.79	1.1303915797443593
2.8	1.1380404484187079
2.81	1.145606952670096
2.82	1.1530803902776308
2.8299999999999996	1.1604501724527025
2.84	1.167705840231958
2.8499999999999996	1.1748370806769803
2.86	1.1818337428549779
2.8699999999999997	1.1886858535751135
2.88	1.1953836328555094
2.8899999999999997	1.2019175090963734
2.9	1.2082781339351654
2.9099999999999997	1.2144563967602182
2.92	1.2204434388597778
2.9299999999999997	1.2262306671839853
2.94	1.2318097676979647
2.9499999999999997	1.237172718304796
2.96	1.242311801317864
2.9699999999999998	1.2472196154627644
2.98	1.2518890873897108
2.9899999999999998	1.2563134826781535
3.	1.2604864163161298
3.01	1.2644018626376994
3.02	1.2680541647026793
3.03	1.2714380431037728
3.04	1.2745486041871044
3.05	1.277381347673096
3.06	1.2799321736655804
3.07	1.2821973890380092
3.08	1.2841737131866142
3.09	1.2858582831413716
3.0999999999999996	1.2872486580266609
3.11	1.2883428228645144
3.1199999999999997	1.2891391917144261
3.13	1.2896366101447252
3.1399999999999997	1.2898343570315844