0.	3.209238430557093e-17
0.01	0.000025782515539762157
0.02	0.00010200297492317812
0.03	0.0002266213933611711
0.04	0.0003971642322023617
0.05	0.0006107672747100107
0.06	0.0008642210611115946
0.07	0.0011540182801961464
0.08	0.0014764025179962118
0.09	0.0018274177737940258
0.1	0.002202958169464619
0.11	0.002598817299589825
0.12	0.0030107366963795608
0.13	0.003434452914716054
0.14	0.0038657427780575257
0.15	0.004300466364941915
0.16	0.0047346073578434355
0.17	0.005164310420570829
0.18	0.005585915316669293
0.19	0.005995987528815071
0.2	0.006391345187399951
0.21	0.006769082164835639
0.22	0.0071265872400298235
0.23	0.007461559284488099
0.24	0.007772018467100803
0.25	0.008056313518438538
0.26	0.008313125136900069
0.27	0.00854146565796831
0.28	0.008740675143814294
0.29	0.0089104140832711
0.3	0.00905065292155139
0.31	0.009161658664822466
0.32	0.00924397882674756
0.33	0.009298423002263894
0.34	0.009326042368155067
0.35000000000000003	0.009328107420389935
0.36	0.009306084264787191
0.37	0.009261609780409035
0.38	0.009196465974311395
0.39	0.00911255384203911
0.4	0.009011867040740962
0.41000000000000003	0.008896465671208595
0.42	0.008768450451756338
0.43	0.008629937550918523
0.44	0.00848303432772652
0.45	0.008329816208132867
0.46	0.008172304904277075
0.47000000000000003	0.008012448160046065
0.48	0.0078521011820827
0.49	0.00769300989034863
0.5	0.007536796096858078
0.51	0.007384944695565099
0.52	0.007238792920895233
0.53	0.007099521707337415
0.54	0.006968149158111141
0.55	0.006845526107437453
0.56	0.006732333738590329
0.5700000000000001	0.0066290831988861125
0.58	0.006536117133258636
0.59	0.006453613040218678
0.6	0.0063815883379360165
0.61	0.006319907014013309
0.62	0.006268287720321081
0.63	0.006226313164085465
0.64	0.006193440638293258
0.65	0.006169013528407645
0.66	0.006152273628354629
0.67	0.00614237409670545
0.68	0.006138392883884226
0.6900000000000001	0.006139346462994415
0.7000000000000001	0.0061442037003864615
0.71	0.006151899707271248
0.72	0.006161349520394869
0.73	0.006171461467893471
0.74	0.006181150085796391
0.75	0.006189348461087828
0.76	0.006195019888612527
0.77	0.006197168741256169
0.78	0.00619485046558167
0.79	0.006187180628293617
0.8	0.006173342952371834
0.81	0.006152596295302389
0.8200000000000001	0.006124280535386458
0.8300000000000001	0.006087821345476963
0.84	0.006042733846540689
0.85	0.005988625146039949
0.86	0.005925195778152741
0.87	0.005852240074195736
0.88	0.005769645502183523
0.89	0.005677391024166214
0.9	0.005575544528764919
0.91	0.005464259404112231
0.92	0.005343770323158355
0.93	0.0052143883189909
0.9400000000000001	0.005076495232419244
0.9500000000000001	0.004930537617586701
0.96	0.0047770201938016395
0.97	0.004616498933140317
0.98	0.004449573873698097
0.99	0.004276881747691084
1.	0.004099088511985406
1.01	0.003916881866113268
1.02	0.003730963839487597
1.03	0.0035420435254216336
1.04	0.0033508300347720784
1.05	0.0031580257366350477
1.06	0.0029643198476169506
1.07	0.0027703824248633195
1.08	0.0025768588113451846
1.09	0.0023843645749618662
1.1	0.0021934809759080786
1.11	0.002004750989556648
1.12	0.00181867590490878
1.1300000000000001	0.0016357125115402551
1.1400000000000001	0.0014562708809997473
1.1500000000000001	0.0012807127418643523
1.16	0.0011093504411928596
1.17	0.0009424464789979304
1.18	0.0007802135966376636
1.19	0.0006228153947507043
1.2	0.0004703674515675342
1.21	0.00032293890815565565
1.22	0.00018055448342447277
1.23	0.00004319687854479438
1.24	-0.00008919047215971362
1.25	-0.00021670034881166034
1.26	-0.0003394584384753896
1.27	-0.0004576198198294303
1.28	-0.000571365287616477
1.29	-0.0006808975642560727
1.3	-0.0007864374452783943
1.31	-0.0008882199240288756
1.32	-0.0009864903394353583
1.33	-0.001081500588559247
1.34	-0.001173505443208859
1.35	-0.0012627590071194522
1.36	-0.0013495113471438036
1.37	-0.0014340053285955485
1.3800000000000001	-0.0015164736813904466
1.3900000000000001	-0.0015971363199850494
1.4000000000000001	-0.001676197936363903
1.41	-0.0017538458815206436
1.42	-0.0018302483470595606
1.43	-0.0019055528547544495
1.44	-0.0019798850581816602
1.45	-0.0020533478569318073
1.46	-0.0021260208204349857
1.47	-0.002197959915139855
1.48	-0.0022691975256962853
1.49	-0.002339742757930325
1.5	-0.0024095820087907246
1.51	-0.0024786797861064773
1.52	-0.0025469797589396863
1.53	-0.002614406017558061
1.54	-0.002680864520593863
1.55	-0.002746244705804807
1.56	-0.0028104212400071596
1.57	-0.002873255883209001
1.58	-0.00293459944172559
1.59	-0.0029942937850998786
1.6	-0.0030521739019668615
1.61	-0.003108069970576267
1.62	-0.0031618094205067165
1.6300000000000001	-0.0032132189631474124
1.6400000000000001	-0.003262126569769568
1.6500000000000001	-0.0033083633774375495
1.6600000000000001	-0.0033517655045956383
1.67	-0.003392175759886839
1.68	-0.00342944522959065
1.69	-0.003463434730982696
1.7	-0.0034940161208960588
1.71	-0.0035210734507779085
1.72	-0.0035445039615618775
1.73	-0.003564218913693979
1.74	-0.003580144249635893
1.75	-0.003592221088103645
1.76	-0.003600406051163
1.77	-0.0036046714270778855
1.78	-0.0036050051734787584
1.79	-0.0036014107669702995
1.8	-0.0035939069067197076
1.81	-0.003582527080848177
1.82	-0.0035673190055804317
1.83	-0.003548343948084213
1.84	-0.0035256759447491112
1.85	-0.0034994009273095154
1.86	-0.0034696157697094027
1.87	-0.0034364272689382564
1.8800000000000001	-0.0033999510732407685
1.8900000000000001	-0.003360310571122607
1.9000000000000001	-0.003317635754446577
1.9100000000000001	-0.0032720620686454275
1.92	-0.0032237292626780545
1.93	-0.0031727802508346543
1.94	-0.0031193599978643054
1.95	-0.0030636144381668796
1.96	-0.0030056894389722784
1.97	-0.0029457298165362915
1.98	-0.002883878413426833
1.99	-0.0028202752439697603
2.	-0.002755056713883244
2.0100000000000002	-0.0026883549190662463
2.02	-0.0026202970274331015
2.0300000000000002	-0.0025510047466142135
2.04	-0.0024805938792846717
2.05	-0.002409173966848701
2.06	-0.002336848021209018
2.07	-0.0022637123433957036
2.08	-0.0021898564269276586
2.09	-0.002115362942939234
2.1	-0.0020403078033311684
2.11	-0.001964760297505237
2.12	-0.001888783297619592
2.13	-0.00181243352676137
2.14	-0.0017357618839762413
2.15	-0.0016588138197238405
2.16	-0.001581629755042919
2.17	-0.0015042455375111976
2.18	-0.0014266929269699143
2.19	-0.001349000103950805
2.2	-0.001271192193789631
2.21	-0.0011932917995326271
2.22	-0.0011153195369349642
2.23	-0.0010372945651094432
2.24	-0.0009592351067026471
2.25	-0.0008811589518496209
2.2600000000000002	-0.0008030839405795312
2.27	-0.0007250284188080763
2.2800000000000002	-0.0006470116635498933
2.29	-0.0005690542735098831
2.3000000000000003	-0.0004911785217584148
2.31	-0.00041340866775587933
2.32	-0.0003357712265593501
2.33	-0.0002582951936125499
2.34	-0.0001810122240828178
2.35	-0.00010395676626003067
2.36	-0.000027166149066541443
2.37	0.000049319375761118876
2.38	0.00012545663577297173
2.39	0.00020119958268953816
2.4	0.0002764993781507652
2.41	0.00035130451803122207
2.42	0.0004255609926826216
2.43	0.0004992124801677045
2.44	0.0005722005692963064
2.45	0.0006444650090669056
2.46	0.0007159439809546632
2.47	0.0007865743903707198
2.48	0.0008562921735458016
2.49	0.0009250326160638641
2.5	0.0009927306792862141
2.5100000000000002	0.0010593213309622693
2.52	0.0011247398764166541
2.5300000000000002	0.0011889222868320297
2.54	0.0012518055213091614
2.5500000000000003	0.0013133278395779638
2.56	0.0013734291024514707
2.57	0.0014320510573561972
2.58	0.001489137606532897
2.59	0.0015446350557782123
2.6	0.001598492341886114
2.61	0.0016506612372447456
2.62	0.0017010965303460581
2.63	0.0017497561812683383
2.64	0.0017966014514927385
2.65	0.0018415970077103091
2.66	0.001884710999563491
2.67	0.0019259151115420157
2.68	0.001965184589515841
2.69	0.002002498242634193
2.7	0.002037838421548386
2.71	0.0020711909741248525
2.72	0.002102545180002356
2.73	0.0021318936655124556
2.74	0.0021592323006241693
2.75	0.0021845600796916295
2.7600000000000002	0.0022078789878773523
2.77	0.0022291938551931754
2.7800000000000002	0.002248512200146481
2.79	0.00226584406500134
2.8000000000000003	0.002281201844663504
2.81	0.0022946001111755713
2.82	0.002306055435765516
2.83	0.0023155862103291453
2.84	0.002323212470146705
2.85	0.002328955719537195
2.86	0.002332838762042823
2.87	0.0023348855366122356
2.88	0.0023351209611165275
2.89	0.0023335707843885937
2.9	0.0023302614478259254
2.91	0.0023252199574416072
2.92	0.0023184737670897673
2.93	0.0023100506734320464
2.94	0.002299978723052584
2.95	0.002288286131972228
2.96	0.0022750012176598836
2.97	0.0022601523434915265
2.98	0.002243767875466952
2.99	0.002225876150861911
3.	0.0022065054583701995
3.0100000000000002	0.002185684029177322
3.02	0.002163440038305483
3.0300000000000002	0.0021398016154794658
3.04	0.002114796864685036
3.0500000000000003	0.0020884538915260566
3.06	0.002060800837433926
3.0700000000000003	0.0020318659197430954
3.08	0.0020016774766194205
3.09	0.0019702640158134463
3.1	0.0019376542662084325
3.11	0.0019038772311421072
3.12	0.00186896224250153
3.13	0.0018329390146213291
3.14	0.0017958376970558523
3.15	0.0017576889253452274
3.16	0.0017185238689523456
3.17	0.0016783742756119899
3.18	0.0016372725114033875
3.19	0.0015952515959325344
3.2	0.0015523452320895237
3.21	0.0015085878299281217
3.22	0.0014640145242983333
3.23	0.0014186611859475274
3.24	0.0013725644258900317
3.25	0.0013257615929286894
3.2600000000000002	0.0012782907642934099
3.27	0.0012301907294406857
3.2800000000000002	0.0011815009671333316
3.29	0.0011322616159911531
3.3000000000000003	0.00108251343876944
3.31	0.001032297780683606
3.3200000000000003	0.0009816565221534902
3.33	0.0009306320263901614
3.34	0.0008792670822908484
3.35	0.0008276048431437681
3.36	0.0007756887616740341
3.37	0.0007235625219842883
3.38	0.0006712699689596581
3.39	0.0006188550357154195
3.4	0.0005663616696685738
3.41	0.0005138337578105898
3.42	0.00046131505174891826
3.43	0.000408849093069448
3.44	0.00035647913955146846
3.45	0.00030424809274112713
3.46	0.0002521984273597791
3.47	0.00020037212298966014
3.48	0.00014881059844263934
3.49	0.00009755464917782224
3.5	0.0000466443880918658
3.5100000000000002	-3.880810037883078e-6
3.52	-0.00005398236022214064
3.5300000000000002	-0.00010362251485063292
3.54	-0.00015276440706091604
3.5500000000000003	-0.00020137208978623672
3.56	-0.0002494105704276317
3.5700000000000003	-0.0002968458411386746
3.58	-0.00034364490475247036
3.59	-0.00038977579641970907
3.6	-0.00043520760106333117
3.61	-0.0004799104667893768
3.62	-0.0005238556144246056
3.63	-0.0005670153433792865
3.64	-0.0006093630340580885
3.65	-0.0006508731470627915
3.66	-0.0006915212194481894
3.67	-0.0007312838583060784
3.68	-0.000770138731962588
3.69	-0.000808064559080638
3.7	-0.0008450410959624593
3.71	-0.0008810491223468694
3.72	-0.0009160704259925646
3.73	-0.0009500877863321313
3.74	-0.0009830849574721738
3.75	-0.0010150466508029865
3.7600000000000002	-0.0010459585174668296
3.77	-0.001075807130917445
3.7800000000000002	-0.0011045799697851713
3.79	-0.001132265401242068
3.8000000000000003	-0.001158852665040517
3.81	-0.001184331858376475
3.8200000000000003	-0.001208693921705891
3.83	-0.0012319306256195382
3.84	-0.0012540345588581872
3.85	-0.001274999117526844
3.86	-0.0012948184955439623
3.87	-0.001313487676339343
3.88	-0.001331002425793105
3.89	-0.001347359286387839
3.9	-0.0013625555725269522
3.91	-0.0013765893669546569
3.92	-0.0013894595181968587
3.93	-0.001401165638927806
3.94	-0.0014117081051546504
3.95	-0.0014210880561011945
3.96	-0.0014293073946631079
3.97	-0.001436368788299793
3.98	-0.0014422756702228718
3.99	-0.0014470322407379671
4.	-0.001450643468594969
4.01	-0.0014531150922023014
4.0200000000000005	-0.0014544536205627467
4.03	-0.001454666333792041
4.04	-0.0014537612830866525
4.05	-0.0014517472900137263
4.0600000000000005	-0.001448633945004072
4.07	-0.0014444316049380633
4.08	-0.0014391513897243342
4.09	-0.0014328051777820286
4.1	-0.001425405600348887
4.11	-0.0014169660345495895
4.12	-0.0014075005951712436
4.13	-0.0013970241251056352
4.14	-0.0013855521844307024
4.15	-0.0013731010381164406
4.16	-0.0013596876423530465
4.17	-0.0013453296295113434
4.18	-0.0013300452917574005
4.19	-0.001313853563354487
4.2	-0.0012967740016961592
4.21	-0.0012788267671241414
4.22	-0.0012600326015937448
4.23	-0.0012404128062577574
4.24	-0.0012199892180469608
4.25	-0.0011987841853317205
4.26	-0.0011768205427543593
4.2700000000000005	-0.0011541215853262622
4.28	-0.0011307110418868607
4.29	-0.001106613048023842
4.3	-0.001081852118555119
4.3100000000000005	-0.0010564531196733046
4.32	-0.0010304412408526818
4.33	-0.0010038419666170268
4.34	-0.0009766810482642312
4.3500000000000005	-0.0009489844756403251
4.36	-0.0009207784490516118
4.37	-0.0008920893513989505
4.38	-0.0008629437206131058
4.39	-0.0008333682224643387
4.4	-0.0008033896238134041
4.41	-0.000773034766364646
4.42	-0.0007423305409752453
4.43	-0.0007113038625678836
4.44	-0.0006799816456871154
4.45	-0.0006483907807328736
4.46	-0.0006165581108976172
4.47	-0.000584510409826973
4.48	-0.000552274360017158
4.49	-0.0005198765319561963
4.5	-0.00048734336401000226
4.51	-0.0004547011430488551
4.5200000000000005	-0.0004219759858045381
4.53	-0.00038919382094374985
4.54	-0.00035638037183907196
4.55	-0.0003235611400150762
4.5600000000000005	-0.0002907613892438825
4.57	-0.00025800613026174293
4.58	-0.00022532010607605554
4.59	-0.0001927277778305896
4.6000000000000005	-0.00016025331119550923
4.61	-0.00012792056324821587
4.62	-0.00009575306981084549
4.63	-0.00006377403321065852
4.64	-0.00003200631043031276
4.65	-4.724016161763219e-7
4.66	0.00003080556108551345
4.67	0.00006180582439300786
4.68	0.00009250702447997599
4.69	0.0001228881973166542
4.7	0.0001529287887821024
4.71	0.0001826086645656279
4.72	0.0002119081198723649
4.73	0.0002408078889449153
4.74	0.0002692891544098181
4.75	0.00029733355645442463
4.76	0.00032492320183659417
4.7700000000000005	0.00035204067272660833
4.78	0.000378669035377677
4.79	0.00040479184861862415
4.8	0.0004303931721596178
4.8100000000000005	0.00045545757469934696
4.82	0.00047997014181980164
4.83	0.0005039164836527504
4.84	0.0005272827423002094
4.8500000000000005	0.0005500555989897211
4.86	0.0005722222809439655
4.87	0.0005937705679432979
4.88	0.0006146887985590833
4.89	0.0006349658760353051
4.9	0.0006545912737958262
4.91	0.0006735550405547747
4.92	0.0006918478050079891
4.93	0.0007094607800840676
4.94	0.0007263857667345135
4.95	0.0007426151572435223
4.96	0.0007581419380393859
4.97	0.0007729596919908409
4.98	0.0007870626001735147
4.99	0.0008004454430933149
5.	0.0008131036013556133
5.01	0.000825033055771043
5.0200000000000005	0.0008362303868908672
5.03	0.000846692773967
5.04	0.0008564179933339594
5.05	0.0008654044162121639
5.0600000000000005	0.0008736510059342103
5.07	0.0008811573145978466
5.08	0.0008879234791514485
5.09	0.0008939502169197949
5.1000000000000005	0.0008992388205798482
5.11	0.0009037911525980477
5.12	0.0009076096391423017
5.13	0.0009106972634834288
5.14	0.0009130575589021921
5.15	0.0009146946011193681
5.16	0.0009156130002673782
5.17	0.0009158178924229873
5.18	0.0009153149307213644
5.19	0.0009141102760724409
5.2	0.0009122105875009878
5.21	0.0009096230121321501
5.22	0.0009063551748443594
5.23	0.0009024151676115629
5.24	0.0008978115385566148
5.25	0.0008925532807374031
5.26	0.000886649820686965
5.2700000000000005	0.0008801110067283239
5.28	0.0008729470970842473
5.29	0.0008651687478014164
5.3	0.0008567870005078053
5.3100000000000005	0.0008478132700212099
5.32	0.0008382593318260387
5.33	0.0008281373094345505
5.34	0.0008174596616478088
5.3500000000000005	0.0008062391697306564
5.36	0.000794488924514062
5.37	0.0007822223134372248
5.38	0.0007694530075409127
5.39	0.0007561949484225566
5.4	0.0007424623351627636
5.41	0.0007282696112320807
5.42	0.000713631451386005
5.43	0.0006985627485555643
5.44	0.0006830786007400472
5.45	0.0006671942979079123
5.46	0.0006509253089112863
5.47	0.0006342872684190803
5.48	0.0006172959638732644
5.49	0.000599967322472564
5.5	0.0005823173981875575
5.51	0.0005643623588109887
5.5200000000000005	0.0005461184730469696
5.53	0.0005276020976427297
5.54	0.0005088296645665095
5.55	0.0004898176682353827
5.5600000000000005	0.0004705826527967971
5.57	0.00045114119946788086
5.58	0.00043150991393673316
5.59	0.00041170541383021364
5.6000000000000005	0.00039174431625298915
5.61	0.0003716432254029768
5.62	0.00035141872026854776
5.63	0.00033108734241335774
5.64	0.0003106655838548748
5.65	0.0002901698750431324
5.66	0.0002696165729465495
5.67	0.00024902194925199253
5.68	0.00022840217868661634
5.69	0.00020777332746928058
5.7	0.00018715134189967292
5.71	0.0001665520370934458
5.72	0.00014599108587197955
5.73	0.0001254840078154929
5.74	0.00010504615848840827
5.75	0.00008469271884594336
5.76	0.00006443868483100375
5.7700000000000005	0.00004429885717040819
5.78	0.00002428783137951994
5.79	4.419987984161186e-6
5.8	-0.00001529051703126944
5.8100000000000005	-0.00003482976154088744
5.82	-0.000054184066351124154
5.83	-0.00007334000402307298
5.84	-0.00009228440743542488
5.8500000000000005	-0.00011100437808045413
5.86	-0.00012948729408579273
5.87	-0.0001477208179552081
5.88	-0.00016569290402192793
5.89	-0.0001833918056086004
5.9	-0.00020080608188835318
5.91	-0.00021792460444198494
5.92	-0.0002347365635067833
5.93	-0.0002512314739129536
5.94	-0.00026739918070421714
5.95	-0.0002832298644396272
5.96	-0.00029871404617417874
5.97	-0.0003138425921163228
5.98	-0.0003286067179609966
5.99	-0.000342997992897302
6.	-0.00035700834329044806
6.01	-0.00037063005603806486
6.0200000000000005	-0.00038385578160145354
6.03	-0.00039667853671277684
6.04	-0.0004090917067596547
6.05	-0.0004210890478489681
6.0600000000000005	-0.0004326646885521323
6.07	-0.00044381313133437175
6.08	-0.0004545292536709665
6.09	-0.00046480830885362295
6.1000000000000005	-0.0004746459264905057
6.11	-0.00048403811270366406
6.12	-0.0004929812500278378
6.13	-0.0005014720970148248
6.140000000000001	-0.0005095077875477888
6.15	-0.0005170858298700106
6.16	-0.0005242041053327892
6.17	-0.0005308608668672149
6.18	-0.0005370547371847519
6.19	-0.000542784706711551
6.2	-0.0005480501312615298
6.21	-0.0005528507294533008
6.22	-0.000557186579876046
6.23	-0.0005610581180094826
6.24	-0.0005644661329030777
6.25	-0.0005674117636196824
6.26	-0.000569896495448743
6.2700000000000005	-0.0005719221558942733
6.28	-0.0005734909104427498
6.29	-0.0005746052581160977
6.3	-0.0005752680268149285
6.3100000000000005	-0.0005754823684571841
6.32	-0.0005752517539173548
6.33	-0.0005745799677714256
6.34	-0.000573471102852727
6.3500000000000005	-0.0005719295546238691
6.36	-0.0005699600153699689
6.37	-0.0005675674682183845
6.38	-0.0005647571809902291
6.390000000000001	-0.0005615346998889445
6.4	-0.0005579058430312845
6.41	-0.0005538766938260854
6.42	-0.0005494535942062803
6.43	-0.0005446431377196517
6.44	-0.0005394521624839068
6.45	-0.0005338877440117143
6.46	-0.00052795718791143
6.47	-0.0005216680224693137
6.48	-0.000515027991119117
6.49	-0.0005080450448050235
6.5	-0.0005007273342439812
6.51	-0.0004930832020935829
6.5200000000000005	-0.0004851211750317088
6.53	-0.0004768499557542504
6.54	-0.00046827841489728995
6.55	-0.0004594155828902164
6.5600000000000005	-0.00045027064174631083
6.57	-0.00044085291679740567
6.58	-0.00043117186837927446
6.59	-0.0004212370834744952
6.6000000000000005	-0.00041105826731953094
6.61	-0.0004006452349828475
6.62	-0.000390007902920894
6.63	-0.0003791562805188057
6.640000000000001	-0.0003681004616226931
6.65	-0.00035685061607038164
6.66	-0.0003454169812274582
6.67	-0.00033380985353545945
6.68	-0.00032203958007900706
6.69	-0.0003101165501786472
6.7	-0.00029805118701611697
6.71	-0.00028585393929866053
6.72	-0.0002735352729689909
6.73	-0.00026110566296738593
6.74	-0.00024857558505230365
6.75	-0.0002359555076858102
6.76	-0.00022325588399002512
6.7700000000000005	-0.00021048714378062733
6.78	-0.00019765968568336503
6.79	-0.00018478386933937116
6.8	-0.00017187000770494174
6.8100000000000005	-0.00015892835945128936
6.82	-0.0001459691214696271
6.83	-0.00013300242148678293
6.84	-0.00012003831079637807
6.8500000000000005	-0.00010708675711043782
6.86	-0.00009415763753614092
6.87	-0.0000812607316822117
6.88	-0.00006840571489932841
6.890000000000001	-0.000055602151658721863
6.9	-0.00004285948907294958
6.91	-0.00003018705056266594
6.92	-0.000017594029673055162
6.93	-5.089484043374693e-6
6.94	7.317670467099664e-6
6.95	0.00001961866549357639
6.96	0.000031804885717807985
6.97	0.000043867874254876255
6.98	0.00005579933787212948
6.99	0.00006759115203781856
7.	0.00007923536579715626
7.01	0.00009072420647368226
7.0200000000000005	0.00010205008419397765
7.03	0.0001132055962339141
7.04	0.00012418353118481888
7.05	0.00013497687293800362
7.0600000000000005	0.00014557880448635491
7.07	0.00015598271154174134
7.08	0.00016618218596719766
7.09	0.0001761710290229337
7.1000000000000005	0.00018594325442539494
7.11	0.00019549309121871496
7.12	0.00020481498645803683
7.13	0.0002139036077043158
7.140000000000001	0.00022275384533033908
7.15	0.00023136081463783417
7.16	0.0002397198577856541
7.17	0.00024782654552916495
7.18	0.0002556766787710738
7.19	0.00026326628992406805
7.2	0.00027059164408574756
7.21	0.00027764924002648186
7.22	0.00028443581099088944
7.23	0.0002909483253138273
7.24	0.00029718398685184006
7.25	0.0003031402352311771
7.26	0.0003088147459135745
7.2700000000000005	0.00031420543008114666
7.28	0.00031931043434181924
7.29	0.00032412814025689293
7.3	0.0003286571636923998
7.3100000000000005	0.0003328963539960642
7.32	0.00033684479300178223
7.33	0.00034050179386365054
7.34	0.00034386689972168866
7.3500000000000005	0.0003469398822015175
7.36	0.0003497207397503556
7.37	0.0003522096958118284
7.38	0.00035440719684216
7.390000000000001	0.0003563139101704639
7.4	0.00035793072170591905
7.41	0.0003592587334947487
7.42	0.000360299261129995
7.43	0.0003610538310172047
7.44	0.0003615241774992202
7.45	0.0003617122398433657
7.46	0.0003616201590944203
7.47	0.0003612502747968373
7.48	0.000360605121589768
7.49	0.00035968742567852035
7.5	0.00035850010118616073
7.51	0.00035704624638904087
7.5200000000000005	0.0003553291398400982
7.53	0.00035335223638384357
7.54	0.00035111916306700955
7.55	0.000348633714948891
7.5600000000000005	0.0003458998508154604
7.57	0.0003429216888013846
7.58	0.0003397035019241175
7.59	0.0003362497135342825
7.6000000000000005	0.00033256489268658333
7.61	0.0003286537494355318
7.62	0.0003245211300602779
7.63	0.0003201720122228779
7.640000000000001	0.0003156115000643332
7.65	0.0003108448192427553
7.66	0.00030587731191801374
7.67	0.00030071443168723494
7.68	0.00029536173847551496
7.69	0.0002898248933862081
7.7	0.0002841096535151435
7.71	0.00027822186673311116
7.72	0.00027216746644094633
7.73	0.00026595246630151576
7.74	0.0002595829549528978
7.75	0.00025306509070700524
7.76	0.00024640509623789515
7.7700000000000005	0.00023960925326395023
7.78	0.00023268389722811743
7.79	0.00022563541198029717
7.8	0.0002184702244660019
7.8100000000000005	0.00021119479942530509
7.82	0.00020381563410608612
7.83	0.00019633925299551374
7.84	0.00018877220257367087
7.8500000000000005	0.00018112104609315855
7.86	0.00017339235838848035
7.87	0.00016559272071891393
7.88	0.00015772871564858091
7.890000000000001	0.00014980692196728883
7.9	0.00014183390965572204
7.91	0.00013381623489844407
7.92	0.00012576043514814976
7.930000000000001	0.00011767302424449713
7.94	0.00010956048759082397
7.95	0.00010142927739192384
7.96	0.00009328580795605191
7.97	0.00008513645106420241
7.98	0.00007698753140965096
7.99	0.00006884532211067168
8.	0.00006071604029925986