0.	6.439293542825908e-15
0.01	-0.00008473826560077141
0.02	-0.0003113257364669095
0.03	-0.0006330683200655093
0.04	-0.0009986797344095633
0.05	-0.0013552147886244578
0.06	-0.001650817418187643
0.07	-0.00183719619718457
0.08	-0.001871757948839016
0.09	-0.0017193487370500728
0.1	-0.0013535702162564035
0.11	-0.0007576573861190067
0.12	0.00007507933029671406
0.13	0.0011412295641955918
0.14	0.0024276447504016667
0.15	0.003912143999893679
0.16	0.005564513537074977
0.17	0.007347743242337147
0.18	0.009219440410866763
0.19	0.011133359761213324
0.2	0.013040989813496287
0.21	0.014893138763265739
0.22	0.016641467617418262
0.23	0.0182399243202869
0.24	0.01964603955436167
0.25	0.020822052523238058
0.26	0.021735842996808717
0.27	0.022361653923020287
0.28	0.022680596717574164
0.29	0.022680938698150854
0.3	0.022358178837412805
0.31	0.021714923915057666
0.32	0.020760582141821644
0.33	0.019510895337558967
0.34	0.017987333740984972
0.35000000000000003	0.01621637951644443
0.36	0.014228726041544404
0.37	0.012058420174584136
0.38	0.009741974000641865
0.39	0.007317471145052494
0.4	0.004823690739448903
0.41000000000000003	0.0022992696514824843
0.42	-0.00021807923077292826
0.43	-0.00269227791326373
0.44	-0.005089511816646434
0.45	-0.00737876746835388
0.46	-0.009532273999262021
0.47000000000000003	-0.011525845976827952
0.48	-0.01333912777062702
0.49	-0.014955742025611958
0.5	-0.016363346877940922
0.51	-0.017553608266858506
0.52	-0.018522095065938465
0.53	-0.019268105781767138
0.54	-0.019794436261659297
0.55	-0.0201070982363073
0.56	-0.020214998626838995
0.5700000000000001	-0.02012958940166346
0.58	-0.019864497412630126
0.59	-0.01943514310958014
0.6	-0.01885835636431415
0.61	-0.018151996864931765
0.62	-0.017334585702625832
0.63	-0.016424953895413673
0.64	-0.015441912703372643
0.65	-0.014403949710168847
0.66	-0.0133289537944089
0.67	-0.012233971305992946
0.68	-0.011134995007813907
0.6900000000000001	-0.01004678664900528
0.7000000000000001	-0.00898273340663853
0.71	-0.007954737869917235
0.72	-0.0069731407440663355
0.73	-0.006046675018278297
0.74	-0.005182449970180259
0.75	-0.004385963064604791
0.76	-0.0036611375429773255
0.77	-0.0030103832873959015
0.78	-0.0024346783767502413
0.79	-0.0019336686276960687
0.8	-0.0015057823281593053
0.81	-0.001148357323008277
0.8200000000000001	-0.0008577775988073236
0.8300000000000001	-0.0006296165357680695
0.84	-0.000458784049058503
0.85	-0.0003396749275842212
0.86	-0.00026631579530057186
0.87	-0.00023250826698872917
0.88	-0.000231966045896135
0.89	-0.000258443912969781
0.9	-0.0003058567843796161
0.91	-0.00036838726287103334
0.92	-0.00044058037585775745
0.93	-0.0005174244751624642
0.9400000000000001	-0.0005944175655050358
0.9500000000000001	-0.000667618626356167
0.96	-0.0007336837894071028
0.97	-0.0007898875262334944
0.98	-0.0008341292822658723
0.99	-0.0008649262585235856
1.	-0.0008813932865739586
1.01	-0.0008832109600987117
1.02	-0.0008705833740893765
1.03	-0.0008441869765360293
1.04	-0.0008051121547911974
1.05	-0.0007547992577281607
1.06	-0.0006949707944445455
1.07	-0.0006275615506189287
1.08	-0.0005546483256943672
1.09	-0.0004783809197429416
1.1	-0.000400915890924171
1.11	-0.00032435446642488293
1.12	-0.00025068582586214327
1.1300000000000001	-0.0001817367910852374
1.1400000000000001	-0.0001191287552687188
1.1500000000000001	-0.00006424247253748825
1.16	-0.00001819111259705416
1.17	0.000018198231603185934
1.18	0.000044394606026858154
1.19	0.000060165050785816786
1.2	0.00006556865718085456
1.21	0.000060943401903216696
1.22	0.00004688647827315415
1.23	0.0000242289642406249
1.24	-5.994239773409946e-6
1.25	-0.000042578204322586666
1.26	-0.0000841844588696833
1.27	-0.0001293791269344109
1.28	-0.0001766716770430567
1.29	-0.0002245532985452373
1.3	-0.0002715339741746995
1.31	-0.000316177403640033
1.32	-0.00035713303143465635
1.33	-0.00039316454408739736
1.34	-0.0004231743237079556
1.35	-0.00044622347232968414
1.36	-0.00046154715166863585
1.37	-0.0004685651120865005
1.3800000000000001	-0.00046688740956419205
1.3900000000000001	-0.00045631542744679665
1.4000000000000001	-0.00043683842804083264
1.41	-0.00040862595565806004
1.42	-0.00037201649566176854
1.43	-0.0003275028621872144
1.44	-0.00027571483964000253
1.45	-0.00021739963943909343
1.46	-0.00015340075381336653
1.47	-0.00008463579323761411
1.48	-0.000012073884130593144
1.49	0.00006328682011530586
1.5	0.00014044099742084392
1.51	0.0002183969135074793
1.52	0.00029619566041514994
1.53	0.0003729285226176514
1.54	0.0004477521828673418
1.55	0.000519901549329519
1.56	0.0005887000559516599
1.57	0.0006535673575456489
1.58	0.0007140244080735992
1.59	0.0007696959736243709
1.6	0.0008203106892529103
1.61	0.0008656988201515932
1.62	0.0009057879316877156
1.6300000000000001	0.00094059670906744
1.6400000000000001	0.0009702271954040363
1.6500000000000001	0.0009948557366371551
1.6600000000000001	0.0010147229331476757
1.67	0.0010301229013173288
1.68	0.001041392144151179
1.69	0.0010488983190268368
1.7	0.001053029173398682
1.71	0.0010541818967113037
1.72	0.001052753109779757
1.73	0.0010491296824358745
1.74	0.0010436805372982425
1.75	0.0010367495630690911
1.76	0.0010286497257333597
1.77	0.0010196584313201433
1.78	0.001010014160300441
1.79	0.0009999143619679562
1.8	0.0009895145679142503
1.81	0.0009789286574927404
1.82	0.0009682301853835636
1.83	0.00095745466232573
1.84	0.0009466026649645516
1.85	0.0009356436396528192
1.86	0.000924520257922651
1.87	0.0009131531780960369
1.8800000000000001	0.0009014460679258092
1.8900000000000001	0.0008892907469815504
1.9000000000000001	0.0008765723143818803
1.9100000000000001	0.000863174137041965
1.92	0.0008489825854334661
1.93	0.0008338914175010544
1.94	0.0008178057263917981
1.95	0.0008006453835791527
1.96	0.0007823479253616225
1.97	0.0007628708471685304
1.98	0.0007421932862227906
1.99	0.000720317088541039
2.	0.0006972672706853284
2.0100000000000002	0.0006730918998549045
2.02	0.0006478614276078296
2.0300000000000002	0.0006216675225674259
2.04	0.0005946214557856088
2.05	0.0005668520989412716
2.06	0.0005385036002316401
2.07	0.000509732805696153
2.08	0.0004807064948642627
2.09	0.0004515984991442278
2.1	0.00042258676940269994
2.11	0.00039385045588315534
2.12	0.0003655670591516296
2.13	0.0003379097053314282
2.14	0.0003110445926922057
2.15	0.0002851286498938196
2.16	0.0002603074390494207
2.17	0.00023671332945659693
2.18	0.0002144639605299361
2.19	0.00019366100531902902
2.2	0.0001743892391610621
2.21	0.00015671591162621883
2.22	0.0001406904140752347
2.23	0.0001263442299484831
2.24	0.00011369115040909298
2.25	0.00010272773421166146
2.2600000000000002	0.00009343398768431712
2.27	0.00008577423849692473
2.2800000000000002	0.00007969817542502385
2.29	0.00007514202557451135
2.3000000000000003	0.00007202984045830663
2.31	0.00007027486285382653
2.32	0.00006978094744978964
2.33	0.00007044400983662607
2.34	0.0000721534803257553
2.35	0.00007479374131643889
2.36	0.0000782455293818306
2.37	0.00008238728583771405
2.38	0.00008709644221139171
2.39	0.0000922506296733372
2.4	0.0000977288040662862
2.41	0.00010341228060943167
2.42	0.00010918567462187322
2.43	0.000114937746661435
2.44	0.00012056215228383562
2.45	0.00012595809817373397
2.46	0.00013103090767341643
2.47	0.00013569249973534802
2.48	0.00013986178605797898
2.49	0.00014346499164360083
2.5	0.00014643590426227844
2.5100000000000002	0.0001487160583415499
2.52	0.00015025485865614228
2.5300000000000002	0.00015100964889664138
2.54	0.00015094572978362322
2.5500000000000003	0.00015003633089756086
2.56	0.00014826253984760493
2.57	0.00014561319183540225
2.58	0.00014208472211249198
2.59	0.00013768098330745762
2.6	0.00013241302913436593
2.61	0.0001262988656054457
2.62	0.00011936317057255101
2.63	0.00011163698222336781
2.64	0.00010315735706466443
2.65	0.00009396699793708726
2.66	0.00008411385272066658
2.67	0.00007365068460042346
2.68	0.00006263461505676238
2.69	0.000051126641112660306
2.7	0.00003919112879342392
2.71	0.00002689528521803827
2.72	0.0000143086122255214
2.73	1.5023449268076443e-6
2.74	-0.000011451120956154886
2.75	-0.0000244788086647617
2.7600000000000002	-0.00003750774220482081
2.77	-0.0000504655253650866
2.7800000000000002	-0.00006328091269938003
2.79	-0.00007588436706188061
2.8000000000000003	-0.00008820859822467496
2.81	-0.00010018907714704784
2.82	-0.00011176452060958876
2.83	-0.00012287734117218184
2.84	-0.00013347405776003088
2.85	-0.00014350566261999727
2.86	-0.00015292794091231046
2.87	-0.00016170173979979704
2.88	-0.00016979318455581232
2.89	-0.00017717383991957614
2.9	-0.00018382081566883742
2.91	-0.00018971681613954482
2.92	-0.00019485013418489252
2.93	-0.0001992145908164564
2.94	-0.00020280942249323785
2.95	-0.00020563911870639503
2.96	-0.00020771321313543117
2.97	-0.00020904603221435987
2.98	-0.00020965640543417214
2.99	-0.00020956734211307335
3.	-0.0002088056796825568
3.0100000000000002	-0.00020740170876173546
3.02	-0.00020538878042274678
3.0300000000000002	-0.00020280290108684083
3.04	-0.00019968232043628356
3.0500000000000003	-0.0001960671175855949
3.06	-0.00019199879053277151
3.0700000000000003	-0.00018751985361429395
3.08	-0.00018267344732553605
3.09	-0.00017750296445025402
3.1	-0.00017205169597956212
3.11	-0.00016636249980306743
3.12	-0.0001604774946338017
3.13	-0.00015443778109538995
3.14	-0.00014828319136537207
3.15	-0.00014205206824318906
3.16	-0.00013578107400469082
3.17	-0.000129505028925993
3.18	-0.00012325677891584727
3.19	-0.00011706709129407715
3.2	-0.0001109645773994082
3.21	-0.00010497564040735742
3.22	-0.00009912444649042626
3.23	-0.00009343291726020778
3.24	-0.00008792074129425256
3.25	-0.00008260540246867579
3.2600000000000002	-0.0000775022227882679
3.27	-0.00007262441742617249
3.2800000000000002	-0.00006798315975084869
3.29	-0.00006358765422426417
3.3000000000000003	-0.000059445215196557674
3.31	-0.000055561349792935826
3.3200000000000003	-0.000051939843282092354
3.33	-0.00004858284552570978
3.34	-0.00004549095732928886
3.35	-0.00004266331573957702
3.36	-0.000040097677557382466
3.37	-0.00003779050055117607
3.38	-0.00003573702206170399
3.39	-0.00003393133487656532
3.4	-0.00003236646042272937
3.41	-0.000031034419471354036
3.42	-0.000029926300670850797
3.43	-0.000029032327319474736
3.44	-0.000028341922857128385
3.45	-0.00002784377559754622
3.46	-0.000027525903237283797
3.47	-0.000027375717668253036
3.48	-0.00002738009058779478
3.49	-0.000027525420346772314
3.5	-0.00002779770040464125
3.5100000000000002	-0.000028182589673917475
3.52	-0.000028665484938181405
3.5300000000000002	-0.00002923159542108712
3.54	-0.000029866019472217335
3.5500000000000003	-0.00003055382322239601
3.56	-0.000031280120949507515
3.5700000000000003	-0.000032030156789023845
3.58	-0.00003278938732412381
3.59	-0.00003354356450099445
3.6	-0.000034278818237788275
3.61	-0.000034981738032532104
3.62	-0.000035639452827401724
3.63	-0.000036239708355141365
3.64	-0.000036770941178522855
3.65	-0.000037222348635735736
3.66	-0.000037583953923177926
3.67	-0.00003784666558163344
3.68	-0.00003800233070128428
3.69	-0.00003804378122412736
3.7	-0.000037964872797603835
3.71	-0.0000377605157188527
3.72	-0.00003742669760306084
3.73	-0.000036960497509871006
3.74	-0.00003636009136664932
3.75	-0.00003562474863451086
3.7600000000000002	-0.00003475482027028316
3.77	-0.000033751718143081524
3.7800000000000002	-0.00003261788616598538
3.79	-0.00003135676349973942
3.8000000000000003	-0.000029972740274885567
3.81	-0.00002847110635994251
3.8200000000000003	-0.00002685799377503616
3.83	-0.00002514031341187165
3.84	-0.00002332568677145281
3.85	-0.000021422373470081
3.86	-0.000019439195291719802
3.87	-0.000017385457580818922
3.88	-0.000015270868774417757
3.89	-0.000013105458866216021
3.9	-0.000010899497578946702
3.91	-8.663412995558948e-6
3.92	-6.407711365337128e-6
3.93	-4.142898759114438e-6
3.94	-1.879405199288777e-6
3.95	3.724881634966778e-7
3.96	2.6027183132079385e-6
3.97	4.801505618177763e-6
3.98	6.959414678252839e-6
3.99	9.06741044384593e-6
4.	0.00001111690934529269
4.01	0.000013099825233753558
4.0200000000000005	0.000015008609995816917
4.03	0.000016836288762229266
4.04	0.000018576489686151173
4.05	0.000020223468317479505
4.0600000000000005	0.00002177212664669643
4.07	0.00002321802693407437
4.08	0.000024557400477717603
4.09	0.000025787151506740715
4.1	0.00002690485641390834
4.11	0.00002790875856535716
4.12	0.000028797758943779427
4.13	0.000029571402895901265
4.14	0.000030229863265525817
4.15	0.00003077392020017679
4.16	0.00003120493792282901
4.17	0.000031524838760742385
4.18	0.00003173607472141206
4.19	0.00003184159690151196
4.2	0.00003184482300881401
4.21	0.0000317496032697804
4.22	0.00003156018498718673
4.23	0.00003128117600304505
4.24	0.00003091750731252592
4.25	0.000030474395064763472
4.26	0.00002995730217655123
4.2700000000000005	0.00002937189977515525
4.28	0.000028724028676888634
4.29	0.000028019661098781977
4.3	0.000027264862791685717
4.3100000000000005	0.00002646575577444526
4.32	0.000025628481840386366
4.33	0.000024759166999173785
4.34	0.000023863887009104267
4.3500000000000005	0.000022948634146970413
4.36	0.000022019285354705533
4.37	0.000021081571893984023
4.38	0.000020141050631724415
4.39	0.000019203077070917738
4.4	0.00001827278023231572
4.41	0.000017355039483181836
4.42	0.000016454463399481543
4.43	0.00001557537073753456
4.44	0.00001472177358024151
4.45	0.000013897362711544743
4.46	0.000013105495260796555
4.47	0.000012349184646240273
4.48	0.000011631092833910246
4.49	0.00001095352491500877
4.5	0.00001031842599131325
4.51	9.727380344513016e-6
4.5200000000000005	9.181612851684728e-6
4.53	8.681992595523699e-6
4.54	8.22903860457804e-6
4.55	7.822927645726799e-6
4.5600000000000005	7.463503978629677e-6
4.57	7.1502909699922565e-6
4.58	6.882504454359046e-6
4.59	6.659067717890132e-6
4.6000000000000005	6.478627972298724e-6
4.61	6.3395741779279365e-6
4.62	6.240056067904661e-6
4.63	6.1780042194959794e-6
4.64	6.1511510142590625e-6
4.65	6.157052325355462e-6
4.66	6.193109768512084e-6
4.67	6.2565933525559585e-6
4.68	6.344664366213004e-6
4.69	6.454398339911595e-6
4.7	6.582807924625183e-6
4.71	6.726865534265324e-6
4.72	6.883525603725585e-6
4.73	7.049746321298077e-6
4.74	7.222510701745392e-6
4.75	7.398846874714514e-6
4.76	7.575847472321568e-6
4.7700000000000005	7.750688009510448e-6
4.78	7.920644161083593e-6
4.79	8.083107850009915e-6
4.8	8.235602072622347e-6
4.8100000000000005	8.375794397520554e-6
4.82	8.501509086286512e-6
4.83	8.61073779540539e-6
4.84	8.70164882996444e-6
4.8500000000000005	8.772594930696892e-6
4.86	8.822119586657535e-6
4.87	8.848961876197167e-6
4.88	8.852059848872583e-6
4.89	8.83055247043387e-6
4.9	8.783780162019157e-6
4.91	8.711283973117914e-6
4.92	8.612803435701854e-6
4.93	8.488273154141403e-6
4.94	8.337818192102305e-6
4.95	8.161748323539647e-6
4.96	7.960551220163676e-6
4.97	7.734884652343423e-6
4.98	7.485567784337206e-6
4.99	7.2135716480039645e-6
5.	6.920008881760794e-6
5.01	6.6061228235274996e-6
5.0200000000000005	6.273276047748595e-6
5.03	5.9229384373301345e-6
5.04	5.556674881488181e-6
5.05	5.176132690104757e-6
5.0600000000000005	4.7830288142429616e-6
5.07	4.37913696101573e-6
5.08	3.966274689054818e-6
5.09	3.54629056841643e-6
5.1000000000000005	3.1210514859139584e-6
5.11	2.692430173616219e-6
5.12	2.2622930346196294e-6
5.13	1.8324883362265572e-6
5.14	1.4048348363676687e-6
5.15	9.811109045279349e-7
5.16	5.630441936048117e-7
5.17	1.5230191407450464e-7
5.18	-2.4951824339463176e-7
5.19	-6.408964961349839e-7
5.2	-1.0203986332405155e-6
5.21	-1.3866829252509058e-6
5.22	-1.7385062557555221e-6
5.23	-2.07472945656905e-6
5.24	-2.3943218337643485e-6
5.25	-2.696364877426481e-6
5.26	-2.9800551534789187e-6
5.2700000000000005	-3.2447063812982846e-6
5.28	-3.4897507060423984e-6
5.29	-3.7147391796388946e-6
5.3	-3.91934146918699e-6
5.3100000000000005	-4.1033448160869015e-6
5.32	-4.266652273502636e-6
5.33	-4.40928025376189e-6
5.34	-4.531355420978774e-6
5.3500000000000005	-4.6331109675346525e-6
5.36	-4.714882316051202e-6
5.37	-4.7771022911267055e-6
5.38	-4.82029580737018e-6
5.39	-4.845074122152493e-6
5.4	-4.852128702994285e-6
5.41	-4.842224760626738e-6
5.42	-4.816194499495884e-6
5.43	-4.774930137838315e-6
5.44	-4.71937674944517e-6
5.45	-4.650524978862156e-6
5.46	-4.5694036810595785e-6
5.47	-4.477072535564363e-6
5.48	-4.374614683692615e-6
5.49	-4.2631294358776905e-6
5.5	-4.143725094174671e-6
5.51	-4.017511932862951e-6
5.5200000000000005	-3.885595377685716e-6
5.53	-3.749069421685681e-6
5.54	-3.6090103128443748e-6
5.55	-3.46647054583512e-6
5.5600000000000005	-3.3224731871815753e-6
5.57	-3.1780065600024953e-6
5.58	-3.034019311342189e-6
5.59	-2.891415881862539e-6
5.6000000000000005	-2.751052394427998e-6
5.61	-2.613732974874759e-6
5.62	-2.4802065150398936e-6
5.63	-2.3511638849581606e-6
5.64	-2.2272355980308403e-6
5.65	-2.1089899299522385e-6
5.66	-1.9969314892611594e-6
5.67	-1.891500234581483e-6
5.68	-1.7930709309427617e-6
5.69	-1.7019530350386293e-6
5.7	-1.6183909969001787e-6
5.71	-1.5425649632406566e-6
5.72	-1.4745918656756768e-6
5.73	-1.4145268751444144e-6
5.74	-1.362365202157782e-6
5.75	-1.318044220982149e-6
5.76	-1.2814458945338984e-6
5.7700000000000005	-1.252399475612502e-6
5.78	-1.2306844591372047e-6
5.79	-1.2160337592740675e-6
5.8	-1.208137084743985e-6
5.8100000000000005	-1.2066444851852488e-6
5.82	-1.2111700412027647e-6
5.83	-1.2212956706655365e-6
5.84	-1.2365750239094803e-6
5.8500000000000005	-1.2565374407580498e-6
5.86	-1.2806919426823861e-6
5.87	-1.3085312339787232e-6
5.88	-1.3395356865361864e-6
5.89	-1.373177283595198e-6
5.9	-1.408923498847077e-6
5.91	-1.4462410882905173e-6
5.92	-1.4845997734316622e-6
5.93	-1.5234757956817172e-6
5.94	-1.5623553231607502e-6
5.95	-1.600737692547842e-6
5.96	-1.6381384701168916e-6
5.97	-1.6740923176534442e-6
5.98	-1.7081556505512017e-6
5.99	-1.7399090770265548e-6
6.	-1.76895960905571e-6
6.01	-1.7949426373209128e-6
6.0200000000000005	-1.8175236641401501e-6
6.03	-1.8363997900379636e-6
6.04	-1.851300951283863e-6
6.05	-1.8619909073693685e-6
6.0600000000000005	-1.868267979005537e-6
6.07	-1.869965538790706e-6
6.08	-1.8669522582142042e-6
6.09	-1.8591321161177833e-6
6.1000000000000005	-1.846444175124387e-6
6.11	-1.8288621338564205e-6
6.12	-1.806393663996115e-6
6.13	-1.7790795423825924e-6
6.140000000000001	-1.746992589388678e-6
6.15	-1.7102364257703179e-6
6.16	-1.6689440610286594e-6
6.17	-1.6232763270664055e-6
6.18	-1.5734201715530594e-6
6.19	-1.5195868259367115e-6
6.2	-1.4620098634520717e-6
6.21	-1.4009431627751502e-6
6.22	-1.3366587931655405e-6
6.23	-1.269444837018133e-6
6.24	-1.199603165720421e-6
6.25	-1.1274471845812137e-6
6.26	-1.053299562366053e-6
6.2700000000000005	-9.774899606469428e-7
6.28	-9.003527777549812e-7
6.29	-8.222249216183699e-7
6.3	-7.434436251819866e-7
6.3100000000000005	-6.643443174428711e-7
6.32	-5.85258562406903e-7
6.33	-5.065120774808295e-7
6.34	-4.2842284196925054e-7
6.3500000000000005	-3.51299305454069e-7
6.36	-2.7543870490291144e-7
6.37	-2.0112549838959778e-7
6.38	-1.2862992232235537e-7
6.390000000000001	-5.820667807044089e-8
6.4	9.906247134391638e-9
6.41	7.548862116237035e-8
6.42	1.3833886696926483e-7
6.43	1.9827481975393262e-7
6.44	2.551343404286473e-7
6.45	3.0877578550138824e-7
6.46	3.590783344005538e-7
6.47	4.059421761688989e-7
6.48	4.492885583106472e-7
6.49	4.890597013887124e-7
6.5	5.25218583734049e-7
6.51	5.577486013425893e-7
6.5200000000000005	5.866531086942576e-7
6.53	6.119548468301117e-7
6.54	6.336952655661196e-7
6.55	6.519337472032792e-7
6.5600000000000005	6.667467395130101e-7
6.57	6.782268061327759e-7
6.58	6.864816027998176e-7
6.59	6.916327880804961e-7
6.6000000000000005	6.938148774197838e-7
6.61	6.931740494406736e-7
6.62	6.898669134680485e-7
6.63	6.840592472374048e-7
6.640000000000001	6.759247136777551e-7
6.65	6.656435655322751e-7
6.66	6.534013464021247e-7
6.67	6.393875965714936e-7
6.68	6.237945716977644e-7
6.69	6.068159821334076e-7
6.7	5.88645760288685e-7
6.71	5.69476863050281e-7
6.72	5.495001158440335e-7
6.73	5.289031044735797e-7
6.74	5.078691203849083e-7
6.75	4.865761645031392e-7
6.76	4.651960142663104e-7
6.7700000000000005	4.4389335794510643e-7
6.78	4.2282499979131104e-7
6.79	4.0213913900488333e-7
6.8	3.819747249538098e-7
6.8100000000000005	3.624608905254448e-7
6.82	3.437164649369353e-7
6.83	3.258495667883149e-7
6.84	3.089572776087377e-7
6.8500000000000005	2.931253956264406e-7
6.86	2.7842826899008474e-7
6.87	2.649287071850393e-7
6.88	2.526779689261099e-7
6.890000000000001	2.41715824369916e-7
6.9	2.320706890781762e-7
6.91	2.2375982677905463e-7
6.92	2.1678961761936723e-7
6.93	2.1115588827709918e-7
6.94	2.0684430001263188e-7
6.95	2.038307904792287e-7
6.96	2.0208206488940195e-7
6.97	2.0155613194429825e-7
6.98	2.022028797783984e-7
6.99	2.039646870517197e-7
7.	2.0677706423609105e-7
7.01	2.1056932009056707e-7
7.0200000000000005	2.1526524830304003e-7
7.03	2.2078382928974857e-7
7.04	2.2703994219077927e-7
7.05	2.3394508217643958e-7
7.0600000000000005	2.4140807828545974e-7
7.07	2.4933580714962913e-7
7.08	2.5763389811923473e-7
7.09	2.6620742548766305e-7
7.1000000000000005	2.749615837200095e-7
7.11	2.8380234181742693e-7
7.12	2.9263707319432686e-7
7.13	3.0137515770719995e-7
7.140000000000001	3.099285527497204e-7
7.15	3.1821233061665033e-7
7.16	3.2614517963675885e-7
7.17	3.3364986688023756e-7
7.18	3.4065366055681496e-7
7.19	3.4708871053472904e-7
7.2	3.5289238572580464e-7
7.21	3.5800756739606454e-7
7.22	3.6238289777250556e-7
7.23	3.659729836230543e-7
7.24	3.687385547863513e-7
7.25	3.7064657791923004e-7
7.26	3.716703260108624e-7
7.2700000000000005	3.7178940448205114e-7
7.28	3.709897349446148e-7
7.29	3.6926349793799194e-7
7.3	3.666090361869088e-7
7.3100000000000005	3.630307201341988e-7
7.32	3.58538777695758e-7
7.33	3.531490903594082e-7
7.34	3.468829579055579e-7
7.3500000000000005	3.3976683416445577e-7
7.36	3.3183203634229126e-7
7.37	3.2311443054612583e-7
7.38	3.136540962156743e-7
7.390000000000001	3.0349497222824924e-7
7.4	2.92684487482062e-7
7.41	2.8127317878272347e-7
7.42	2.6931429885874635e-7
7.43	2.568634173145787e-7
7.44	2.439780172948616e-7
7.45	2.3071709058194988e-7
7.46	2.1714073378102466e-7
7.47	2.0330974816436957e-7
7.48	1.8928524564938737e-7
7.49	1.7512826327488396e-7
7.5	1.6089938841803249e-7
7.51	1.4665839686143187e-7
7.5200000000000005	1.3246390567691134e-7
7.53	1.1837304274145194e-7
7.54	1.0444113454198275e-7
7.55	9.072141376111295e-8
7.5600000000000005	7.726474796626844e-8
7.57	6.411939055151201e-8
7.58	5.1330754905677716e-8
7.59	3.8941212603612195e-8
7.6000000000000005	2.6989916240388872e-8
7.61	1.5512647352526994e-8
7.62	4.54168969659689e-9
7.63	-5.894272014830301e-9
7.640000000000001	-1.5770227986153683e-8
7.65	-2.5064894047889548e-8
7.66	-3.376073758425183e-8
7.67	-4.18439792094724e-8
7.68	-4.930457086365309e-8
7.69	-5.613615113104118e-8
7.7	-6.233597870684862e-8
7.71	-6.790484505246214e-8
7.72	-7.284696738271624e-8
7.73	-7.716986322239779e-8
7.74	-8.088420785205561e-8
7.75	-8.400367603524513e-8
7.76	-8.654476948037412e-8
7.7700000000000005	-8.852663154032209e-8
7.78	-8.99708506918903e-8
7.79	-9.09012543650448e-8
7.8	-9.134369470891453e-8
7.8100000000000005	-9.132582788785935e-8
7.82	-9.087688849684362e-8
7.83	-9.002746067119701e-8
7.84	-8.880924744197782e-8
7.8500000000000005	-8.725483985501702e-8
7.86	-8.539748732978495e-8
7.87	-8.327087068401084e-8
7.88	-8.090887919206251e-8
7.890000000000001	-7.834539298004614e-8
7.9	-7.561407198904347e-8
7.91	-7.274815266050615e-8
7.92	-6.978025341524685e-8
7.930000000000001	-6.674218991038375e-8
7.94	-6.366480096767875e-8
7.95	-6.057778597269995e-8
7.96	-5.7509554447771904e-8
7.97	-5.4487088403494056e-8
7.98	-5.1535817974352776e-8
7.99	-4.867951074432007e-8
8.	-4.5940175068952663e-8