/*--------------------------------*- C++ -*----------------------------------*\
| =========                 |                                                 |
| \\      /  F ield         | foam-extend: Open Source CFD                    |
|  \\    /   O peration     | Version:     4.1                                |
|   \\  /    A nd           | Web:         http://www.foam-extend.org         |
|    \\/     M anipulation  |                                                 |
\*---------------------------------------------------------------------------*/
FoamFile
{
    version     2.0;
    format      ascii;
    class       faceList;
    location    "constant/polyMesh";
    object      faces;
}
// * * * * * * * * * * * * * * * * * * * * * * * * * * * * * * * * * * * * * //


110
(
4(1 7 19 13)
4(12 13 19 18)
4(2 8 20 14)
4(13 14 20 19)
4(3 9 21 15)
4(14 15 21 20)
4(4 10 22 16)
4(15 16 22 21)
4(16 17 23 22)
4(13 19 31 25)
4(24 25 31 30)
4(14 20 32 26)
4(25 26 32 31)
4(15 21 33 27)
4(26 27 33 32)
4(16 22 34 28)
4(27 28 34 33)
4(28 29 35 34)
4(25 31 43 37)
4(36 37 43 42)
4(26 32 44 38)
4(37 38 44 43)
4(27 33 45 39)
4(38 39 45 44)
4(28 34 46 40)
4(39 40 46 45)
4(40 41 47 46)
4(37 43 55 49)
4(48 49 55 54)
4(38 44 56 50)
4(49 50 56 55)
4(39 45 57 51)
4(50 51 57 56)
4(40 46 58 52)
4(51 52 58 57)
4(52 53 59 58)
4(49 55 67 61)
4(50 56 68 62)
4(51 57 69 63)
4(52 58 70 64)
4(60 61 67 66)
4(61 62 68 67)
4(62 63 69 68)
4(63 64 70 69)
4(64 65 71 70)
4(0 6 7 1)
4(1 7 8 2)
4(2 8 9 3)
4(3 9 10 4)
4(4 10 11 5)
4(0 12 18 6)
4(12 24 30 18)
4(24 36 42 30)
4(36 48 54 42)
4(48 60 66 54)
4(5 11 23 17)
4(17 23 35 29)
4(29 35 47 41)
4(41 47 59 53)
4(53 59 71 65)
4(0 1 13 12)
4(12 13 25 24)
4(24 25 37 36)
4(36 37 49 48)
4(48 49 61 60)
4(1 2 14 13)
4(13 14 26 25)
4(25 26 38 37)
4(37 38 50 49)
4(49 50 62 61)
4(2 3 15 14)
4(14 15 27 26)
4(26 27 39 38)
4(38 39 51 50)
4(50 51 63 62)
4(3 4 16 15)
4(15 16 28 27)
4(27 28 40 39)
4(39 40 52 51)
4(51 52 64 63)
4(4 5 17 16)
4(16 17 29 28)
4(28 29 41 40)
4(40 41 53 52)
4(52 53 65 64)
4(6 18 19 7)
4(18 30 31 19)
4(30 42 43 31)
4(42 54 55 43)
4(54 66 67 55)
4(7 19 20 8)
4(19 31 32 20)
4(31 43 44 32)
4(43 55 56 44)
4(55 67 68 56)
4(8 20 21 9)
4(20 32 33 21)
4(32 44 45 33)
4(44 56 57 45)
4(56 68 69 57)
4(9 21 22 10)
4(21 33 34 22)
4(33 45 46 34)
4(45 57 58 46)
4(57 69 70 58)
4(10 22 23 11)
4(22 34 35 23)
4(34 46 47 35)
4(46 58 59 47)
4(58 70 71 59)
)


// ************************************************************************* //
