Grouping:totalEnergy J686
# x 	 y
0.0000000000000000E+000	4.3878137171203591E-001
5.0000000000000001E-003	4.3931256569136368E-001
1.0000000000000000E-002	4.3967884934858770E-001
1.4999999999999999E-002	4.3984786840131207E-001
2.0000000000000000E-002	4.3978549488239471E-001
2.5000000000000001E-002	4.3948038149083013E-001
3.0000000000000002E-002	4.3893270904337411E-001
3.5000000000000003E-002	4.3814583074336877E-001
4.0000000000000001E-002	4.3711826319572777E-001
4.4999999999999998E-002	4.3585607375463287E-001
4.9999999999999996E-002	4.3434785548336530E-001
5.4999999999999993E-002	4.3263511962684431E-001
5.9999999999999991E-002	4.3070915341519678E-001
6.4999999999999988E-002	4.2855530153110610E-001
6.9999999999999993E-002	4.2620252543935333E-001
7.4999999999999997E-002	4.2363203776872060E-001
8.0000000000000002E-002	4.2082198494181622E-001
8.5000000000000006E-002	4.1776860410011762E-001
9.0000000000000011E-002	4.1448722066386567E-001
9.5000000000000015E-002	4.1098872191374314E-001
1.0000000000000002E-001	4.0727812862958901E-001
1.0500000000000002E-001	4.0336118687304001E-001
1.1000000000000003E-001	3.9921249955589566E-001
1.1500000000000003E-001	3.9491328213119248E-001
1.2000000000000004E-001	3.9042470382554617E-001
1.2500000000000003E-001	3.8572358554978603E-001
1.3000000000000003E-001	3.8090212656653888E-001
1.3500000000000004E-001	3.7586209092511425E-001
1.4000000000000004E-001	3.7066995483569487E-001
1.4500000000000005E-001	3.6531501375223652E-001
1.5000000000000005E-001	3.5981357606214814E-001
1.5500000000000005E-001	3.5416115489500521E-001
1.6000000000000006E-001	3.4836542078985211E-001
1.6500000000000006E-001	3.4242454018898894E-001
1.7000000000000007E-001	3.3640185640294451E-001
1.7500000000000007E-001	3.3024947032579322E-001
1.8000000000000008E-001	3.2402623950157849E-001
1.8500000000000008E-001	3.1764780537170045E-001
1.9000000000000009E-001	3.1124143379593949E-001
1.9500000000000009E-001	3.0475225564482145E-001
2.0000000000000009E-001	2.9824567960489112E-001
2.0500000000000010E-001	2.9172612581474500E-001
2.1000000000000010E-001	2.8518440332219708E-001
2.1500000000000011E-001	2.7862568487948058E-001
2.2000000000000011E-001	2.7205558016214626E-001
2.2500000000000012E-001	2.6549086001290823E-001
2.3000000000000012E-001	2.5893883276354268E-001
2.3500000000000013E-001	2.5240825800172217E-001
2.4000000000000013E-001	2.4591997357511275E-001
2.4500000000000013E-001	2.3904049331557742E-001
2.5000000000000011E-001	2.3260657257698503E-001
2.5500000000000012E-001	2.2620396035751300E-001
2.6000000000000012E-001	2.1981543511488733E-001
2.6500000000000012E-001	2.1361086071199864E-001
2.7000000000000013E-001	2.0750402804067392E-001
2.7500000000000013E-001	2.0146835105213956E-001
2.8000000000000014E-001	1.9525146657606607E-001
2.8500000000000014E-001	1.8896401016663367E-001
2.9000000000000015E-001	1.8308529387421135E-001
2.9500000000000015E-001	1.7743611826432648E-001
3.0000000000000016E-001	1.7188573873253965E-001
3.0500000000000016E-001	1.6648798848426161E-001
3.1000000000000016E-001	1.6131747499612992E-001
3.1500000000000017E-001	1.5631744169461781E-001
3.2000000000000017E-001	1.5151548326971698E-001
3.2500000000000018E-001	1.4694078290258661E-001
3.3000000000000018E-001	1.4231699642272133E-001
3.3500000000000019E-001	1.3818554961087370E-001
3.4000000000000019E-001	1.3414041169582802E-001
3.4500000000000020E-001	1.3038916494048047E-001
3.5000000000000020E-001	1.2695386909053541E-001
3.5500000000000020E-001	1.2381905335453425E-001
3.6000000000000021E-001	1.2092667953403824E-001
3.6500000000000021E-001	1.1827071901179531E-001
3.7000000000000022E-001	1.1585476495752145E-001
3.7500000000000022E-001	1.1367521285431348E-001
3.8000000000000023E-001	1.1172531941051789E-001
3.8500000000000023E-001	1.0995367184541038E-001
3.9000000000000024E-001	1.0831123404510468E-001
3.9500000000000024E-001	1.0691526275398378E-001
4.0000000000000024E-001	1.0578394081238551E-001
4.0500000000000025E-001	1.0481832161121218E-001
4.1000000000000025E-001	1.0398439578240293E-001
4.1500000000000026E-001	1.0327822065911807E-001
4.2000000000000026E-001	1.0259746213803922E-001
4.2500000000000027E-001	1.0211323196790589E-001
4.3000000000000027E-001	1.0170786857985314E-001
4.3500000000000028E-001	1.0135074420530144E-001
4.4000000000000028E-001	1.0102435356254391E-001
4.4500000000000028E-001	1.0071379160687188E-001
4.5000000000000029E-001	1.0040651582536420E-001
4.5500000000000029E-001	1.0009269217342220E-001
4.6000000000000030E-001	9.9763983198347894E-002
4.6500000000000030E-001	9.9412114355325265E-002
4.7000000000000031E-001	9.9029259557156468E-002
4.7500000000000031E-001	9.8608354036347379E-002
4.8000000000000032E-001	9.8141997066357067E-002
4.8500000000000032E-001	9.7623865460247483E-002
4.9000000000000032E-001	9.7048850803704845E-002
4.9500000000000033E-001	9.6413008365602515E-002
5.0000000000000033E-001	9.5712003160824732E-002
5.0500000000000034E-001	9.4949273039491633E-002
5.1000000000000034E-001	9.4121240251776150E-002
5.1500000000000035E-001	9.3196363097480361E-002
5.2000000000000035E-001	9.2022283302776398E-002
5.2500000000000036E-001	9.0923061901319269E-002
5.3000000000000036E-001	8.9989879706159126E-002
5.3500000000000036E-001	8.8655344026367100E-002
5.4000000000000037E-001	8.7418166062911862E-002
5.4500000000000037E-001	8.6168862628311249E-002
5.5000000000000038E-001	8.4885834570183505E-002
5.5500000000000038E-001	8.3561167720001883E-002
5.6000000000000039E-001	8.2193031873543987E-002
5.6500000000000039E-001	8.0641757610901088E-002
5.7000000000000040E-001	7.9165767864184833E-002
5.7500000000000040E-001	7.7610753739950855E-002
5.8000000000000040E-001	7.6095649788605613E-002
5.8500000000000041E-001	7.4562890946712646E-002
5.9000000000000041E-001	7.3012862585793314E-002
5.9500000000000042E-001	7.1446549743225507E-002
6.0000000000000042E-001	6.9864100940576268E-002
6.0500000000000043E-001	6.8270719855617834E-002
6.1000000000000043E-001	6.6670769155879217E-002
6.1500000000000044E-001	6.5069006805531959E-002
6.2000000000000044E-001	6.3469771581396550E-002
6.2500000000000044E-001	6.1692398126287795E-002
6.3000000000000045E-001	6.0090507798290727E-002
6.3500000000000045E-001	5.8538672153469751E-002
6.4000000000000046E-001	5.7002544975723879E-002
6.4500000000000046E-001	5.5499059014875396E-002
6.5000000000000047E-001	5.4034282643347531E-002
6.5500000000000047E-001	5.2597704271520218E-002
6.6000000000000048E-001	5.1192287204655074E-002
6.6500000000000048E-001	4.9820459252105209E-002
6.7000000000000048E-001	4.8490043457342757E-002
6.7500000000000049E-001	4.6986754639652517E-002
6.8000000000000049E-001	4.5722674222167026E-002
6.8500000000000050E-001	4.4509528919907559E-002
6.9000000000000050E-001	4.3333246327729391E-002
6.9500000000000051E-001	4.2193371454076090E-002
7.0000000000000051E-001	4.1123208914927822E-002
7.0500000000000052E-001	4.0087367917835515E-002
7.1000000000000052E-001	3.8955238638946899E-002
7.1500000000000052E-001	3.8010502089214526E-002
7.2000000000000053E-001	3.7063385534560567E-002
7.2500000000000053E-001	3.6213373499643708E-002
7.3000000000000054E-001	3.5343001343317582E-002
7.3500000000000054E-001	3.4608412049179638E-002
7.4000000000000055E-001	3.3919685004729416E-002
7.4500000000000055E-001	3.3266262289532555E-002
7.5000000000000056E-001	3.2648398257028699E-002
7.5500000000000056E-001	3.2067627489948514E-002
7.6000000000000056E-001	3.1524702547421679E-002
7.6500000000000057E-001	3.1020037492782482E-002
7.7000000000000057E-001	3.0554169769914985E-002
7.7500000000000058E-001	3.0125239120768033E-002
7.8000000000000058E-001	2.9732189211285398E-002
7.8500000000000059E-001	2.9119890252347513E-002
7.9000000000000059E-001	2.8850431487990935E-002
7.9500000000000060E-001	2.8476931807312145E-002
8.0000000000000060E-001	2.8273338297277295E-002
8.0500000000000060E-001	2.8072429497756346E-002
8.1000000000000061E-001	2.7887302570352102E-002
8.1500000000000061E-001	2.7719107210776084E-002
8.2000000000000062E-001	2.7567519139156005E-002
8.2500000000000062E-001	2.7432148620519570E-002
8.3000000000000063E-001	2.7310767428730731E-002
8.3500000000000063E-001	2.7203829039397220E-002
8.4000000000000064E-001	2.7108764871577318E-002
8.4500000000000064E-001	2.7023972853386091E-002
8.5000000000000064E-001	2.6947817824027887E-002
8.5500000000000065E-001	2.6878698926340761E-002
8.6000000000000065E-001	2.6814947006027712E-002
8.6500000000000066E-001	2.6754920559170614E-002
8.7000000000000066E-001	2.6696979945750599E-002
8.7500000000000067E-001	2.6639496021410469E-002
8.8000000000000067E-001	2.6580908735047259E-002
8.8500000000000068E-001	2.6519740145712678E-002
8.9000000000000068E-001	2.6454591309956310E-002
8.9500000000000068E-001	2.6384149144689228E-002
9.0000000000000069E-001	2.6307168703689321E-002
9.0500000000000069E-001	2.6222749769177600E-002
9.1000000000000070E-001	2.6129552654903687E-002
9.1500000000000070E-001	2.6026615067268111E-002
9.2000000000000071E-001	2.5912719441100851E-002
9.2500000000000071E-001	2.5787094217531781E-002
9.3000000000000071E-001	2.5649172931397679E-002
9.3500000000000072E-001	2.5498458508117938E-002
9.4000000000000072E-001	2.5334456621414425E-002
9.4500000000000073E-001	2.5157242090456666E-002
9.5000000000000073E-001	2.4966265374327445E-002
9.5500000000000074E-001	2.4761408846706523E-002
9.6000000000000074E-001	2.4542630269338783E-002
9.6500000000000075E-001	2.4309685552927007E-002
9.7000000000000075E-001	2.4062125047238592E-002
9.7500000000000075E-001	2.3384049494926007E-002
9.8000000000000076E-001	2.3147517839690934E-002
9.8500000000000076E-001	2.2906007626010805E-002
9.9000000000000077E-001	2.2631417441774548E-002
9.9500000000000077E-001	2.2339887282945892E-002
1.0000000000000007E+000	2.2034517113982410E-002
1.0050000000000006E+000	2.1549910543299244E-002
1.0100000000000005E+000	2.1274723224023795E-002
1.0150000000000003E+000	2.0958446191615465E-002
1.0200000000000002E+000	2.0625907318691628E-002
1.0250000000000001E+000	2.0280201088975325E-002
1.0300000000000000E+000	1.9922332174004520E-002
1.0349999999999999E+000	1.9553246415125347E-002
1.0399999999999998E+000	1.9173777451427565E-002
1.0449999999999997E+000	1.8785993816962776E-002
1.0499999999999996E+000	1.8394586948545566E-002
1.0549999999999995E+000	1.7787072794204661E-002
1.0599999999999994E+000	1.7447888831173319E-002
1.0649999999999993E+000	1.7083670133471784E-002
1.0699999999999992E+000	1.6715325324324848E-002
1.0749999999999991E+000	1.6345893430206981E-002
1.0799999999999990E+000	1.5977211241430478E-002
1.0849999999999989E+000	1.5610725643872225E-002
1.0899999999999987E+000	1.5247974233149275E-002
1.0949999999999986E+000	1.4890402940923142E-002
1.0999999999999985E+000	1.4539272162294115E-002
1.1049999999999984E+000	1.4195651553000843E-002
1.1099999999999983E+000	1.3860422033748154E-002
1.1149999999999982E+000	1.3534365493015788E-002
1.1199999999999981E+000	1.3218168577576073E-002
1.1249999999999980E+000	1.2912425733032418E-002
1.1299999999999979E+000	1.2617649267273379E-002
1.1349999999999978E+000	1.2334256464371141E-002
1.1399999999999977E+000	1.2062578285228831E-002
1.1449999999999976E+000	1.1802868527380106E-002
1.1499999999999975E+000	1.1554250217688189E-002
1.1549999999999974E+000	1.1309830162802736E-002
1.1599999999999973E+000	1.0825159786619576E-002
1.1649999999999971E+000	1.0594654290160488E-002
1.1699999999999970E+000	1.0415860066704585E-002
1.1749999999999969E+000	1.0057930854674435E-002
1.1799999999999968E+000	9.8420055360315395E-003
1.1849999999999967E+000	9.6676951314331738E-003
1.1899999999999966E+000	9.5115410456081406E-003
1.1949999999999965E+000	9.3679257881609246E-003
1.1999999999999964E+000	9.2347502712137874E-003
1.2049999999999963E+000	9.1114805413257116E-003
1.2099999999999962E+000	8.9977787356971817E-003
1.2149999999999961E+000	8.8931937723550902E-003
1.2199999999999960E+000	8.7971208288286640E-003
1.2249999999999959E+000	8.7088601585603165E-003
1.2299999999999958E+000	8.6276599642012286E-003
1.2349999999999957E+000	8.5960453352398325E-003
1.2399999999999956E+000	8.4788738978209821E-003
1.2449999999999954E+000	8.4039137507976314E-003
1.2499999999999953E+000	8.3424371346900728E-003
1.2549999999999952E+000	8.2875027904254495E-003
1.2599999999999951E+000	8.2369438581646470E-003
1.2649999999999950E+000	8.1895940609797435E-003
1.2699999999999949E+000	8.2150768703068699E-003
1.2749999999999948E+000	8.1764154404790901E-003
1.2799999999999947E+000	8.0798390981775547E-003
1.2849999999999946E+000	8.0244628804324591E-003
1.2899999999999945E+000	7.9795528841288821E-003
1.2949999999999944E+000	7.9383254687472871E-003
1.2999999999999943E+000	7.8978434477670056E-003
1.3049999999999942E+000	7.8566854695942823E-003
1.3099999999999941E+000	7.8141243082967549E-003
1.3149999999999940E+000	7.7697510579386453E-003
1.3199999999999938E+000	7.7232845466443933E-003
1.3249999999999937E+000	7.6744960268917417E-003
1.3299999999999936E+000	7.6232376382789901E-003
1.3349999999999935E+000	7.5693229595366063E-003
1.3399999999999934E+000	7.5126531472875513E-003
1.3449999999999933E+000	7.4531267172930349E-003
1.3499999999999932E+000	7.3907296818993551E-003
1.3549999999999931E+000	7.3253852756867133E-003
1.3599999999999930E+000	7.2567587657297317E-003
1.3649999999999929E+000	7.2971633239773404E-003
1.3699999999999928E+000	7.1397223869111848E-003
1.3749999999999927E+000	7.0317228783407515E-003
1.3799999999999926E+000	6.9363456533735324E-003
1.3849999999999925E+000	6.9138995446822449E-003
1.3899999999999924E+000	6.7278693776917642E-003
1.3949999999999922E+000	6.6063447486786053E-003
1.3999999999999921E+000	6.5037478426202000E-003
1.4049999999999920E+000	6.4071207729439195E-003
1.4099999999999919E+000	6.3127254421906365E-003
1.4149999999999918E+000	6.4488374773303825E-003
1.4199999999999917E+000	6.3777419104584787E-003
1.4249999999999916E+000	6.2501092507187828E-003
1.4299999999999915E+000	6.1532645679491793E-003
1.4349999999999914E+000	6.0955664821960021E-003
1.4399999999999913E+000	6.0235061744444707E-003
1.4449999999999912E+000	5.9005494014949811E-003
1.4499999999999911E+000	5.8038959082225006E-003
1.4549999999999910E+000	5.7157997437267127E-003
1.4599999999999909E+000	5.6307365348748917E-003
1.4649999999999908E+000	5.5467819933432416E-003
1.4699999999999906E+000	5.4632317396281493E-003
1.4749999999999905E+000	5.3797428882447207E-003
1.4799999999999904E+000	5.2970380563488462E-003
1.4849999999999903E+000	5.2158134274002954E-003
1.4899999999999902E+000	5.1361318979439297E-003
1.4949999999999901E+000	5.0585647340222195E-003
1.4999999999999900E+000	4.9830415434839459E-003
1.5049999999999899E+000	4.9097020493449328E-003
1.5099999999999898E+000	4.8386932864690202E-003
1.5149999999999897E+000	4.7701363246122064E-003
1.5199999999999896E+000	4.7041218072423341E-003
1.5249999999999895E+000	4.6410437938053661E-003
1.5299999999999894E+000	4.5806659051885745E-003
1.5349999999999893E+000	4.5233093055072615E-003
1.5399999999999892E+000	4.4687483813112827E-003
1.5449999999999890E+000	4.4169907451370172E-003
1.5499999999999889E+000	4.3685396129244936E-003
1.5549999999999888E+000	4.3229196110545764E-003
1.5599999999999887E+000	4.2801229341162816E-003
1.5649999999999886E+000	4.2401405160950034E-003
1.5699999999999885E+000	4.2029287881288901E-003
1.5749999999999884E+000	4.1683782724359908E-003
1.5799999999999883E+000	4.1368201447440356E-003
1.5849999999999882E+000	4.1077820070856141E-003
1.5899999999999881E+000	4.0811332412991064E-003
1.5949999999999880E+000	4.0567214313007582E-003
1.5999999999999879E+000	4.0345472613849687E-003
1.6049999999999878E+000	4.0144863022590904E-003
1.6099999999999877E+000	3.9963609987796467E-003
1.6149999999999876E+000	3.9800905039744094E-003
1.6199999999999875E+000	3.9655140964591773E-003
1.6249999999999873E+000	3.9524481724217964E-003
1.6299999999999872E+000	3.9408111996492856E-003
1.6349999999999871E+000	3.9304375163893290E-003
1.6399999999999870E+000	3.9211683534707831E-003
1.6449999999999869E+000	3.9128278819147155E-003
1.6499999999999868E+000	3.9055263685332520E-003
1.6549999999999867E+000	3.8989348511857536E-003
1.6599999999999866E+000	3.8929116265400410E-003
1.6649999999999865E+000	3.8872350482708207E-003
1.6699999999999864E+000	3.8819945869912331E-003
1.6749999999999863E+000	3.8769132518470251E-003
1.6799999999999862E+000	3.8719597710841214E-003
1.6849999999999861E+000	3.8669505004444993E-003
1.6899999999999860E+000	3.8617625653047938E-003
1.6949999999999859E+000	3.8562931712968762E-003
1.6999999999999857E+000	3.8504229936542345E-003
1.7049999999999856E+000	3.8440415916274340E-003
1.7099999999999855E+000	3.8371517049347048E-003
1.7149999999999854E+000	3.8296079069524147E-003
1.7199999999999853E+000	3.8213516917751100E-003
1.7249999999999852E+000	3.8123417828104245E-003
1.7299999999999851E+000	3.8025110218864455E-003
1.7349999999999850E+000	3.7918114842581119E-003
1.7399999999999849E+000	3.7803044129680607E-003
1.7449999999999848E+000	3.7679079393666548E-003
1.7499999999999847E+000	3.7546248983120201E-003
1.7549999999999846E+000	3.7404301011387808E-003
1.7599999999999845E+000	3.7253155812040362E-003
1.7649999999999844E+000	3.7095309758190531E-003
1.7699999999999843E+000	3.6928885624765151E-003
1.7749999999999841E+000	3.6753892343743821E-003
1.7799999999999840E+000	3.6570960873270053E-003
1.7849999999999839E+000	3.6380251013570231E-003
1.7899999999999838E+000	3.6182207770538710E-003
1.7949999999999837E+000	3.5977156043687231E-003
1.7999999999999836E+000	3.5766227794749028E-003
1.8049999999999835E+000	3.5549488088872927E-003
1.8099999999999834E+000	3.5327207286046658E-003
1.8149999999999833E+000	3.5100485657539870E-003
1.8199999999999832E+000	3.4869588114054828E-003
1.8249999999999831E+000	3.4635046444133621E-003
1.8299999999999830E+000	3.4397403778441138E-003
1.8349999999999829E+000	3.4157789806350536E-003
1.8399999999999828E+000	3.3916670095566204E-003
1.8449999999999827E+000	3.3674752243548767E-003
1.8499999999999825E+000	3.3432377056827889E-003
1.8549999999999824E+000	3.3188862380453266E-003
1.8599999999999823E+000	3.2946553992374561E-003
1.8649999999999822E+000	3.2705667453920562E-003
1.8699999999999821E+000	3.2466995900888307E-003
1.8749999999999820E+000	3.2230673580726510E-003
1.8799999999999819E+000	3.1995404995650567E-003
1.8849999999999818E+000	3.1763668898263653E-003
1.8899999999999817E+000	3.1532393880042697E-003
1.8949999999999816E+000	3.1299483567210906E-003
1.8999999999999815E+000	3.1069185193071114E-003
1.9049999999999814E+000	3.0843636673743013E-003
1.9099999999999813E+000	3.0623179301723091E-003
1.9149999999999812E+000	3.0407892416359772E-003
1.9199999999999811E+000	3.0197674917640249E-003
1.9249999999999809E+000	2.9989716774143638E-003
1.9299999999999808E+000	2.9787068181534870E-003
1.9349999999999807E+000	2.9590450231831156E-003
1.9399999999999806E+000	2.9399318544185427E-003
1.9449999999999805E+000	2.9213690124207936E-003
1.9499999999999804E+000	2.9033201582082668E-003
1.9549999999999803E+000	2.8858083357605757E-003
1.9599999999999802E+000	2.8687853184017342E-003
1.9649999999999801E+000	2.8522468485396857E-003
1.9699999999999800E+000	2.8361363384123983E-003
1.9749999999999799E+000	2.8201085233257039E-003
1.9799999999999798E+000	2.8044820786790048E-003
1.9849999999999797E+000	2.7892521632120193E-003
1.9899999999999796E+000	2.7743540558886615E-003
1.9949999999999795E+000	2.7597827837202438E-003
1.9999999999999793E+000	2.7454808745055459E-003
2.0049999999999795E+000	2.7314258490109822E-003
2.0099999999999794E+000	2.7175655812121668E-003
2.0149999999999793E+000	2.7038844573055165E-003
2.0199999999999791E+000	2.6898367688730218E-003
2.0249999999999790E+000	2.6758865563332179E-003
2.0299999999999789E+000	2.6620352633233146E-003
2.0349999999999788E+000	2.6482145516828481E-003
2.0399999999999787E+000	2.6344139783942566E-003
2.0449999999999786E+000	2.6205889678023730E-003
2.0499999999999785E+000	2.6067086391132754E-003
2.0549999999999784E+000	2.5927368953562180E-003
2.0599999999999783E+000	2.5786430276824035E-003
2.0649999999999782E+000	2.5643872985305904E-003
2.0699999999999781E+000	2.5499857967559159E-003
2.0749999999999780E+000	2.5353988430185659E-003
2.0799999999999779E+000	2.5205987867495949E-003
2.0849999999999778E+000	2.5055574195320673E-003
2.0849999999999778E+000	2.4228060079347635E-003
2.0899999999999777E+000	2.4339329526017472E-003
2.0949999999999775E+000	2.4312687272844968E-003
2.0999999999999774E+000	2.4101381334484806E-003
2.1049999999999773E+000	2.3996665936985018E-003
2.1099999999999772E+000	2.3918798546174180E-003
2.1149999999999771E+000	2.3061462652234077E-003
2.1199999999999770E+000	2.3051435354912719E-003
2.1249999999999769E+000	2.2987197690333971E-003
2.1299999999999768E+000	2.2909521191190052E-003
2.1349999999999767E+000	2.2816443402877695E-003
2.1399999999999766E+000	2.1991085572956592E-003
2.1449999999999765E+000	2.2058267758682248E-003
2.1499999999999764E+000	2.2011287474690278E-003
2.1549999999999763E+000	2.1946910463257474E-003
2.1599999999999762E+000	2.1864341932986697E-003
2.1649999999999761E+000	2.1762595595431478E-003
2.1699999999999759E+000	2.1641991847438646E-003
2.1749999999999758E+000	2.1504464443560245E-003
2.1799999999999757E+000	2.1352615648337903E-003
2.1849999999999756E+000	2.1188888667760253E-003
2.1899999999999755E+000	2.1016700016005530E-003
2.1949999999999754E+000	2.0836098276313386E-003
2.1999999999999753E+000	1.9294750818521500E-003
2.2049999999999752E+000	1.8986408803018939E-003
2.2099999999999751E+000	1.9095065367733532E-003
2.2149999999999750E+000	1.8978029937883889E-003
2.2199999999999749E+000	1.8855733957874321E-003
2.2249999999999748E+000	1.8736678460156142E-003
2.2299999999999747E+000	1.8612670791555708E-003
2.2349999999999746E+000	1.8477353104850991E-003
2.2399999999999745E+000	1.8329400846672783E-003
2.2449999999999743E+000	1.8170301555575641E-003
2.2499999999999742E+000	1.8002198133131309E-003
2.2549999999999741E+000	1.7827065065754155E-003
2.2599999999999740E+000	1.7646517085778690E-003
2.2649999999999739E+000	1.7461690749369652E-003
2.2699999999999738E+000	1.7273699911268814E-003
2.2749999999999737E+000	1.7083471811689677E-003
2.2799999999999736E+000	1.6891809882553233E-003
2.2849999999999735E+000	1.6698979914919754E-003
2.2899999999999734E+000	1.6505934907975472E-003
2.2949999999999733E+000	1.6313069304731975E-003
2.2999999999999732E+000	1.6120913383375068E-003
2.3049999999999731E+000	1.5929861918837496E-003
2.3099999999999730E+000	1.5740411170659385E-003
2.3149999999999729E+000	1.5552721815046411E-003
2.3199999999999728E+000	1.5367122154232860E-003
2.3249999999999726E+000	1.5183746831635148E-003
2.3299999999999725E+000	1.5002965878618824E-003
2.3349999999999724E+000	1.4826522489417293E-003
2.3399999999999723E+000	1.4642814784910918E-003
2.3449999999999722E+000	1.4453307060677822E-003
2.3499999999999721E+000	1.4263812324348812E-003
2.3549999999999720E+000	1.4078534334149850E-003
2.3599999999999719E+000	1.3899129008518862E-003
2.3649999999999718E+000	1.3724120436120479E-003
2.3699999999999717E+000	1.3553490526203582E-003
2.3749999999999716E+000	1.3385671525174558E-003
2.3799999999999715E+000	1.3223329792664273E-003
2.3849999999999714E+000	1.3066170903446306E-003
2.3899999999999713E+000	1.2913732214028251E-003
2.3949999999999712E+000	1.2765936306662340E-003
2.3999999999999710E+000	1.2622522623604304E-003
2.4049999999999709E+000	1.2483347473604134E-003
2.4099999999999708E+000	1.2348226401006634E-003
2.4149999999999707E+000	1.2217061141344132E-003
2.4199999999999706E+000	1.2089902612690828E-003
2.4249999999999705E+000	1.1966464802579679E-003
2.4299999999999704E+000	1.1846839589364500E-003
2.4349999999999703E+000	1.1730769785813777E-003
2.4399999999999702E+000	1.1618169841542958E-003
2.4449999999999701E+000	1.1508991340356545E-003
2.4499999999999700E+000	1.1403095320416945E-003
2.4549999999999699E+000	1.1300490501713334E-003
2.4599999999999698E+000	1.1200946616307661E-003
2.4649999999999697E+000	1.1104425503591919E-003
2.4699999999999696E+000	1.1010838192557770E-003
2.4749999999999694E+000	1.0920118096433562E-003
2.4799999999999693E+000	1.0832167152643457E-003
2.4849999999999692E+000	1.0746858325587638E-003
2.4899999999999691E+000	1.0664153952677502E-003
2.4949999999999690E+000	1.0583906684087374E-003
2.4999999999999689E+000	1.0506103912604203E-003
2.5049999999999688E+000	1.0430654413493556E-003
2.5099999999999687E+000	1.0357504433633480E-003
2.5149999999999686E+000	1.0286566976827061E-003
2.5199999999999685E+000	1.0217729224906158E-003
2.5249999999999684E+000	1.0150973385467665E-003
2.5299999999999683E+000	1.0086197561052224E-003
2.5349999999999682E+000	1.0023387196858025E-003
2.5399999999999681E+000	9.9625036612271956E-004
2.5449999999999680E+000	9.9034421596488897E-004
2.5499999999999678E+000	9.8461816123762702E-004
2.5549999999999677E+000	9.7906218904553199E-004
2.5599999999999676E+000	9.7368038032241699E-004
2.5649999999999675E+000	9.6846868012434584E-004
2.5699999999999674E+000	9.6342438672314401E-004
2.5749999999999673E+000	9.5854072545620284E-004
2.5799999999999672E+000	9.5381250313986143E-004
2.5849999999999671E+000	9.4923220128517727E-004
2.5899999999999670E+000	9.4479858141083284E-004
2.5949999999999669E+000	9.4050799940426089E-004
2.5999999999999668E+000	9.3636008319197828E-004
2.6049999999999667E+000	9.3235265764324282E-004
2.6099999999999666E+000	9.2847624382486060E-004
2.6149999999999665E+000	9.2472709524971108E-004
2.6199999999999664E+000	9.2110364065955963E-004
2.6249999999999662E+000	9.1760844606270098E-004
2.6299999999999661E+000	9.1423346552943485E-004
2.6349999999999660E+000	9.1098036832093499E-004
2.6399999999999659E+000	9.0783991552534360E-004
2.6449999999999658E+000	9.0480553578631273E-004
2.6499999999999657E+000	9.0188932880552741E-004
2.6549999999999656E+000	8.9908366204749512E-004
2.6599999999999655E+000	8.9638683379256179E-004
2.6649999999999654E+000	8.9379381550669379E-004
2.6699999999999653E+000	8.9129662303610857E-004
2.6749999999999652E+000	8.8889243437462184E-004
2.6799999999999651E+000	8.8657775125389193E-004
2.6849999999999650E+000	8.8435787184426573E-004
2.6899999999999649E+000	8.8222449742536568E-004
2.6949999999999648E+000	8.8017014466412746E-004
2.6999999999999647E+000	8.7819265612454345E-004
2.7049999999999645E+000	8.7627845443050134E-004
2.7099999999999644E+000	8.7443082750127132E-004
2.7149999999999643E+000	8.7264347402093989E-004
2.7199999999999642E+000	8.7091884501910855E-004
2.7249999999999641E+000	8.6924686400413620E-004
2.7299999999999640E+000	8.6762183810851212E-004
2.7349999999999639E+000	8.6603912192195764E-004
2.7399999999999638E+000	8.6449194902860071E-004
2.7449999999999637E+000	8.6297958239045514E-004
2.7499999999999636E+000	8.6149383297495774E-004
2.7549999999999635E+000	8.6003016613345196E-004
2.7599999999999634E+000	8.5858483174261480E-004
2.7649999999999633E+000	8.5714808250969554E-004
2.7699999999999632E+000	8.5557959768012282E-004
2.7749999999999631E+000	8.5398822076143688E-004
2.7799999999999629E+000	8.5239089341904162E-004
2.7849999999999628E+000	8.5078817696127018E-004
2.7899999999999627E+000	8.4917290797914546E-004
2.7949999999999626E+000	8.4753874141396679E-004
2.7999999999999625E+000	8.4588005401498023E-004
2.8049999999999624E+000	8.4419115405420797E-004
2.8099999999999623E+000	8.4246539034893431E-004
2.8149999999999622E+000	8.4069448043999628E-004
2.8199999999999621E+000	8.3886934851351569E-004
2.8249999999999620E+000	8.3696834241431262E-004
2.8299999999999619E+000	8.3498730860798176E-004
2.8349999999999618E+000	8.3290986659401156E-004
2.8399999999999617E+000	8.3071905217213526E-004
2.8449999999999616E+000	8.2840213673041063E-004
2.8499999999999615E+000	8.2594597791141311E-004
2.8549999999999613E+000	8.2334692682284327E-004
2.8599999999999612E+000	8.2056742833769292E-004
2.8649999999999611E+000	8.1760194422120236E-004
2.8699999999999610E+000	8.1443944336401231E-004
2.8749999999999609E+000	8.1108403857932387E-004
2.8799999999999608E+000	8.0750151205721821E-004
2.8849999999999607E+000	8.0370178119082425E-004
2.8899999999999606E+000	7.9969307938210221E-004
2.8949999999999605E+000	7.9546602997826454E-004
2.8999999999999604E+000	7.9101782881130234E-004
2.9049999999999603E+000	7.8634529261689678E-004
2.9099999999999602E+000	7.8144555684911410E-004
2.9149999999999601E+000	7.7631742440997797E-004
2.9199999999999600E+000	7.7096170773716111E-004
2.9249999999999599E+000	7.6536956064243711E-004
2.9299999999999597E+000	7.5956312595293340E-004
2.9349999999999596E+000	7.5352633868330798E-004
2.9399999999999595E+000	7.4728239420185361E-004
2.9449999999999594E+000	7.4081722087848689E-004
2.9499999999999593E+000	7.3415425841583115E-004
2.9549999999999592E+000	7.2728391249654578E-004
2.9599999999999591E+000	7.2021961859203287E-004
2.9649999999999590E+000	7.1298023547861078E-004
2.9699999999999589E+000	7.0561582160832970E-004
2.9749999999999588E+000	6.9819702188000932E-004
2.9799999999999587E+000	6.9068187960219518E-004
2.9849999999999586E+000	6.8306519542149502E-004
2.9899999999999585E+000	6.7537511194970534E-004
2.9949999999999584E+000	6.6757184354226951E-004
2.9999999999999583E+000	6.5966348438895039E-004
3.0049999999999581E+000	6.5165327390559469E-004
3.0099999999999580E+000	6.4354490865081715E-004
3.0149999999999579E+000	6.3535903039380059E-004
3.0199999999999578E+000	6.2708748179840512E-004
3.0249999999999577E+000	6.1874860045829649E-004
3.0299999999999576E+000	6.1036382937951217E-004
3.0349999999999575E+000	6.0193455269175189E-004
3.0399999999999574E+000	5.9346117062863968E-004
3.0449999999999573E+000	5.8496337341251703E-004
3.0499999999999572E+000	5.7645127002459162E-004
3.0549999999999571E+000	5.6794443115348869E-004
3.0599999999999570E+000	5.5944384152040172E-004
3.0649999999999569E+000	5.5094903798913464E-004
3.0699999999999568E+000	5.4248733926431925E-004
3.0749999999999567E+000	5.3404973482340523E-004
3.0799999999999566E+000	5.2566920485563884E-004
3.0849999999999564E+000	5.1732223298284197E-004
3.0899999999999563E+000	5.0902363240989956E-004
3.0949999999999562E+000	5.0078768393913009E-004
3.0999999999999561E+000	4.9262989404930124E-004
3.1049999999999560E+000	4.8455988549900297E-004
3.1099999999999559E+000	4.7658277502016233E-004
3.1149999999999558E+000	4.6870239735996577E-004
3.1199999999999557E+000	4.6092263046881854E-004
3.1249999999999556E+000	4.5324749028852196E-004
3.1299999999999555E+000	4.4568097797137440E-004
3.1349999999999554E+000	4.3822693941786284E-004
3.1399999999999553E+000	4.3088894709919501E-004
3.1449999999999552E+000	4.2367021874767374E-004
3.1499999999999551E+000	4.1657357746105461E-004
3.1549999999999550E+000	4.0960144100399276E-004
3.1599999999999548E+000	4.0275582569604396E-004
3.1649999999999547E+000	3.9603835559498535E-004
3.1699999999999546E+000	3.8945027346937167E-004
3.1749999999999545E+000	3.8299245208506250E-004
3.1799999999999544E+000	3.7666540590786113E-004
3.1849999999999543E+000	3.7046930304596160E-004
3.1899999999999542E+000	3.6440397754988751E-004
3.1949999999999541E+000	3.5846810764272874E-004
3.1999999999999540E+000	3.5267142713335531E-004
3.2049999999999539E+000	3.4700350378313871E-004
3.2099999999999538E+000	3.4145275042440915E-004
3.2149999999999537E+000	3.3602693660084171E-004
3.2199999999999536E+000	3.3072502236430878E-004
3.2249999999999535E+000	3.2554463843759152E-004
3.2299999999999534E+000	3.2048247860094747E-004
3.2349999999999532E+000	3.1554715418158352E-004
3.2399999999999531E+000	3.1072684310862186E-004
3.2449999999999530E+000	3.0600710622108451E-004
3.2499999999999529E+000	3.0139494234759923E-004
3.2549999999999528E+000	2.9688827203289136E-004
3.2599999999999527E+000	2.9249485235860462E-004
3.2649999999999526E+000	2.8818920155870842E-004
3.2699999999999525E+000	2.8397692131854058E-004
3.2749999999999524E+000	2.7985682703901560E-004
3.2799999999999523E+000	2.7582275686244273E-004
3.2849999999999522E+000	2.7187071292900100E-004
3.2899999999999521E+000	2.6799695727053319E-004
3.2949999999999520E+000	2.6419814352207638E-004
3.2999999999999519E+000	2.6047082144042832E-004
3.3049999999999518E+000	2.5681076911254763E-004
3.3099999999999516E+000	2.5321384827181603E-004
3.3149999999999515E+000	2.4967654049978805E-004
3.3199999999999514E+000	2.4619348975551958E-004
3.3249999999999513E+000	2.4276113760235418E-004
3.3299999999999512E+000	2.3937540897378540E-004
3.3349999999999511E+000	2.3603231133995095E-004
3.3399999999999510E+000	2.3271376242162134E-004
3.3449999999999509E+000	2.2961745236527165E-004
3.3499999999999508E+000	2.2648552102166875E-004
3.3549999999999507E+000	2.2352041320594651E-004
3.3599999999999506E+000	2.2051376853626792E-004
3.3649999999999505E+000	2.1747498798285747E-004
3.3699999999999504E+000	2.1440255956628462E-004
3.3749999999999503E+000	2.1149900688843815E-004
3.3799999999999502E+000	2.0858599304940384E-004
3.3849999999999500E+000	2.0561868580548648E-004
3.3899999999999499E+000	2.0261343142990995E-004
3.3949999999999498E+000	1.9955712484698296E-004
3.3999999999999497E+000	1.9647363241714899E-004
3.4049999999999496E+000	1.9338235504218204E-004
3.4099999999999495E+000	1.9029325533681529E-004
3.4149999999999494E+000	1.8713191852315347E-004
3.4199999999999493E+000	1.8387840763889329E-004
3.4249999999999492E+000	1.8059490556288083E-004
3.4299999999999491E+000	1.7730838632523671E-004
3.4349999999999490E+000	1.7402524012277709E-004
3.4399999999999489E+000	1.7073659898780846E-004
3.4449999999999488E+000	1.6740859271058284E-004
3.4499999999999487E+000	1.6407568066245659E-004
3.4549999999999486E+000	1.6075865294817859E-004
3.4599999999999485E+000	1.5743447220906148E-004
3.4649999999999483E+000	1.5409163812574178E-004
3.4699999999999482E+000	1.5068580055732639E-004
3.4749999999999481E+000	1.4726568199252554E-004
3.4799999999999480E+000	1.4384433221215076E-004
3.4849999999999479E+000	1.4041287129185065E-004
3.4899999999999478E+000	1.3703326398495363E-004
3.4949999999999477E+000	1.3309540814976373E-004
3.4999999999999476E+000	1.2897790246979568E-004
3.5049999999999475E+000	1.2485457688349300E-004
3.5099999999999474E+000	1.2080902378075464E-004
3.5149999999999473E+000	1.1685338777489562E-004
3.5199999999999472E+000	1.1296975459185177E-004
3.5249999999999471E+000	1.0912539752716555E-004
3.5299999999999470E+000	1.0533006745250262E-004
3.5349999999999469E+000	1.0172941538666436E-004
3.5399999999999467E+000	9.8153194479699835E-005
3.5449999999999466E+000	9.4582467390580405E-005
3.5499999999999465E+000	9.1002277968765810E-005
3.5549999999999464E+000	8.7452966975209989E-005
3.5599999999999463E+000	8.3942471900133597E-005
3.5649999999999462E+000	8.0465617394498423E-005
3.5699999999999461E+000	7.7013721187846329E-005
3.5749999999999460E+000	7.3579570351700596E-005
3.5799999999999459E+000	7.0138263299046599E-005
3.5849999999999458E+000	6.6725576111537066E-005
3.5899999999999457E+000	6.3345844702578091E-005
3.5949999999999456E+000	5.9993797036472785E-005
3.5999999999999455E+000	5.6657814540450602E-005
3.6049999999999454E+000	5.3310240289317079E-005
3.6099999999999453E+000	4.9989559992358323E-005
3.6149999999999451E+000	4.6701138311622259E-005
3.6199999999999450E+000	4.3439587214422204E-005
3.6249999999999449E+000	4.0219892988080375E-005
3.6299999999999448E+000	3.7002762351523444E-005
3.6349999999999447E+000	3.3716106695447223E-005
3.6399999999999446E+000	3.0448629349422163E-005
3.6449999999999445E+000	2.7212497887063591E-005
3.6499999999999444E+000	2.4008146551679488E-005
3.6549999999999443E+000	2.0830823413753308E-005
3.6599999999999442E+000	1.7677656598991121E-005
3.6649999999999441E+000	1.4517895928545244E-005
3.6699999999999440E+000	1.1382941027981985E-005
3.6749999999999439E+000	8.1530009428121275E-006
3.6799999999999438E+000	4.9971055680053666E-006
3.6849999999999437E+000	1.9085713702793328E-006
3.6899999999999435E+000	-1.1253495140195469E-006
3.6949999999999434E+000	-4.1107801056483595E-006
3.6999999999999433E+000	-7.0754467147438049E-006
3.7049999999999432E+000	-1.0120925077572451E-005
3.7099999999999431E+000	-1.3084636660831706E-005
3.7149999999999430E+000	-1.5966939305833705E-005
3.7199999999999429E+000	-1.8779952647207665E-005
3.7249999999999428E+000	-2.1532896415266123E-005
3.7299999999999427E+000	-2.4230774587685744E-005
3.7349999999999426E+000	-2.6876440813783375E-005
3.7399999999999425E+000	-2.9220283538133884E-005
3.7449999999999424E+000	-3.0994139474049831E-005
3.7499999999999423E+000	-3.3249460147377619E-005
3.7549999999999422E+000	-3.5894649018874958E-005
3.7599999999999421E+000	-3.8449216446245771E-005
3.7649999999999419E+000	-4.0870773107215541E-005
3.7699999999999418E+000	-4.3223151256377434E-005
3.7749999999999417E+000	-4.5525917319100273E-005
3.7799999999999416E+000	-4.7778846847368328E-005
3.7849999999999415E+000	-4.9983859869762171E-005
3.7899999999999414E+000	-2.2062435558245497E-004
3.7949999999999413E+000	-1.8911543716226831E-004
3.7999999999999412E+000	-2.5547559951899501E-004
3.8049999999999411E+000	-2.2406467220559279E-004
3.8099999999999410E+000	-2.2125625927582604E-004
3.8149999999999409E+000	-2.1782989186736046E-004
3.8199999999999408E+000	-2.7051019212365190E-004
3.8249999999999407E+000	-2.2764500511751606E-004
3.8299999999999406E+000	-2.1583078421949509E-004
3.8349999999999405E+000	-2.0788952467265531E-004
3.8399999999999403E+000	-2.0054355984377992E-004
3.8449999999999402E+000	-1.9338126678469791E-004
3.8499999999999401E+000	-1.8654229547454548E-004
3.8549999999999400E+000	-1.8025099462848360E-004
3.8599999999999399E+000	-1.7433578381176318E-004
3.8649999999999398E+000	-1.6876207616256522E-004
3.8699999999999397E+000	-1.6351523131152845E-004
3.8749999999999396E+000	-1.5858830863146878E-004
3.8799999999999395E+000	-1.5386702160702370E-004
3.8849999999999394E+000	-1.4945214490458270E-004
3.8899999999999393E+000	-1.4536023224698269E-004
3.8949999999999392E+000	-1.4158632838867646E-004
3.8999999999999391E+000	-1.3813310017818381E-004
3.9049999999999390E+000	-1.3500041659053608E-004
3.9099999999999389E+000	-1.3218244948243196E-004
3.9149999999999388E+000	-1.2966828593974355E-004
3.9199999999999386E+000	-1.2744370771278213E-004
3.9249999999999385E+000	-1.2549256842264711E-004
3.9299999999999384E+000	-1.2379174066268206E-004
3.9349999999999383E+000	-1.2232214179119794E-004
3.9399999999999382E+000	-1.2106745423690057E-004
3.9449999999999381E+000	-1.2000663595701511E-004
3.9499999999999380E+000	-1.1912410143732899E-004
3.9549999999999379E+000	-1.1840068375157387E-004
3.9599999999999378E+000	-1.1782474261545772E-004
3.9649999999999377E+000	-1.1738077048750739E-004
3.9699999999999376E+000	-1.1705930162353440E-004
3.9749999999999375E+000	-1.1685329519517396E-004
3.9799999999999374E+000	-1.1675931271470930E-004
3.9849999999999373E+000	-1.1676466510701644E-004
3.9899999999999372E+000	-1.1686671093302792E-004
3.9949999999999370E+000	-1.1706404752054311E-004
3.9999999999999369E+000	-1.1735013148417295E-004
4.0049999999999368E+000	-1.1772423634504037E-004
4.0099999999999367E+000	-1.1820575052423621E-004
4.0149999999999366E+000	-1.1894531701717170E-004
4.0199999999999365E+000	-1.1975860575175190E-004
4.0249999999999364E+000	-1.2062205095419998E-004
4.0299999999999363E+000	-1.2155029104876647E-004
4.0349999999999362E+000	-1.2255366085289765E-004
4.0399999999999361E+000	-1.2363517140601132E-004
4.0449999999999360E+000	-1.2478824181139103E-004
4.0499999999999359E+000	-1.2601763470554417E-004
4.0549999999999358E+000	-1.2732821629235502E-004
4.0599999999999357E+000	-1.2871268376102307E-004
4.0649999999999356E+000	-1.3018865878944297E-004
4.0699999999999354E+000	-1.3178745493069854E-004
4.0749999999999353E+000	-1.3345173772894015E-004
4.0799999999999352E+000	-1.3518262708256401E-004
4.0849999999999351E+000	-1.3698449953070124E-004
4.0899999999999350E+000	-1.3886734595836003E-004
4.0949999999999349E+000	-1.4065526327211586E-004
4.0999999999999348E+000	-1.4253212911441437E-004
4.1049999999999347E+000	-1.4451654744140896E-004
4.1099999999999346E+000	-1.4659641986636274E-004
4.1149999999999345E+000	-1.4876237656036295E-004
4.1199999999999344E+000	-1.5101020555086109E-004
4.1249999999999343E+000	-1.5333829279917666E-004
4.1299999999999342E+000	-1.5574529787798497E-004
4.1349999999999341E+000	-1.5822971581869183E-004
4.1399999999999340E+000	-1.6078997022761499E-004
4.1449999999999338E+000	-1.6342448800221732E-004
4.1499999999999337E+000	-1.6619736823475506E-004
4.1549999999999336E+000	-1.6903696725067974E-004
4.1599999999999335E+000	-1.7194022751310101E-004
4.1649999999999334E+000	-1.7490292883870495E-004
4.1699999999999333E+000	-1.7792152910889314E-004
4.1749999999999332E+000	-1.8099717821229433E-004
4.1799999999999331E+000	-1.8413274137518698E-004
4.1849999999999330E+000	-1.8732738997817577E-004
4.1899999999999329E+000	-1.9057909231401382E-004
4.1949999999999328E+000	-1.9388607033521410E-004
4.1999999999999327E+000	-3.3563145629100788E-004
4.2049999999999326E+000	-3.0874829413152227E-004
4.2099999999999325E+000	-3.1201843615003000E-004
4.2149999999999324E+000	-3.1639978503239519E-004
4.2199999999999322E+000	-3.1832064251480219E-004
4.2249999999999321E+000	-3.1807529859184669E-004
4.2299999999999320E+000	-3.1672061528231765E-004
4.2349999999999319E+000	-3.1502161793817152E-004
4.2399999999999318E+000	-3.1338433616312500E-004
4.2449999999999317E+000	-3.1200866057190524E-004
4.2499999999999316E+000	-3.1093638540813373E-004
4.2549999999999315E+000	-3.1027229371449749E-004
4.2599999999999314E+000	-3.0993977928073235E-004
4.2649999999999313E+000	-3.0992824370912331E-004
4.2699999999999312E+000	-3.1021432619793288E-004
4.2749999999999311E+000	-3.1079358723795636E-004
4.2799999999999310E+000	-3.1165712108016663E-004
4.2849999999999309E+000	-3.1279290795627190E-004
4.2899999999999308E+000	-3.1411732535735482E-004
4.2949999999999307E+000	-3.1527774476280968E-004
4.2999999999999305E+000	-3.1697175695377666E-004
4.3049999999999304E+000	-3.1861311528569303E-004
4.3099999999999303E+000	-3.2101557381603030E-004
4.3149999999999302E+000	-3.2365925531685491E-004
4.3199999999999301E+000	-3.2647809503671965E-004
4.3249999999999300E+000	-3.2959567353429975E-004
4.3299999999999299E+000	-3.3281532597451147E-004
4.3349999999999298E+000	-3.3608037172827565E-004
4.3399999999999297E+000	-3.3963129730718578E-004
4.3449999999999296E+000	-3.4324895587634074E-004
4.3499999999999295E+000	-3.4687482644057965E-004
4.3549999999999294E+000	-3.5073233158922079E-004
4.3599999999999293E+000	-3.5472094525079712E-004
4.3649999999999292E+000	-3.5871482543248234E-004
4.3699999999999291E+000	-3.6277949487750760E-004
4.3749999999999289E+000	-3.6679891476598669E-004
4.3799999999999288E+000	-3.7108104836791611E-004
4.3849999999999287E+000	-3.7526750280791887E-004
4.3899999999999286E+000	-3.7951126584756523E-004
4.3949999999999285E+000	-3.8375821391278819E-004
4.3999999999999284E+000	-3.8804596030717065E-004
4.4049999999999283E+000	-3.9237330205876830E-004
4.4099999999999282E+000	-3.9680022688282079E-004
4.4149999999999281E+000	-4.0098040163893955E-004
4.4199999999999280E+000	-4.0534602479436188E-004
4.4249999999999279E+000	-4.0969104108601329E-004
4.4299999999999278E+000	-4.1401815912500695E-004
4.4349999999999277E+000	-4.1834633311710334E-004
4.4399999999999276E+000	-4.2254170282340908E-004
4.4449999999999275E+000	-4.2687035244259874E-004
4.4499999999999273E+000	-4.3118342768577733E-004
4.4549999999999272E+000	-4.3550010988635535E-004
4.4599999999999271E+000	-4.3964967610854444E-004
4.4649999999999270E+000	-4.4394443914397286E-004
4.4699999999999269E+000	-4.4822322177928697E-004
4.4749999999999268E+000	-4.5232769439529363E-004
4.4799999999999267E+000	-4.5657514977914815E-004
4.4849999999999266E+000	-4.6065592071231620E-004
4.4899999999999265E+000	-4.6486227861031182E-004
4.4949999999999264E+000	-4.6903582944102240E-004
4.4999999999999263E+000	-4.7302478386779256E-004
4.5049999999999262E+000	-4.7714240730556412E-004
4.5099999999999261E+000	-4.8122761208269083E-004
4.5149999999999260E+000	-4.8512617200646702E-004
4.5199999999999259E+000	-4.8915352537592938E-004
4.5249999999999257E+000	-4.9314038782188874E-004
4.5299999999999256E+000	-4.9693491811675372E-004
4.5349999999999255E+000	-5.0085172229996644E-004
4.5399999999999254E+000	-5.0473317451471544E-004
4.5449999999999253E+000	-5.0841762977738014E-004
4.5499999999999252E+000	-5.1221901397990877E-004
4.5549999999999251E+000	-5.1598463927104987E-004
4.5599999999999250E+000	-5.1954375771279260E-004
4.5649999999999249E+000	-5.2321895232232407E-004
4.5699999999999248E+000	-5.2685383516992701E-004
4.5749999999999247E+000	-5.3028827864975980E-004
4.5799999999999246E+000	-5.3383602796452934E-004
4.5849999999999245E+000	-5.3733469361683106E-004
4.5899999999999244E+000	-5.4077825404297286E-004
4.5949999999999243E+000	-5.4403181641315967E-004
4.5999999999999241E+000	-5.4740042526990607E-004
4.6049999999999240E+000	-5.5071317311883305E-004
4.6049999999999240E+000	-5.9327597141312083E-004
4.6099999999999239E+000	-5.9599523126374621E-004
4.6149999999999238E+000	-6.0143491452402387E-004
4.6199999999999237E+000	-6.0636170245320642E-004
4.6249999999999236E+000	-6.0954328620876908E-004
4.6299999999999235E+000	-6.1107708694363438E-004
4.6349999999999234E+000	-6.1167192583200247E-004
4.6399999999999233E+000	-6.1203110405516625E-004
4.6449999999999232E+000	-6.1262859532362768E-004
4.6499999999999231E+000	-6.1338412204436921E-004
4.6549999999999230E+000	-6.1423521801495795E-004
4.6599999999999229E+000	-6.1515897127284447E-004
4.6649999999999228E+000	-6.1613442023489284E-004
4.6699999999999227E+000	-6.1717161026209055E-004
4.6749999999999226E+000	-6.1823686810003053E-004
4.6799999999999224E+000	-6.1932741360992694E-004
4.6849999999999223E+000	-6.2044012708062368E-004
4.6899999999999222E+000	-6.2157172667154370E-004
4.6949999999999221E+000	-6.2277758870177280E-004
4.6999999999999220E+000	-6.2399307637139856E-004
4.7049999999999219E+000	-6.2523798923086460E-004
4.7099999999999218E+000	-6.2649652837487579E-004
4.7149999999999217E+000	-6.2777044186956843E-004
4.7199999999999216E+000	-6.2905956024339460E-004
4.7249999999999215E+000	-6.3036235688729292E-004
4.7299999999999214E+000	-6.3167585254308989E-004
4.7349999999999213E+000	-6.3307196245121489E-004
4.7399999999999212E+000	-6.3446763132146700E-004
4.7449999999999211E+000	-6.3585798653065240E-004
4.7499999999999210E+000	-6.3724345929783155E-004
4.7549999999999208E+000	-6.3862265141922947E-004
4.7599999999999207E+000	-6.3999347250121019E-004
4.7649999999999206E+000	-6.4135371699469701E-004
4.7699999999999205E+000	-6.4270127060961357E-004
4.7749999999999204E+000	-6.4403426063686098E-004
4.7799999999999203E+000	-6.4535106000995768E-004
4.7849999999999202E+000	-6.4665029004551400E-004
4.7899999999999201E+000	-6.4793079565950151E-004
4.7949999999999200E+000	-6.4919164941379393E-004
4.7999999999999199E+000	-6.5043210331694468E-004
4.8049999999999198E+000	-6.5165159224278568E-004
4.8099999999999197E+000	-6.5284965758127811E-004
4.8149999999999196E+000	-6.5402592115759717E-004
4.8199999999999195E+000	-6.5518010195386722E-004
4.8249999999999194E+000	-6.5631197836202304E-004
4.8299999999999192E+000	-6.5742141272728816E-004
4.8349999999999191E+000	-6.5850829901981101E-004
4.8399999999999190E+000	-6.5957256200066539E-004
4.8449999999999189E+000	-6.6061418301899266E-004
4.8499999999999188E+000	-6.6164137457658256E-004
4.8549999999999187E+000	-6.6287964341915639E-004
4.8599999999999186E+000	-6.6406746073610634E-004
4.8649999999999185E+000	-6.6520412908444015E-004
4.8699999999999184E+000	-6.6630388500898974E-004
4.8749999999999183E+000	-6.6737441864050950E-004
4.8799999999999182E+000	-6.6841852951560199E-004
4.8849999999999181E+000	-6.6943718367751259E-004
4.8899999999999180E+000	-6.7043090030960428E-004
4.8949999999999179E+000	-6.7140012870359200E-004
4.8999999999999178E+000	-6.7234545490935105E-004
4.9049999999999176E+000	-6.7326758316266222E-004
4.9099999999999175E+000	-6.7416736593139959E-004
4.9149999999999174E+000	-6.7504570364596006E-004
4.9199999999999173E+000	-6.7590356270796903E-004
4.9249999999999172E+000	-6.7674195198108578E-004
4.9299999999999171E+000	-6.7756191360990314E-004
4.9349999999999170E+000	-6.7836455366210302E-004
4.9399999999999169E+000	-6.7915095993686947E-004
4.9449999999999168E+000	-6.7992227723356891E-004
4.9499999999999167E+000	-6.8067955450468176E-004
4.9549999999999166E+000	-6.8142383502234338E-004
4.9599999999999165E+000	-6.8215620220835049E-004
4.9649999999999164E+000	-6.8287777359854474E-004
4.9699999999999163E+000	-6.8358975813875844E-004
4.9749999999999162E+000	-6.8429341787989983E-004
4.9799999999999160E+000	-6.8498992340026987E-004
4.9849999999999159E+000	-6.8568040508054651E-004
4.9899999999999158E+000	-6.8636599129634490E-004
4.9949999999999157E+000	-6.8704779799544369E-004
4.9999999999999156E+000	-6.8772686082274603E-004
5.0049999999999155E+000	-6.8840424148364221E-004
5.0099999999999154E+000	-6.8908097351672026E-004
5.0149999999999153E+000	-6.8975802885384851E-004
5.0199999999999152E+000	-6.9043627809728392E-004
5.0249999999999151E+000	-6.9111646274455651E-004
5.0299999999999150E+000	-6.9176749908184121E-004
5.0349999999999149E+000	-6.9254312561906062E-004
5.0399999999999148E+000	-6.9340271169382461E-004
5.0449999999999147E+000	-6.9428204100541180E-004
5.0499999999999146E+000	-6.9514954894556169E-004
5.0549999999999145E+000	-6.9599486301941127E-004
5.0599999999999143E+000	-6.9682096962697671E-004
5.0649999999999142E+000	-6.9763436279668412E-004
5.0699999999999141E+000	-6.9844082650050154E-004
5.0749999999999140E+000	-6.9924474034355200E-004
5.0799999999999139E+000	-7.0004930369504947E-004
5.0849999999999138E+000	-7.0085689291410347E-004
5.0899999999999137E+000	-7.0166950198258249E-004
5.0949999999999136E+000	-7.0248899259217623E-004
5.0999999999999135E+000	-7.0331719228011735E-004
5.1049999999999134E+000	-7.0415564646264528E-004
5.1099999999999133E+000	-7.0500611915536027E-004
5.1149999999999132E+000	-7.0587054798743054E-004
5.1199999999999131E+000	-7.0675098239325607E-004
5.1249999999999130E+000	-7.0764894845387616E-004
5.1299999999999129E+000	-7.0856573913991028E-004
5.1349999999999127E+000	-7.0950248126333548E-004
5.1399999999999126E+000	-7.1045966025762297E-004
5.1449999999999125E+000	-7.1143700249409747E-004
5.1499999999999124E+000	-7.1243434355672264E-004
5.1549999999999123E+000	-7.1345230984487529E-004
5.1599999999999122E+000	-7.1449205686979766E-004
5.1649999999999121E+000	-7.1555433081860187E-004
5.1699999999999120E+000	-7.1663947281264129E-004
5.1749999999999119E+000	-7.1774728265783239E-004
5.1799999999999118E+000	-7.1887764986522384E-004
5.1849999999999117E+000	-7.2003057022707040E-004
5.1899999999999116E+000	-7.2120619614102210E-004
5.1949999999999115E+000	-7.2240455569305695E-004
5.1999999999999114E+000	-7.2362555812777174E-004
5.2049999999999113E+000	-7.2486923919035107E-004
5.2099999999999111E+000	-7.2613547432931469E-004
5.2149999999999110E+000	-7.2742387999280567E-004
5.2199999999999109E+000	-7.2873458394973056E-004
5.2249999999999108E+000	-7.3006707224276823E-004
5.2299999999999107E+000	-7.3142125797032165E-004
5.2349999999999106E+000	-7.3279682929028311E-004
5.2399999999999105E+000	-7.3419345966874161E-004
5.2449999999999104E+000	-7.3561068140337582E-004
5.2499999999999103E+000	-7.3704794339546353E-004
5.2549999999999102E+000	-7.3850466344538290E-004
5.2599999999999101E+000	-7.3998024213395297E-004
5.2649999999999100E+000	-7.4147404982083387E-004
5.2699999999999099E+000	-7.4298540049611006E-004
5.2749999999999098E+000	-7.4451358441995907E-004
5.2799999999999097E+000	-7.4605785850723194E-004
5.2849999999999095E+000	-7.4761747105744902E-004
5.2899999999999094E+000	-7.4919164986031461E-004
5.2949999999999093E+000	-7.5077958560632041E-004
5.2999999999999092E+000	-7.5238044642667035E-004
5.3049999999999091E+000	-7.5399342270010550E-004
5.3099999999999090E+000	-7.5561767345577735E-004
5.3149999999999089E+000	-7.5725233536205749E-004
5.3199999999999088E+000	-7.5889651993854557E-004
5.3249999999999087E+000	-7.6054933162250649E-004
5.3299999999999086E+000	-7.6220984902519717E-004
5.3349999999999085E+000	-7.6387713541059554E-004
5.3399999999999084E+000	-7.6555024827174023E-004
5.3449999999999083E+000	-7.6722824483699270E-004
5.3499999999999082E+000	-7.6891017184177457E-004
5.3549999999999081E+000	-7.7059507961863005E-004
5.3599999999999079E+000	-7.7228200627743604E-004
5.3649999999999078E+000	-7.7396999821699453E-004
5.3699999999999077E+000	-7.7565811215540847E-004
5.3749999999999076E+000	-7.7734540043605804E-004
5.3799999999999075E+000	-7.7903091876629915E-004
5.3849999999999074E+000	-7.8071373003618660E-004
5.3899999999999073E+000	-7.8239290720238941E-004
5.3949999999999072E+000	-7.8406753280191310E-004
5.3999999999999071E+000	-7.8573670333614842E-004
5.4049999999999070E+000	-7.8739952803896784E-004
5.4099999999999069E+000	-7.8905513048388443E-004
5.4149999999999068E+000	-7.9070265153990960E-004
5.4199999999999067E+000	-7.9234124992355603E-004
5.4249999999999066E+000	-7.9397010532344936E-004
5.4299999999999065E+000	-7.9558842242288819E-004
5.4349999999999064E+000	-7.9719542233736007E-004
5.4399999999999062E+000	-7.9879034571828100E-004
5.4449999999999061E+000	-8.0037245480779617E-004
5.4499999999999060E+000	-8.0194103456765475E-004
5.4549999999999059E+000	-8.0349539352697619E-004
5.4599999999999058E+000	-8.0503486459004847E-004
5.4649999999999057E+000	-8.0655880810542868E-004
5.4699999999999056E+000	-8.0806661099863675E-004
5.4749999999999055E+000	-8.0955768996560096E-004
5.4799999999999054E+000	-8.1103148506089795E-004
5.4849999999999053E+000	-8.1248745881179474E-004
5.4899999999999052E+000	-8.1392510047795241E-004
5.4949999999999051E+000	-8.1534392680415735E-004
5.4999999999999050E+000	-8.1674348207316783E-004
5.5049999999999049E+000	-8.1812333823583216E-004
5.5099999999999048E+000	-8.1948309505186501E-004
5.5149999999999046E+000	-8.2085321296876401E-004
5.5199999999999045E+000	-8.2205517544231554E-004
5.5249999999999044E+000	-8.2327849099694816E-004
5.5299999999999043E+000	-8.2452054564008392E-004
5.5349999999999042E+000	-8.2571800058151013E-004
5.5399999999999041E+000	-8.2691038618110113E-004
5.5449999999999040E+000	-8.2809468113387297E-004
5.5499999999999039E+000	-8.2926680989858781E-004
5.5549999999999038E+000	-8.3042444957959205E-004
5.5599999999999037E+000	-8.3156630671954446E-004
5.5649999999999036E+000	-8.3269155771859005E-004
5.5699999999999035E+000	-8.3380022499968121E-004
5.5749999999999034E+000	-8.3488786954966088E-004
5.5799999999999033E+000	-8.3597019369952008E-004
5.5849999999999032E+000	-8.3703986422589693E-004
5.5899999999999030E+000	-8.3808810345820106E-004
5.5949999999999029E+000	-8.3911449171747421E-004
5.5999999999999028E+000	-8.4010507532861212E-004
5.6049999999999027E+000	-8.4113777770689069E-004
5.6099999999999026E+000	-8.4219452948497420E-004
5.6149999999999025E+000	-8.4325049854916401E-004
5.6199999999999024E+000	-8.4427811516629703E-004
5.6249999999999023E+000	-8.4526497386372412E-004
5.6299999999999022E+000	-8.4621019320474389E-004
5.6349999999999021E+000	-8.4711717930519015E-004
5.6399999999999020E+000	-8.4798984707168401E-004
5.6449999999999019E+000	-8.4883155668524779E-004
5.6499999999999018E+000	-8.4964505653806199E-004
5.6549999999999017E+000	-8.5043261464878839E-004
5.6599999999999016E+000	-8.5119613608863887E-004
5.6649999999999014E+000	-8.5194927317466806E-004
5.6699999999999013E+000	-8.5255266022121745E-004
5.6749999999999012E+000	-8.5319100747405230E-004
5.6799999999999011E+000	-8.5385401277093820E-004
5.6849999999999010E+000	-8.5452423470666616E-004
5.6899999999999009E+000	-8.5519351855811720E-004
5.6949999999999008E+000	-8.5585822773426301E-004
5.6999999999999007E+000	-8.5651710934619985E-004
5.7049999999999006E+000	-8.5716922126310990E-004
5.7099999999999005E+000	-8.5781368064896668E-004
5.7149999999999004E+000	-8.5844979662663690E-004
5.7199999999999003E+000	-8.5907660304140876E-004
5.7249999999999002E+000	-8.5969399858809581E-004
5.7299999999999001E+000	-8.6030133469261472E-004
5.7349999999999000E+000	-8.6089841352698926E-004
5.7399999999998998E+000	-8.6148495415150350E-004
5.7449999999998997E+000	-8.6206072884253970E-004
5.7499999999998996E+000	-8.6262561291539086E-004
5.7549999999998995E+000	-8.6317955853054684E-004
5.7599999999998994E+000	-8.6372258200828611E-004
5.7649999999998993E+000	-8.6425475288143261E-004
5.7699999999998992E+000	-8.6475505939853647E-004
5.7749999999998991E+000	-8.6529164640225531E-004
5.7799999999998990E+000	-8.6634250037320726E-004
5.7849999999998989E+000	-8.6769358447380540E-004
5.7899999999998988E+000	-8.6909141967828063E-004
5.7949999999998987E+000	-8.7038008655060395E-004
5.7999999999998986E+000	-8.7150837837945971E-004
5.8049999999998985E+000	-8.7247600711970463E-004
5.8099999999998984E+000	-8.7330834687016079E-004
5.8149999999998983E+000	-8.7402335738584469E-004
5.8199999999998981E+000	-8.7463590695247007E-004
5.8249999999998980E+000	-8.7515800589388348E-004
5.8299999999998979E+000	-8.7559941743808878E-004
5.8349999999998978E+000	-8.7596844212622926E-004
5.8399999999998977E+000	-8.7627251366884096E-004
5.8449999999998976E+000	-8.7651843629821258E-004
5.8499999999998975E+000	-8.7671248791165723E-004
5.8549999999998974E+000	-8.7686049584867476E-004
5.8599999999998973E+000	-8.7696782588775335E-004
5.8649999999998972E+000	-8.7703936228944457E-004
5.8699999999998971E+000	-8.7707952679938472E-004
5.8749999999998970E+000	-8.7709313069872508E-004
5.8799999999998969E+000	-8.7707250696178463E-004
5.8849999999998968E+000	-8.7703327293597866E-004
5.8899999999998967E+000	-8.7697732592229016E-004
5.8949999999998965E+000	-8.7690663129702529E-004
5.8999999999998964E+000	-8.7682324689453139E-004
5.9049999999998963E+000	-8.7672891998824554E-004
5.9099999999998962E+000	-8.7662516781827904E-004
5.9149999999998961E+000	-8.7651334986160734E-004
5.9199999999998960E+000	-8.7639461651356498E-004
5.9249999999998959E+000	-8.7628800827399544E-004
5.9299999999998958E+000	-8.7629784171605607E-004
5.9349999999998957E+000	-8.7625860819873225E-004
5.9399999999998956E+000	-8.7617380619864349E-004
5.9449999999998955E+000	-8.7605742185914437E-004
5.9499999999998954E+000	-8.7591900313910287E-004
5.9549999999998953E+000	-8.7576322336291312E-004
5.9599999999998952E+000	-8.7559278737803226E-004
5.9649999999998951E+000	-8.7540987221279565E-004
5.9699999999998949E+000	-8.7521632084275325E-004
5.9749999999998948E+000	-8.7501378739052171E-004
5.9799999999998947E+000	-8.7480372770398773E-004
5.9849999999998946E+000	-8.7458745303514718E-004
5.9899999999998945E+000	-8.7436617191061217E-004
5.9949999999998944E+000	-8.7414100564409125E-004
5.9999999999998943E+000	-8.7391292947769372E-004
6.0049999999998942E+000	-8.7367700691043382E-004
6.0099999999998941E+000	-8.7343976635656517E-004
6.0149999999998940E+000	-8.7320328472539899E-004
6.0199999999998939E+000	-8.7296792837321391E-004
6.0249999999998938E+000	-8.7273401982113086E-004
6.0299999999998937E+000	-8.7250199825605890E-004
6.0349999999998936E+000	-8.7227235442988160E-004
6.0399999999998935E+000	-8.7204557266806759E-004
6.0449999999998933E+000	-8.7182208746217071E-004
6.0499999999998932E+000	-8.7160227099891685E-004
6.0549999999998931E+000	-8.7138649940943225E-004
6.0599999999998930E+000	-8.7117510215195537E-004
6.0649999999998929E+000	-8.7096837415145956E-004
6.0699999999998928E+000	-8.7076662440210839E-004
6.0749999999998927E+000	-8.7057011841906728E-004
6.0799999999998926E+000	-8.7037909769982491E-004
6.0849999999998925E+000	-8.7019375181274228E-004
6.0899999999998924E+000	-8.7001436436606738E-004
6.0949999999998923E+000	-8.6984122475053383E-004
6.0999999999998922E+000	-8.6967460380948935E-004
6.1049999999998921E+000	-8.6951476301999620E-004
6.1099999999998920E+000	-8.6936198059239800E-004
6.1149999999998919E+000	-8.6921648195570356E-004
6.1199999999998917E+000	-8.6907854275475316E-004
6.1249999999998916E+000	-8.6894880211074721E-004
6.1299999999998915E+000	-8.6880625719398807E-004
6.1349999999998914E+000	-8.6867374530630315E-004
6.1399999999998913E+000	-8.6855533025254061E-004
6.1449999999998912E+000	-8.6844916228123736E-004
6.1499999999998911E+000	-8.6835409910568373E-004
6.1549999999998910E+000	-8.6826970558151473E-004
6.1599999999998909E+000	-8.6819580770125526E-004
6.1649999999998908E+000	-8.6813244200945050E-004
6.1699999999998907E+000	-8.6807962895019131E-004
6.1749999999998906E+000	-8.6803748462527253E-004
6.1799999999998905E+000	-8.6800615147542004E-004
6.1849999999998904E+000	-8.6798575722779603E-004
6.1899999999998903E+000	-8.6797653467396430E-004
6.1949999999998902E+000	-8.6797877657351918E-004
6.1999999999998900E+000	-8.6799270195747624E-004
6.2049999999998899E+000	-8.6801847409123667E-004
6.2099999999998898E+000	-8.6805613645024593E-004
6.2149999999998897E+000	-8.6810592717112556E-004
6.2199999999998896E+000	-8.6816799028177627E-004
6.2249999999998895E+000	-8.6824239347915722E-004
6.2299999999998894E+000	-8.6832935705061232E-004
6.2349999999998893E+000	-8.6842893698557688E-004
6.2399999999998892E+000	-8.6854117026913258E-004
6.2449999999998891E+000	-8.6866629239290560E-004
6.2499999999998890E+000	-8.6880450096638029E-004
6.2549999999998889E+000	-8.6895605554726529E-004
6.2599999999998888E+000	-8.6913743670091748E-004
6.2649999999998887E+000	-8.6921842205134325E-004
6.2699999999998886E+000	-8.6935470894644595E-004
6.2749999999998884E+000	-8.6954871489952623E-004
6.2799999999998883E+000	-8.6978697834805274E-004
6.2849999999998882E+000	-8.7006053723026611E-004
6.2899999999998881E+000	-8.7036567192733116E-004
6.2949999999998880E+000	-8.7070040696524131E-004
6.2999999999998879E+000	-8.7106287296778717E-004
6.3049999999998878E+000	-8.7145124472742808E-004
6.3099999999998877E+000	-8.7186379715564755E-004
6.3149999999998876E+000	-8.7229981613612395E-004
6.3199999999998875E+000	-8.7275892776839115E-004
6.3249999999998874E+000	-8.7324098292818064E-004
6.3299999999998873E+000	-8.7374559184416611E-004
6.3349999999998872E+000	-8.7427233944836757E-004
6.3399999999998871E+000	-8.7482100397862084E-004
6.3449999999998870E+000	-8.7539140160863838E-004
6.3499999999998868E+000	-8.7598349600304104E-004
6.3549999999998867E+000	-8.7659712854115668E-004
6.3599999999998866E+000	-8.7723217174939805E-004
6.3649999999998865E+000	-8.7788848651815243E-004
6.3699999999998864E+000	-8.7856611112924199E-004
6.3749999999998863E+000	-8.7926499101120825E-004
6.3799999999998862E+000	-8.7998508875664072E-004
6.3849999999998861E+000	-8.8072637920300068E-004
6.3899999999998860E+000	-8.8148879544780456E-004
6.3949999999998859E+000	-8.8227224266779203E-004
6.3999999999998858E+000	-8.8307662843867263E-004
6.4049999999998857E+000	-8.8390176522601394E-004
6.4099999999998856E+000	-8.8474749413869347E-004
6.4149999999998855E+000	-8.8561365854555874E-004
6.4199999999998854E+000	-8.8650006212187549E-004
6.4249999999998852E+000	-8.8740647579443888E-004
6.4299999999998851E+000	-8.8833270070098891E-004
6.4349999999998850E+000	-8.8927853556208802E-004
6.4399999999998849E+000	-8.9024376335444799E-004
6.4449999999998848E+000	-8.9122812375164173E-004
6.4499999999998847E+000	-8.9223133871785265E-004
6.4549999999998846E+000	-8.9325311169430321E-004
6.4599999999998845E+000	-8.9429314800737458E-004
6.4649999999998844E+000	-8.9535112180394449E-004
6.4699999999998843E+000	-8.9642669985678936E-004
6.4749999999998842E+000	-8.9751952847638705E-004
6.4799999999998841E+000	-8.9862924112127374E-004
6.4849999999998840E+000	-8.9975545684994884E-004
6.4899999999998839E+000	-9.0089778516144747E-004
6.4949999999998838E+000	-9.0205584688396456E-004
6.4999999999998836E+000	-9.0322922527175109E-004
6.5049999999998835E+000	-9.0441749227920809E-004
6.5099999999998834E+000	-9.0562022928564190E-004
6.5149999999998833E+000	-9.0683701560312358E-004
6.5199999999998832E+000	-9.0806742178095590E-004
6.5249999999998831E+000	-9.0931100640645468E-004
6.5299999999998830E+000	-9.1056732794925210E-004
6.5349999999998829E+000	-9.1183593921284611E-004
6.5399999999998828E+000	-9.1311638418289931E-004
6.5449999999998827E+000	-9.1440819994614841E-004
6.5499999999998826E+000	-9.1571092133069243E-004
6.5549999999998825E+000	-9.1702408396709956E-004
6.5599999999998824E+000	-9.1834721674866060E-004
6.5649999999998823E+000	-9.1967985254060025E-004
6.5699999999998822E+000	-9.2102152560347150E-004
6.5749999999998820E+000	-9.2237176743470428E-004
6.5799999999998819E+000	-9.2373009981372434E-004
6.5849999999998818E+000	-9.2509604442536641E-004
6.5899999999998817E+000	-9.2646912519223079E-004
6.5949999999998816E+000	-9.2784886500352215E-004
6.5999999999998815E+000	-9.2923478807982463E-004
6.6049999999998814E+000	-9.3062642170460563E-004
6.6099999999998813E+000	-9.3202329715946775E-004
6.6149999999998812E+000	-9.3342493958692430E-004
6.6199999999998811E+000	-9.3483087561141431E-004
6.6249999999998810E+000	-9.3624063364261545E-004
6.6299999999998809E+000	-9.3765374367205112E-004
6.6349999999998808E+000	-9.3906973775981228E-004
6.6399999999998807E+000	-9.4048815205605152E-004
6.6449999999998806E+000	-9.4190852770603684E-004
6.6499999999998805E+000	-9.4333040900496101E-004
6.6549999999998803E+000	-9.4475334111354670E-004
6.6599999999998802E+000	-9.4617687208042867E-004
6.6649999999998801E+000	-9.4760055072962146E-004
6.6699999999998800E+000	-9.4902485210646148E-004
6.6749999999998799E+000	-9.5045219486200594E-004
6.6799999999998798E+000	-9.5187955133901880E-004
6.6849999999998797E+000	-9.5330294889128808E-004
6.6899999999998796E+000	-9.5472192236156772E-004
6.6949999999998795E+000	-9.5613694816121253E-004
6.6999999999998794E+000	-9.5754793999702770E-004
6.7049999999998793E+000	-9.5895483869590237E-004
6.7099999999998792E+000	-9.6036312136771329E-004
6.7149999999998791E+000	-9.6176579382856175E-004
6.7199999999998790E+000	-9.6318719737586989E-004
6.7249999999998789E+000	-9.6479693099915664E-004
6.7299999999998787E+000	-9.6633741131091355E-004
6.7349999999998786E+000	-9.6781751792240911E-004
6.7399999999998785E+000	-9.6925661980140632E-004
6.7449999999998784E+000	-9.7066524209266092E-004
6.7499999999998783E+000	-9.7204799316408241E-004
6.7549999999998782E+000	-9.7340764925313294E-004
6.7599999999998781E+000	-9.7476708443311466E-004
6.7649999999998780E+000	-9.7610550769289262E-004
6.7699999999998779E+000	-9.7741986009314274E-004
6.7749999999998778E+000	-9.7871291379147962E-004
6.7799999999998777E+000	-9.7998690169065483E-004
6.7849999999998776E+000	-9.8124328353321744E-004
6.7899999999998775E+000	-9.8248328589445322E-004
6.7949999999998774E+000	-9.8370744450049230E-004
6.7999999999998773E+000	-9.8491638373365831E-004
6.8049999999998771E+000	-9.8611057520781031E-004
6.8099999999998770E+000	-9.8729036534139780E-004
6.8149999999998769E+000	-9.8845602256192322E-004
6.8199999999998768E+000	-9.8960775330070305E-004
6.8249999999998767E+000	-9.9074570881896307E-004
6.8299999999998766E+000	-9.9186999641664997E-004
6.8349999999998765E+000	-9.9298068804465345E-004
6.8399999999998764E+000	-9.9407783340677014E-004
6.8449999999998763E+000	-9.9516146224765123E-004
6.8499999999998762E+000	-9.9623158982797833E-004
6.8549999999998761E+000	-9.9728822064015787E-004
6.8599999999998760E+000	-9.9833135410687390E-004
6.8649999999998759E+000	-9.9936098279540531E-004
6.8699999999998758E+000	-1.0003770918469712E-003
6.8749999999998757E+000	-1.0013796654795293E-003
6.8799999999998755E+000	-1.0023686875322291E-003
6.8849999999998754E+000	-1.0033441385233210E-003
6.8899999999998753E+000	-1.0043060059357067E-003
6.8949999999998752E+000	-1.0052542680432097E-003
6.8999999999998751E+000	-1.0061889096801835E-003
6.9049999999998750E+000	-1.0071099257156213E-003
6.9099999999998749E+000	-1.0080173116264746E-003
6.9149999999998748E+000	-1.0089113564792918E-003
6.9199999999998747E+000	-1.0097902787493673E-003
6.9249999999998746E+000	-1.0106312510331783E-003
6.9299999999998745E+000	-1.0114811345935948E-003
6.9349999999998744E+000	-1.0123246224194027E-003
6.9399999999998743E+000	-1.0131603048271209E-003
6.9449999999998742E+000	-1.0139981759444971E-003
6.9499999999998741E+000	-1.0148089620991563E-003
6.9549999999998739E+000	-1.0156609356206658E-003
6.9599999999998738E+000	-1.0165300656033160E-003
6.9649999999998737E+000	-1.0173827499380117E-003
6.9699999999998736E+000	-1.0182077104445852E-003
6.9749999999998735E+000	-1.0190079452954137E-003
6.9799999999998734E+000	-1.0197890575969204E-003
6.9849999999998733E+000	-1.0205545909043323E-003
6.9899999999998732E+000	-1.0213061878614482E-003
6.9949999999998731E+000	-1.0220446565702979E-003
6.9999999999998730E+000	-1.0227705075065430E-003
7.0049999999998729E+000	-1.0235038908015248E-003
7.0099999999998728E+000	-1.0241604588050457E-003
7.0149999999998727E+000	-1.0248297126786987E-003
7.0199999999998726E+000	-1.0255153816700613E-003
7.0249999999998725E+000	-1.0262085572767532E-003
7.0299999999998724E+000	-1.0269023429261281E-003
7.0349999999998722E+000	-1.0275942380331138E-003
7.0399999999998721E+000	-1.0282834780350747E-003
7.0449999999998720E+000	-1.0289695709286839E-003
7.0499999999998719E+000	-1.0296520648211960E-003
7.0549999999998718E+000	-1.0303305590220191E-003
7.0599999999998717E+000	-1.0310046785733107E-003
7.0649999999998716E+000	-1.0316740643041555E-003
7.0699999999998715E+000	-1.0323383694643695E-003
7.0749999999998714E+000	-1.0329972939109311E-003
7.0799999999998713E+000	-1.0336505331802748E-003
7.0849999999998712E+000	-1.0342978395994074E-003
7.0899999999998711E+000	-1.0349389944792620E-003
7.0949999999998710E+000	-1.0355768788534725E-003
7.0999999999998709E+000	-1.0362132925476608E-003
7.1049999999998708E+000	-1.0368443760193635E-003
7.1099999999998706E+000	-1.0374716173320309E-003
7.1149999999998705E+000	-1.0380943042505031E-003
7.1199999999998704E+000	-1.0387111131162641E-003
7.1249999999998703E+000	-1.0393213043520255E-003
7.1299999999998702E+000	-1.0399245855725603E-003
7.1349999999998701E+000	-1.0405208446733205E-003
7.1399999999998700E+000	-1.0411101034817349E-003
7.1449999999998699E+000	-1.0416924468144018E-003
7.1499999999998698E+000	-1.0422680025810038E-003
7.1549999999998697E+000	-1.0428369481809696E-003
7.1599999999998696E+000	-1.0433994898848553E-003
7.1649999999998695E+000	-1.0439558160815210E-003
7.1699999999998694E+000	-1.0445060760302383E-003
7.1749999999998693E+000	-1.0450505017267631E-003
7.1799999999998692E+000	-1.0455893141627648E-003
7.1849999999998690E+000	-1.0461227620730540E-003
7.1899999999998689E+000	-1.0466511215216912E-003
7.1949999999998688E+000	-1.0471745551097200E-003
7.1999999999998687E+000	-1.0476932247067694E-003
7.2049999999998686E+000	-1.0482073113138313E-003
7.2099999999998685E+000	-1.0487170334108065E-003
7.2149999999998684E+000	-1.0492225644531672E-003
7.2199999999998683E+000	-1.0497239986824169E-003
7.2249999999998682E+000	-1.0502214916408015E-003
7.2299999999998681E+000	-1.0507152836058964E-003
7.2349999999998680E+000	-1.0512055805351750E-003
7.2399999999998679E+000	-1.0516925254204779E-003
7.2449999999998678E+000	-1.0521762806448010E-003
7.2499999999998677E+000	-1.0526570490201337E-003
7.2549999999998676E+000	-1.0531350179538990E-003
7.2599999999998674E+000	-1.0536103645466532E-003
7.2649999999998673E+000	-1.0540831140524176E-003
7.2699999999998672E+000	-1.0545438263465101E-003
7.2749999999998671E+000	-1.0550030072589145E-003
7.2799999999998670E+000	-1.0554607243338232E-003
7.2849999999998669E+000	-1.0559164956531752E-003
7.2899999999998668E+000	-1.0563701639059175E-003
7.2949999999998667E+000	-1.0568217197657326E-003
7.2999999999998666E+000	-1.0572712273355656E-003
7.3049999999998665E+000	-1.0577187315199410E-003
7.3099999999998664E+000	-1.0581642307734285E-003
7.3149999999998663E+000	-1.0586078812768740E-003
7.3199999999998662E+000	-1.0590498189300135E-003
7.3249999999998661E+000	-1.0594901208591523E-003
7.3299999999998660E+000	-1.0599288989951994E-003
7.3349999999998658E+000	-1.0603663973003385E-003
7.3399999999998657E+000	-1.0608027531682218E-003
7.3449999999998656E+000	-1.0612381442882679E-003
7.3499999999998655E+000	-1.0616727428502948E-003
7.3549999999998654E+000	-1.0621067270615292E-003
7.3599999999998653E+000	-1.0625402505555215E-003
7.3649999999998652E+000	-1.0629733834788269E-003
7.3699999999998651E+000	-1.0634062382330889E-003
7.3749999999998650E+000	-1.0638388617461025E-003
7.3799999999998649E+000	-1.0642713338548937E-003
7.3849999999998648E+000	-1.0647036467985593E-003
7.3899999999998647E+000	-1.0651359163884599E-003
7.3949999999998646E+000	-1.0655683104099367E-003
7.3999999999998645E+000	-1.0660009727492259E-003
7.4049999999998644E+000	-1.0664339890542607E-003
7.4099999999998643E+000	-1.0668677263185877E-003
7.4149999999998641E+000	-1.0673022915197450E-003
7.4199999999998640E+000	-1.0677376361813984E-003
7.4249999999998639E+000	-1.0681736337501135E-003
7.4299999999998638E+000	-1.0686103242334433E-003
7.4349999999998637E+000	-1.0690477617294469E-003
7.4399999999998636E+000	-1.0694859255719891E-003
7.4449999999998635E+000	-1.0699248296699437E-003
7.4499999999998634E+000	-1.0703644370870791E-003
7.4549999999998633E+000	-1.0708047078691330E-003

 
