Grouping:
# x 	 y
1.0000000000000000E-004	0.0000000000000000E+000
2.0000000000000001E-004	0.0000000000000000E+000
3.0000000000000003E-004	0.0000000000000000E+000
4.0000000000000002E-004	0.0000000000000000E+000
5.0000000000000001E-004	0.0000000000000000E+000
6.0000000000000006E-004	0.0000000000000000E+000
6.9999999999999999E-004	0.0000000000000000E+000
8.0000000000000004E-004	0.0000000000000000E+000
9.0000000000000008E-004	0.0000000000000000E+000
1.0000000000000000E-003	0.0000000000000000E+000
1.1000000000000001E-003	0.0000000000000000E+000
1.2000000000000001E-003	0.0000000000000000E+000
1.3000000000000002E-003	0.0000000000000000E+000
1.4000000000000000E-003	0.0000000000000000E+000
1.5000000000000000E-003	0.0000000000000000E+000
1.6000000000000001E-003	0.0000000000000000E+000
1.7000000000000001E-003	0.0000000000000000E+000
1.8000000000000002E-003	0.0000000000000000E+000
1.9000000000000000E-003	0.0000000000000000E+000
2.0000000000000000E-003	0.0000000000000000E+000
2.1000000000000003E-003	0.0000000000000000E+000
2.2000000000000001E-003	0.0000000000000000E+000
2.3000000000000000E-003	0.0000000000000000E+000
2.4000000000000002E-003	0.0000000000000000E+000
2.5000000000000001E-003	0.0000000000000000E+000
2.6000000000000003E-003	0.0000000000000000E+000
2.7000000000000001E-003	0.0000000000000000E+000
2.8000000000000000E-003	0.0000000000000000E+000
2.9000000000000002E-003	0.0000000000000000E+000
3.0000000000000001E-003	0.0000000000000000E+000
3.1000000000000003E-003	0.0000000000000000E+000
3.2000000000000002E-003	0.0000000000000000E+000
3.3000000000000000E-003	0.0000000000000000E+000
3.4000000000000002E-003	0.0000000000000000E+000
3.5000000000000001E-003	0.0000000000000000E+000
3.6000000000000003E-003	0.0000000000000000E+000
3.7000000000000002E-003	0.0000000000000000E+000
3.8000000000000000E-003	0.0000000000000000E+000
3.9000000000000003E-003	0.0000000000000000E+000
4.0000000000000001E-003	0.0000000000000000E+000
4.1000000000000003E-003	0.0000000000000000E+000
4.2000000000000006E-003	0.0000000000000000E+000
4.3000000000000000E-003	0.0000000000000000E+000
4.4000000000000003E-003	0.0000000000000000E+000
4.5000000000000005E-003	0.0000000000000000E+000
4.5999999999999999E-003	0.0000000000000000E+000
4.7000000000000002E-003	0.0000000000000000E+000
4.8000000000000004E-003	0.0000000000000000E+000
4.8999999999999998E-003	0.0000000000000000E+000
5.0000000000000001E-003	0.0000000000000000E+000
5.1000000000000004E-003	0.0000000000000000E+000
5.2000000000000006E-003	0.0000000000000000E+000
5.3000000000000000E-003	0.0000000000000000E+000
5.4000000000000003E-003	0.0000000000000000E+000
5.5000000000000005E-003	0.0000000000000000E+000
5.5999999999999999E-003	0.0000000000000000E+000
5.7000000000000002E-003	0.0000000000000000E+000
5.8000000000000005E-003	0.0000000000000000E+000
5.8999999999999999E-003	0.0000000000000000E+000
6.0000000000000001E-003	0.0000000000000000E+000
6.1000000000000004E-003	0.0000000000000000E+000
6.2000000000000006E-003	0.0000000000000000E+000
6.3000000000000000E-003	0.0000000000000000E+000
6.4000000000000003E-003	0.0000000000000000E+000
6.5000000000000006E-003	0.0000000000000000E+000
6.6000000000000000E-003	0.0000000000000000E+000
6.7000000000000002E-003	0.0000000000000000E+000
6.8000000000000005E-003	0.0000000000000000E+000
6.9000000000000008E-003	0.0000000000000000E+000
7.0000000000000001E-003	0.0000000000000000E+000
7.1000000000000004E-003	0.0000000000000000E+000
7.2000000000000007E-003	0.0000000000000000E+000
7.3000000000000001E-003	0.0000000000000000E+000
7.4000000000000003E-003	0.0000000000000000E+000
7.5000000000000006E-003	0.0000000000000000E+000
7.6000000000000000E-003	0.0000000000000000E+000
7.7000000000000002E-003	0.0000000000000000E+000
7.8000000000000005E-003	0.0000000000000000E+000
7.9000000000000008E-003	0.0000000000000000E+000
8.0000000000000002E-003	0.0000000000000000E+000
8.0999999999999996E-003	0.0000000000000000E+000
8.2000000000000007E-003	0.0000000000000000E+000
8.3000000000000001E-003	0.0000000000000000E+000
8.4000000000000012E-003	0.0000000000000000E+000
8.5000000000000006E-003	0.0000000000000000E+000
8.6000000000000000E-003	0.0000000000000000E+000
8.7000000000000011E-003	0.0000000000000000E+000
8.8000000000000005E-003	0.0000000000000000E+000
8.8999999999999999E-003	0.0000000000000000E+000
9.0000000000000011E-003	0.0000000000000000E+000
9.1000000000000004E-003	0.0000000000000000E+000
9.1999999999999998E-003	0.0000000000000000E+000
9.3000000000000010E-003	0.0000000000000000E+000
9.4000000000000004E-003	0.0000000000000000E+000
9.4999999999999998E-003	0.0000000000000000E+000
9.6000000000000009E-003	0.0000000000000000E+000
9.7000000000000003E-003	0.0000000000000000E+000
9.7999999999999997E-003	0.0000000000000000E+000
9.9000000000000008E-003	0.0000000000000000E+000
1.0000000000000000E-002	0.0000000000000000E+000
1.0100000000000001E-002	8.9999999999999980E-001
1.0200000000000001E-002	8.9999999999999980E-001
1.0300000000000000E-002	8.9999999999999991E-001
1.0400000000000001E-002	8.9999999999999991E-001
1.0500000000000001E-002	9.0000000000000013E-001
1.0600000000000000E-002	9.0000000000000013E-001
1.0700000000000001E-002	9.0000000000000024E-001
1.0800000000000001E-002	9.0000000000000036E-001
1.0900000000000000E-002	9.0000000000000036E-001
1.1000000000000001E-002	9.0000000000000058E-001
1.1100000000000000E-002	9.0000000000000069E-001
1.1200000000000000E-002	9.0000000000000069E-001
1.1300000000000001E-002	9.0000000000000080E-001
1.1400000000000000E-002	9.0000000000000102E-001
1.1500000000000000E-002	9.0000000000000113E-001
1.1600000000000001E-002	9.0000000000000113E-001
1.1700000000000000E-002	9.0000000000000124E-001
1.1800000000000000E-002	9.0000000000000147E-001
1.1900000000000001E-002	9.0000000000000124E-001
1.2000000000000000E-002	9.0000000000000113E-001
1.2100000000000001E-002	9.0000000000000102E-001
1.2200000000000001E-002	9.0000000000000080E-001
1.2300000000000000E-002	9.0000000000000080E-001
1.2400000000000001E-002	9.0000000000000069E-001
1.2500000000000001E-002	9.0000000000000058E-001
1.2600000000000000E-002	9.0000000000000036E-001
1.2700000000000001E-002	9.0000000000000036E-001
1.2800000000000001E-002	9.0000000000000024E-001
1.2900000000000000E-002	9.0000000000000024E-001
1.3000000000000001E-002	9.0000000000000013E-001
1.3100000000000001E-002	9.0000000000000013E-001
1.3200000000000000E-002	8.9999999999999991E-001
1.3300000000000001E-002	8.9999999999999991E-001
1.3400000000000000E-002	8.9999999999999980E-001
1.3500000000000000E-002	8.9999999999999980E-001
1.3600000000000001E-002	8.9999999999999969E-001
1.3700000000000000E-002	8.9999999999999969E-001
1.3800000000000002E-002	8.9999999999999969E-001
1.3900000000000001E-002	8.9999999999999969E-001
1.4000000000000000E-002	8.9999999999999947E-001
1.4100000000000001E-002	8.9999999999999947E-001
1.4200000000000001E-002	8.9999999999999947E-001
1.4300000000000000E-002	8.9999999999999947E-001
1.4400000000000001E-002	8.9999999999999947E-001
1.4500000000000001E-002	8.9999999999999947E-001
1.4600000000000000E-002	8.9999999999999947E-001
1.4700000000000001E-002	8.9999999999999947E-001
1.4800000000000001E-002	8.9999999999999947E-001
1.4900000000000000E-002	8.9999999999999947E-001
1.5000000000000001E-002	8.9999999999999947E-001
1.5100000000000001E-002	8.9999999999999947E-001
1.5200000000000000E-002	8.9999999999999947E-001
1.5300000000000001E-002	8.9999999999999947E-001
1.5400000000000000E-002	8.9999999999999947E-001
1.5500000000000000E-002	8.9999999999999969E-001
1.5600000000000001E-002	8.9999999999999969E-001
1.5700000000000002E-002	8.9999999999999969E-001
1.5800000000000002E-002	8.9999999999999969E-001
1.5900000000000001E-002	8.9999999999999980E-001
1.6000000000000000E-002	8.9999999999999980E-001
1.6100000000000000E-002	8.9999999999999991E-001
1.6199999999999999E-002	8.9999999999999991E-001
1.6300000000000002E-002	8.9999999999999991E-001
1.6400000000000001E-002	9.0000000000000013E-001
1.6500000000000001E-002	9.0000000000000024E-001
1.6600000000000000E-002	9.0000000000000024E-001
1.6700000000000000E-002	9.0000000000000036E-001
1.6800000000000002E-002	9.0000000000000036E-001
1.6900000000000002E-002	9.0000000000000058E-001
1.7000000000000001E-002	9.0000000000000069E-001
1.7100000000000001E-002	9.0000000000000069E-001
1.7200000000000000E-002	9.0000000000000080E-001
1.7299999999999999E-002	9.0000000000000102E-001
1.7400000000000002E-002	9.0000000000000113E-001
1.7500000000000002E-002	9.0000000000000124E-001
1.7600000000000001E-002	9.0000000000000147E-001
1.7700000000000000E-002	9.0000000000000124E-001
1.7800000000000000E-002	9.0000000000000124E-001
1.7899999999999999E-002	9.0000000000000113E-001
1.8000000000000002E-002	9.0000000000000102E-001
1.8100000000000002E-002	9.0000000000000080E-001
1.8200000000000001E-002	9.0000000000000069E-001
1.8300000000000000E-002	9.0000000000000069E-001
1.8400000000000000E-002	9.0000000000000058E-001
1.8500000000000003E-002	9.0000000000000036E-001
1.8600000000000002E-002	9.0000000000000036E-001
1.8700000000000001E-002	9.0000000000000024E-001
1.8800000000000001E-002	9.0000000000000013E-001
1.8900000000000000E-002	9.0000000000000013E-001
1.9000000000000000E-002	8.9999999999999991E-001
1.9100000000000002E-002	8.9999999999999991E-001
1.9200000000000002E-002	8.9999999999999991E-001
1.9300000000000001E-002	8.9999999999999980E-001
1.9400000000000001E-002	8.9999999999999980E-001
1.9500000000000000E-002	8.9999999999999969E-001
1.9599999999999999E-002	8.9999999999999969E-001
1.9700000000000002E-002	8.9999999999999969E-001
1.9800000000000002E-002	8.9999999999999947E-001
1.9900000000000001E-002	8.9999999999999947E-001
2.0000000000000000E-002	8.9999999999999947E-001
2.0100000000000000E-002	8.9999999999999947E-001
2.0200000000000003E-002	8.9999999999999947E-001
2.0300000000000002E-002	8.9999999999999947E-001
2.0400000000000001E-002	8.9999999999999947E-001
2.0500000000000001E-002	8.9999999999999947E-001
2.0600000000000000E-002	8.9999999999999947E-001
2.0700000000000000E-002	8.9999999999999947E-001
2.0800000000000003E-002	8.9999999999999947E-001
2.0900000000000002E-002	8.9999999999999947E-001
2.1000000000000001E-002	8.9999999999999947E-001
2.1100000000000001E-002	8.9999999999999947E-001
2.1200000000000000E-002	8.9999999999999947E-001
2.1299999999999999E-002	8.9999999999999947E-001
2.1400000000000002E-002	8.9999999999999969E-001
2.1500000000000002E-002	8.9999999999999969E-001
2.1600000000000001E-002	8.9999999999999969E-001
2.1700000000000001E-002	8.9999999999999969E-001
2.1800000000000000E-002	8.9999999999999980E-001
2.1899999999999999E-002	8.9999999999999980E-001
2.2000000000000002E-002	8.9999999999999991E-001
2.2100000000000002E-002	8.9999999999999991E-001
2.2200000000000001E-002	9.0000000000000013E-001
2.2300000000000000E-002	9.0000000000000013E-001
2.2400000000000000E-002	9.0000000000000024E-001
2.2500000000000003E-002	9.0000000000000024E-001
2.2600000000000002E-002	9.0000000000000036E-001
2.2700000000000001E-002	9.0000000000000036E-001
2.2800000000000001E-002	9.0000000000000058E-001
2.2900000000000000E-002	9.0000000000000069E-001
2.3000000000000000E-002	9.0000000000000080E-001
2.3100000000000002E-002	9.0000000000000080E-001
2.3200000000000002E-002	9.0000000000000102E-001
2.3300000000000001E-002	9.0000000000000113E-001
2.3400000000000001E-002	9.0000000000000124E-001
2.3500000000000000E-002	9.0000000000000147E-001
2.3599999999999999E-002	9.0000000000000124E-001
2.3700000000000002E-002	9.0000000000000113E-001
2.3800000000000002E-002	9.0000000000000113E-001
2.3900000000000001E-002	9.0000000000000102E-001
2.4000000000000000E-002	9.0000000000000080E-001
2.4100000000000000E-002	9.0000000000000069E-001
2.4200000000000003E-002	9.0000000000000069E-001
2.4300000000000002E-002	9.0000000000000058E-001
2.4400000000000002E-002	9.0000000000000036E-001
2.4500000000000001E-002	9.0000000000000036E-001
2.4600000000000000E-002	9.0000000000000024E-001
2.4700000000000000E-002	9.0000000000000013E-001
2.4800000000000003E-002	9.0000000000000013E-001
2.4900000000000002E-002	8.9999999999999991E-001
2.5000000000000001E-002	8.9999999999999991E-001
2.5100000000000001E-002	8.9999999999999980E-001
2.5200000000000000E-002	8.9999999999999980E-001
2.5300000000000000E-002	8.9999999999999980E-001
2.5400000000000002E-002	8.9999999999999969E-001
2.5500000000000002E-002	8.9999999999999969E-001
2.5600000000000001E-002	8.9999999999999969E-001
2.5700000000000001E-002	8.9999999999999947E-001
2.5800000000000000E-002	8.9999999999999947E-001
2.5900000000000003E-002	8.9999999999999947E-001
2.6000000000000002E-002	8.9999999999999947E-001
2.6100000000000002E-002	8.9999999999999947E-001
2.6200000000000001E-002	8.9999999999999947E-001
2.6300000000000000E-002	8.9999999999999947E-001
2.6400000000000000E-002	8.9999999999999947E-001
2.6500000000000003E-002	8.9999999999999947E-001
2.6600000000000002E-002	8.9999999999999947E-001
2.6700000000000002E-002	8.9999999999999947E-001
2.6800000000000001E-002	8.9999999999999947E-001
2.6900000000000000E-002	8.9999999999999947E-001
2.7000000000000000E-002	8.9999999999999947E-001
2.7100000000000003E-002	8.9999999999999947E-001
2.7200000000000002E-002	8.9999999999999947E-001
2.7300000000000001E-002	8.9999999999999969E-001
2.7400000000000001E-002	8.9999999999999969E-001
2.7500000000000000E-002	8.9999999999999969E-001
2.7600000000000003E-002	8.9999999999999980E-001
2.7700000000000002E-002	8.9999999999999980E-001
2.7800000000000002E-002	8.9999999999999980E-001
2.7900000000000001E-002	8.9999999999999991E-001
2.8000000000000001E-002	8.9999999999999991E-001
2.8100000000000000E-002	9.0000000000000013E-001
2.8200000000000003E-002	9.0000000000000013E-001
2.8300000000000002E-002	9.0000000000000024E-001
2.8400000000000002E-002	9.0000000000000024E-001
2.8500000000000001E-002	9.0000000000000036E-001
2.8600000000000000E-002	9.0000000000000058E-001
2.8700000000000000E-002	9.0000000000000058E-001
2.8800000000000003E-002	9.0000000000000069E-001
2.8900000000000002E-002	9.0000000000000080E-001
2.9000000000000001E-002	9.0000000000000080E-001
2.9100000000000001E-002	9.0000000000000102E-001
2.9200000000000000E-002	9.0000000000000113E-001
2.9300000000000003E-002	9.0000000000000124E-001
2.9400000000000003E-002	9.0000000000000147E-001
2.9500000000000002E-002	9.0000000000000124E-001
2.9600000000000001E-002	9.0000000000000113E-001
2.9700000000000001E-002	9.0000000000000102E-001
2.9800000000000000E-002	9.0000000000000102E-001
2.9900000000000003E-002	9.0000000000000080E-001
3.0000000000000002E-002	9.0000000000000069E-001
3.0100000000000002E-002	9.0000000000000058E-001
3.0200000000000001E-002	9.0000000000000058E-001
3.0300000000000001E-002	9.0000000000000036E-001
3.0400000000000000E-002	9.0000000000000024E-001
3.0500000000000003E-002	9.0000000000000024E-001
3.0600000000000002E-002	9.0000000000000013E-001
3.0700000000000002E-002	9.0000000000000013E-001
3.0800000000000001E-002	8.9999999999999991E-001
3.0900000000000000E-002	8.9999999999999991E-001
3.1000000000000000E-002	8.9999999999999980E-001
3.1100000000000003E-002	8.9999999999999980E-001
3.1200000000000002E-002	8.9999999999999980E-001
3.1300000000000001E-002	8.9999999999999969E-001
3.1400000000000004E-002	8.9999999999999969E-001
3.1500000000000000E-002	8.9999999999999969E-001
3.1600000000000003E-002	8.9999999999999947E-001
3.1699999999999999E-002	8.9999999999999947E-001
3.1800000000000002E-002	8.9999999999999947E-001
3.1900000000000005E-002	8.9999999999999947E-001
3.2000000000000001E-002	8.9999999999999947E-001
3.2100000000000004E-002	8.9999999999999947E-001
3.2199999999999999E-002	8.9999999999999947E-001
3.2300000000000002E-002	8.9999999999999947E-001
3.2399999999999998E-002	8.9999999999999947E-001
3.2500000000000001E-002	8.9999999999999947E-001
3.2600000000000004E-002	8.9999999999999947E-001
3.2700000000000000E-002	8.9999999999999947E-001
3.2800000000000003E-002	8.9999999999999947E-001
3.2899999999999999E-002	8.9999999999999947E-001
3.3000000000000002E-002	8.9999999999999947E-001
3.3100000000000004E-002	8.9999999999999947E-001
3.3200000000000000E-002	8.9999999999999969E-001
3.3300000000000003E-002	8.9999999999999969E-001
3.3399999999999999E-002	8.9999999999999969E-001
3.3500000000000002E-002	8.9999999999999980E-001
3.3600000000000005E-002	8.9999999999999980E-001
3.3700000000000001E-002	8.9999999999999980E-001
3.3800000000000004E-002	8.9999999999999991E-001
3.3900000000000000E-002	8.9999999999999991E-001
3.4000000000000002E-002	9.0000000000000013E-001
3.4099999999999998E-002	9.0000000000000013E-001
3.4200000000000001E-002	9.0000000000000024E-001
3.4300000000000004E-002	9.0000000000000024E-001
3.4400000000000000E-002	9.0000000000000036E-001
3.4500000000000003E-002	9.0000000000000058E-001
3.4599999999999999E-002	9.0000000000000058E-001
3.4700000000000002E-002	9.0000000000000069E-001
3.4800000000000005E-002	9.0000000000000080E-001
3.4900000000000000E-002	9.0000000000000102E-001
3.5000000000000003E-002	9.0000000000000102E-001
3.5099999999999999E-002	9.0000000000000113E-001
3.5200000000000002E-002	9.0000000000000124E-001
3.5300000000000005E-002	9.0000000000000147E-001
3.5400000000000001E-002	9.0000000000000124E-001
3.5500000000000004E-002	9.0000000000000113E-001
3.5600000000000000E-002	9.0000000000000102E-001
3.5700000000000003E-002	9.0000000000000102E-001
3.5799999999999998E-002	9.0000000000000080E-001
3.5900000000000001E-002	9.0000000000000069E-001
3.6000000000000004E-002	9.0000000000000058E-001
3.6100000000000000E-002	9.0000000000000058E-001
3.6200000000000003E-002	9.0000000000000036E-001
3.6299999999999999E-002	9.0000000000000024E-001
3.6400000000000002E-002	9.0000000000000024E-001
3.6500000000000005E-002	9.0000000000000013E-001
3.6600000000000001E-002	9.0000000000000013E-001
3.6700000000000003E-002	8.9999999999999991E-001
3.6799999999999999E-002	8.9999999999999991E-001
3.6900000000000002E-002	8.9999999999999980E-001
3.7000000000000005E-002	8.9999999999999980E-001
3.7100000000000001E-002	8.9999999999999980E-001
3.7200000000000004E-002	8.9999999999999969E-001
3.7300000000000000E-002	8.9999999999999969E-001
3.7400000000000003E-002	8.9999999999999969E-001
3.7499999999999999E-002	8.9999999999999947E-001
3.7600000000000001E-002	8.9999999999999947E-001
3.7700000000000004E-002	8.9999999999999947E-001
3.7800000000000000E-002	8.9999999999999947E-001
3.7900000000000003E-002	8.9999999999999947E-001
3.7999999999999999E-002	8.9999999999999947E-001
3.8100000000000002E-002	8.9999999999999947E-001
3.8200000000000005E-002	8.9999999999999947E-001
3.8300000000000001E-002	8.9999999999999947E-001
3.8400000000000004E-002	8.9999999999999947E-001
3.8500000000000000E-002	8.9999999999999947E-001
3.8600000000000002E-002	8.9999999999999947E-001
3.8700000000000005E-002	8.9999999999999947E-001
3.8800000000000001E-002	8.9999999999999947E-001
3.8900000000000004E-002	8.9999999999999947E-001
3.9000000000000000E-002	8.9999999999999947E-001
3.9100000000000003E-002	8.9999999999999969E-001
3.9199999999999999E-002	8.9999999999999969E-001
3.9300000000000002E-002	8.9999999999999969E-001
3.9400000000000004E-002	8.9999999999999980E-001
3.9500000000000000E-002	8.9999999999999980E-001
3.9600000000000003E-002	8.9999999999999980E-001
3.9699999999999999E-002	8.9999999999999991E-001
3.9800000000000002E-002	8.9999999999999991E-001
3.9900000000000005E-002	9.0000000000000013E-001
4.0000000000000001E-002	9.0000000000000013E-001
4.0100000000000004E-002	9.0000000000000024E-001
4.0200000000000000E-002	9.0000000000000036E-001
4.0300000000000002E-002	9.0000000000000036E-001
4.0400000000000005E-002	9.0000000000000058E-001
4.0500000000000001E-002	9.0000000000000058E-001
4.0600000000000004E-002	9.0000000000000069E-001
4.0700000000000000E-002	9.0000000000000080E-001
4.0800000000000003E-002	9.0000000000000102E-001
4.0899999999999999E-002	9.0000000000000113E-001
4.1000000000000002E-002	9.0000000000000113E-001
4.1100000000000005E-002	9.0000000000000124E-001
4.1200000000000001E-002	9.0000000000000147E-001
4.1300000000000003E-002	9.0000000000000124E-001
4.1399999999999999E-002	9.0000000000000113E-001
4.1500000000000002E-002	9.0000000000000102E-001
4.1600000000000005E-002	9.0000000000000080E-001
4.1700000000000001E-002	9.0000000000000080E-001
4.1800000000000004E-002	9.0000000000000069E-001
4.1900000000000000E-002	9.0000000000000058E-001
4.2000000000000003E-002	9.0000000000000036E-001
4.2100000000000005E-002	9.0000000000000036E-001
4.2200000000000001E-002	9.0000000000000024E-001
4.2300000000000004E-002	9.0000000000000024E-001
4.2400000000000000E-002	9.0000000000000013E-001
4.2500000000000003E-002	9.0000000000000013E-001
4.2599999999999999E-002	8.9999999999999991E-001
4.2700000000000002E-002	8.9999999999999991E-001
4.2800000000000005E-002	8.9999999999999980E-001
4.2900000000000001E-002	8.9999999999999980E-001
4.3000000000000003E-002	8.9999999999999969E-001
4.3099999999999999E-002	8.9999999999999969E-001
4.3200000000000002E-002	8.9999999999999969E-001
4.3300000000000005E-002	8.9999999999999969E-001
4.3400000000000001E-002	8.9999999999999947E-001
4.3500000000000004E-002	8.9999999999999947E-001
4.3600000000000000E-002	8.9999999999999947E-001
4.3700000000000003E-002	8.9999999999999947E-001
4.3799999999999999E-002	8.9999999999999947E-001
4.3900000000000002E-002	8.9999999999999947E-001
4.4000000000000004E-002	8.9999999999999947E-001
4.4100000000000000E-002	8.9999999999999947E-001
4.4200000000000003E-002	8.9999999999999947E-001
4.4299999999999999E-002	8.9999999999999947E-001
4.4400000000000002E-002	8.9999999999999947E-001
4.4500000000000005E-002	8.9999999999999947E-001
4.4600000000000001E-002	8.9999999999999947E-001
4.4700000000000004E-002	8.9999999999999947E-001
4.4800000000000000E-002	8.9999999999999947E-001
4.4900000000000002E-002	8.9999999999999947E-001
4.5000000000000005E-002	8.9999999999999969E-001
4.5100000000000001E-002	8.9999999999999969E-001
4.5200000000000004E-002	8.9999999999999969E-001
4.5300000000000000E-002	8.9999999999999980E-001
4.5400000000000003E-002	8.9999999999999980E-001
4.5499999999999999E-002	8.9999999999999980E-001
4.5600000000000002E-002	8.9999999999999991E-001
4.5700000000000005E-002	8.9999999999999991E-001
4.5800000000000000E-002	9.0000000000000013E-001
4.5900000000000003E-002	9.0000000000000013E-001
4.5999999999999999E-002	9.0000000000000024E-001
4.6100000000000002E-002	9.0000000000000036E-001
4.6200000000000005E-002	9.0000000000000036E-001
4.6300000000000001E-002	9.0000000000000058E-001
4.6400000000000004E-002	9.0000000000000069E-001
4.6500000000000000E-002	9.0000000000000069E-001
4.6600000000000003E-002	9.0000000000000080E-001
4.6700000000000005E-002	9.0000000000000102E-001
4.6800000000000001E-002	9.0000000000000113E-001
4.6900000000000004E-002	9.0000000000000124E-001
4.7000000000000000E-002	9.0000000000000124E-001
4.7100000000000003E-002	9.0000000000000147E-001
4.7199999999999999E-002	9.0000000000000124E-001
4.7300000000000002E-002	9.0000000000000113E-001
4.7400000000000005E-002	9.0000000000000102E-001
4.7500000000000001E-002	9.0000000000000080E-001
4.7600000000000003E-002	9.0000000000000069E-001
4.7699999999999999E-002	9.0000000000000069E-001
4.7800000000000002E-002	9.0000000000000058E-001
4.7900000000000005E-002	9.0000000000000036E-001
4.8000000000000001E-002	9.0000000000000036E-001
4.8100000000000004E-002	9.0000000000000024E-001
4.8200000000000000E-002	9.0000000000000024E-001
4.8300000000000003E-002	9.0000000000000013E-001
4.8400000000000006E-002	8.9999999999999991E-001
4.8500000000000001E-002	8.9999999999999991E-001
4.8600000000000004E-002	8.9999999999999991E-001
4.8700000000000000E-002	8.9999999999999980E-001
4.8800000000000003E-002	8.9999999999999980E-001
4.8899999999999999E-002	8.9999999999999969E-001
4.9000000000000002E-002	8.9999999999999969E-001
4.9100000000000005E-002	8.9999999999999969E-001
4.9200000000000001E-002	8.9999999999999969E-001
4.9300000000000004E-002	8.9999999999999947E-001
4.9399999999999999E-002	8.9999999999999947E-001
4.9500000000000002E-002	8.9999999999999947E-001
4.9600000000000005E-002	8.9999999999999947E-001
4.9700000000000001E-002	8.9999999999999947E-001
4.9800000000000004E-002	8.9999999999999947E-001
4.9900000000000000E-002	8.9999999999999947E-001
5.0000000000000003E-002	8.9999999999999947E-001
5.0100000000000006E-002	8.9999999999999947E-001
5.0200000000000002E-002	8.9999999999999947E-001
5.0300000000000004E-002	8.9999999999999947E-001
5.0400000000000000E-002	8.9999999999999947E-001
5.0500000000000003E-002	8.9999999999999947E-001
5.0599999999999999E-002	8.9999999999999947E-001
5.0700000000000002E-002	8.9999999999999947E-001
5.0800000000000005E-002	8.9999999999999969E-001
5.0900000000000001E-002	8.9999999999999969E-001
5.1000000000000004E-002	8.9999999999999969E-001
5.1100000000000000E-002	8.9999999999999969E-001
5.1200000000000002E-002	8.9999999999999980E-001
5.1300000000000005E-002	8.9999999999999980E-001
5.1400000000000001E-002	8.9999999999999991E-001
5.1500000000000004E-002	8.9999999999999991E-001
5.1600000000000000E-002	8.9999999999999991E-001
5.1700000000000003E-002	9.0000000000000013E-001
5.1800000000000006E-002	9.0000000000000024E-001
5.1900000000000002E-002	9.0000000000000024E-001
5.2000000000000005E-002	9.0000000000000036E-001
5.2100000000000000E-002	9.0000000000000036E-001
5.2200000000000003E-002	9.0000000000000058E-001
5.2299999999999999E-002	9.0000000000000069E-001
5.2400000000000002E-002	9.0000000000000069E-001
5.2500000000000005E-002	9.0000000000000080E-001
5.2600000000000001E-002	9.0000000000000102E-001
5.2700000000000004E-002	9.0000000000000113E-001
5.2800000000000000E-002	9.0000000000000124E-001
5.2900000000000003E-002	9.0000000000000147E-001
5.3000000000000005E-002	9.0000000000000124E-001
5.3100000000000001E-002	9.0000000000000124E-001
5.3200000000000004E-002	9.0000000000000113E-001
5.3300000000000000E-002	9.0000000000000102E-001
5.3400000000000003E-002	9.0000000000000080E-001
5.3500000000000006E-002	9.0000000000000069E-001
5.3600000000000002E-002	9.0000000000000069E-001
5.3700000000000005E-002	9.0000000000000058E-001
5.3800000000000001E-002	9.0000000000000036E-001
5.3900000000000003E-002	9.0000000000000036E-001
5.3999999999999999E-002	9.0000000000000024E-001
5.4100000000000002E-002	9.0000000000000013E-001
5.4200000000000005E-002	9.0000000000000013E-001
5.4300000000000001E-002	8.9999999999999991E-001
5.4400000000000004E-002	8.9999999999999991E-001
5.4500000000000000E-002	8.9999999999999980E-001
5.4600000000000003E-002	8.9999999999999980E-001
5.4700000000000006E-002	8.9999999999999980E-001
5.4800000000000001E-002	8.9999999999999969E-001
5.4900000000000004E-002	8.9999999999999969E-001
5.5000000000000000E-002	8.9999999999999969E-001
5.5100000000000003E-002	8.9999999999999947E-001
5.5200000000000006E-002	8.9999999999999947E-001
5.5300000000000002E-002	8.9999999999999947E-001
5.5400000000000005E-002	8.9999999999999947E-001
5.5500000000000001E-002	8.9999999999999947E-001
5.5600000000000004E-002	8.9999999999999947E-001
5.5700000000000000E-002	8.9999999999999947E-001
5.5800000000000002E-002	8.9999999999999947E-001
5.5900000000000005E-002	8.9999999999999947E-001
5.6000000000000001E-002	8.9999999999999947E-001
5.6100000000000004E-002	8.9999999999999947E-001
5.6200000000000000E-002	8.9999999999999947E-001
5.6300000000000003E-002	8.9999999999999947E-001
5.6400000000000006E-002	8.9999999999999947E-001
5.6500000000000002E-002	8.9999999999999947E-001
5.6600000000000004E-002	8.9999999999999947E-001
5.6700000000000000E-002	8.9999999999999969E-001
5.6800000000000003E-002	8.9999999999999969E-001
5.6900000000000006E-002	8.9999999999999969E-001
5.7000000000000002E-002	8.9999999999999969E-001
5.7100000000000005E-002	8.9999999999999980E-001
5.7200000000000001E-002	8.9999999999999980E-001
5.7300000000000004E-002	8.9999999999999991E-001
5.7400000000000000E-002	8.9999999999999991E-001
5.7500000000000002E-002	9.0000000000000013E-001
5.7600000000000005E-002	9.0000000000000013E-001
5.7700000000000001E-002	9.0000000000000024E-001
5.7800000000000004E-002	9.0000000000000024E-001
5.7900000000000000E-002	9.0000000000000036E-001
5.8000000000000003E-002	9.0000000000000036E-001
5.8100000000000006E-002	9.0000000000000058E-001
5.8200000000000002E-002	9.0000000000000069E-001
5.8300000000000005E-002	9.0000000000000080E-001
5.8400000000000001E-002	9.0000000000000080E-001
5.8500000000000003E-002	9.0000000000000102E-001
5.8600000000000006E-002	9.0000000000000113E-001
5.8700000000000002E-002	9.0000000000000124E-001
5.8800000000000005E-002	9.0000000000000147E-001
5.8900000000000001E-002	9.0000000000000158E-001
5.9000000000000004E-002	9.0000000000000147E-001
5.9100000000000000E-002	9.0000000000000124E-001
5.9200000000000003E-002	9.0000000000000124E-001
5.9300000000000005E-002	9.0000000000000113E-001
5.9400000000000001E-002	9.0000000000000102E-001
5.9500000000000004E-002	9.0000000000000080E-001
5.9600000000000000E-002	9.0000000000000080E-001
5.9700000000000003E-002	9.0000000000000069E-001
5.9800000000000006E-002	9.0000000000000058E-001
5.9900000000000002E-002	9.0000000000000058E-001
6.0000000000000005E-002	9.0000000000000047E-001
6.0100000000000001E-002	9.0000000000000047E-001
6.0200000000000004E-002	9.0000000000000024E-001
6.0299999999999999E-002	9.0000000000000024E-001
6.0400000000000002E-002	9.0000000000000013E-001
6.0500000000000005E-002	9.0000000000000013E-001
6.0600000000000001E-002	9.0000000000000013E-001
6.0700000000000004E-002	9.0000000000000002E-001
6.0800000000000000E-002	9.0000000000000002E-001
6.0900000000000003E-002	9.0000000000000002E-001
6.1000000000000006E-002	8.9999999999999980E-001
6.1100000000000002E-002	8.9999999999999980E-001
6.1200000000000004E-002	8.9999999999999980E-001
6.1300000000000000E-002	8.9999999999999980E-001
6.1400000000000003E-002	8.9999999999999980E-001
6.1500000000000006E-002	8.9999999999999980E-001
6.1600000000000002E-002	8.9999999999999980E-001
6.1700000000000005E-002	8.9999999999999980E-001
6.1800000000000001E-002	8.9999999999999980E-001
6.1900000000000004E-002	8.9999999999999980E-001
6.2000000000000000E-002	8.9999999999999980E-001
6.2100000000000002E-002	8.9999999999999980E-001
6.2200000000000005E-002	8.9999999999999980E-001
6.2300000000000001E-002	8.9999999999999980E-001
6.2400000000000004E-002	8.9999999999999980E-001
6.2500000000000000E-002	8.9999999999999980E-001
6.2600000000000003E-002	9.0000000000000002E-001
6.2700000000000006E-002	9.0000000000000002E-001
6.2800000000000009E-002	9.0000000000000002E-001
6.2899999999999998E-002	9.0000000000000013E-001
6.3000000000000000E-002	9.0000000000000013E-001
6.3100000000000003E-002	9.0000000000000013E-001
6.3200000000000006E-002	9.0000000000000024E-001
6.3300000000000009E-002	9.0000000000000024E-001
6.3399999999999998E-002	9.0000000000000047E-001
6.3500000000000001E-002	9.0000000000000047E-001
6.3600000000000004E-002	9.0000000000000058E-001
6.3700000000000007E-002	9.0000000000000058E-001
6.3800000000000009E-002	9.0000000000000069E-001
6.3899999999999998E-002	9.0000000000000080E-001
6.4000000000000001E-002	9.0000000000000080E-001
6.4100000000000004E-002	9.0000000000000102E-001
6.4200000000000007E-002	9.0000000000000113E-001
6.4300000000000010E-002	9.0000000000000113E-001
6.4399999999999999E-002	9.0000000000000124E-001
6.4500000000000002E-002	9.0000000000000147E-001
6.4600000000000005E-002	9.0000000000000158E-001
6.4700000000000008E-002	9.0000000000000169E-001
6.4799999999999996E-002	9.0000000000000202E-001
6.4899999999999999E-002	9.0000000000000191E-001
6.5000000000000002E-002	9.0000000000000169E-001
6.5100000000000005E-002	9.0000000000000158E-001
6.5200000000000008E-002	9.0000000000000147E-001
6.5299999999999997E-002	9.0000000000000147E-001
6.5400000000000000E-002	9.0000000000000124E-001
6.5500000000000003E-002	9.0000000000000113E-001
6.5600000000000006E-002	9.0000000000000102E-001
6.5700000000000008E-002	9.0000000000000102E-001
6.5799999999999997E-002	9.0000000000000080E-001
6.5900000000000000E-002	9.0000000000000069E-001
6.6000000000000003E-002	9.0000000000000069E-001
6.6100000000000006E-002	9.0000000000000058E-001
6.6200000000000009E-002	9.0000000000000058E-001
6.6299999999999998E-002	9.0000000000000036E-001
6.6400000000000001E-002	9.0000000000000036E-001
6.6500000000000004E-002	9.0000000000000024E-001
6.6600000000000006E-002	9.0000000000000024E-001
6.6700000000000009E-002	9.0000000000000024E-001
6.6799999999999998E-002	9.0000000000000013E-001
6.6900000000000001E-002	9.0000000000000013E-001
6.7000000000000004E-002	9.0000000000000013E-001
6.7100000000000007E-002	8.9999999999999991E-001
6.7200000000000010E-002	8.9999999999999991E-001
6.7299999999999999E-002	8.9999999999999991E-001
6.7400000000000002E-002	8.9999999999999991E-001
6.7500000000000004E-002	8.9999999999999991E-001
6.7600000000000007E-002	8.9999999999999991E-001
6.7700000000000010E-002	8.9999999999999991E-001
6.7799999999999999E-002	8.9999999999999991E-001
6.7900000000000002E-002	8.9999999999999991E-001
6.8000000000000005E-002	8.9999999999999991E-001
6.8100000000000008E-002	8.9999999999999991E-001
6.8199999999999997E-002	9.0000000000000013E-001
6.8300000000000000E-002	9.0000000000000013E-001
6.8400000000000002E-002	9.0000000000000013E-001
6.8500000000000005E-002	9.0000000000000013E-001
6.8600000000000008E-002	9.0000000000000024E-001
6.8699999999999997E-002	9.0000000000000024E-001
6.8800000000000000E-002	9.0000000000000024E-001
6.8900000000000003E-002	9.0000000000000036E-001
6.9000000000000006E-002	9.0000000000000036E-001
6.9100000000000009E-002	9.0000000000000058E-001
6.9199999999999998E-002	9.0000000000000058E-001
6.9300000000000000E-002	9.0000000000000069E-001
6.9400000000000003E-002	9.0000000000000069E-001
6.9500000000000006E-002	9.0000000000000080E-001
6.9600000000000009E-002	9.0000000000000102E-001
6.9699999999999998E-002	9.0000000000000102E-001
6.9800000000000001E-002	9.0000000000000113E-001
6.9900000000000004E-002	9.0000000000000124E-001
7.0000000000000007E-002	9.0000000000000147E-001
7.0100000000000010E-002	9.0000000000000147E-001
7.0199999999999999E-002	9.0000000000000158E-001
7.0300000000000001E-002	9.0000000000000169E-001
7.0400000000000004E-002	9.0000000000000191E-001
7.0500000000000007E-002	9.0000000000000202E-001
7.0600000000000010E-002	9.0000000000000213E-001
7.0699999999999999E-002	9.0000000000000202E-001
7.0800000000000002E-002	9.0000000000000191E-001
7.0900000000000005E-002	9.0000000000000169E-001
7.1000000000000008E-002	9.0000000000000158E-001
7.1099999999999997E-002	9.0000000000000147E-001
7.1199999999999999E-002	9.0000000000000124E-001
7.1300000000000002E-002	9.0000000000000124E-001
7.1400000000000005E-002	9.0000000000000113E-001
7.1500000000000008E-002	9.0000000000000102E-001
7.1599999999999997E-002	9.0000000000000080E-001
7.1700000000000000E-002	9.0000000000000080E-001
7.1800000000000003E-002	9.0000000000000069E-001
7.1900000000000006E-002	9.0000000000000069E-001
7.2000000000000008E-002	9.0000000000000058E-001
7.2099999999999997E-002	9.0000000000000058E-001
7.2200000000000000E-002	9.0000000000000036E-001
7.2300000000000003E-002	9.0000000000000036E-001
7.2400000000000006E-002	9.0000000000000024E-001
7.2500000000000009E-002	9.0000000000000024E-001
7.2599999999999998E-002	9.0000000000000013E-001
7.2700000000000001E-002	9.0000000000000013E-001
7.2800000000000004E-002	9.0000000000000013E-001
7.2900000000000006E-002	9.0000000000000013E-001
7.3000000000000009E-002	8.9999999999999991E-001
7.3099999999999998E-002	8.9999999999999991E-001
7.3200000000000001E-002	8.9999999999999991E-001
7.3300000000000004E-002	8.9999999999999991E-001
7.3400000000000007E-002	8.9999999999999991E-001
7.3500000000000010E-002	8.9999999999999991E-001
7.3599999999999999E-002	8.9999999999999991E-001
7.3700000000000002E-002	8.9999999999999991E-001
7.3800000000000004E-002	8.9999999999999991E-001
7.3900000000000007E-002	8.9999999999999991E-001
7.4000000000000010E-002	8.9999999999999991E-001
7.4099999999999999E-002	9.0000000000000013E-001
7.4200000000000002E-002	9.0000000000000013E-001
7.4300000000000005E-002	9.0000000000000013E-001
7.4400000000000008E-002	9.0000000000000013E-001
7.4499999999999997E-002	9.0000000000000024E-001
7.4600000000000000E-002	9.0000000000000024E-001
7.4700000000000003E-002	9.0000000000000024E-001
7.4800000000000005E-002	9.0000000000000036E-001
7.4900000000000008E-002	9.0000000000000036E-001
7.4999999999999997E-002	9.0000000000000058E-001
7.5100000000000000E-002	9.0000000000000058E-001
7.5200000000000003E-002	9.0000000000000069E-001
7.5300000000000006E-002	9.0000000000000069E-001
7.5400000000000009E-002	9.0000000000000080E-001
7.5499999999999998E-002	9.0000000000000102E-001
7.5600000000000001E-002	9.0000000000000102E-001
7.5700000000000003E-002	9.0000000000000113E-001
7.5800000000000006E-002	9.0000000000000124E-001
7.5900000000000009E-002	9.0000000000000147E-001
7.5999999999999998E-002	9.0000000000000158E-001
7.6100000000000001E-002	9.0000000000000158E-001
7.6200000000000004E-002	9.0000000000000169E-001
7.6300000000000007E-002	9.0000000000000191E-001
7.6400000000000010E-002	9.0000000000000202E-001
7.6499999999999999E-002	9.0000000000000169E-001
7.6600000000000001E-002	9.0000000000000158E-001
7.6700000000000004E-002	9.0000000000000147E-001
7.6800000000000007E-002	9.0000000000000124E-001
7.6900000000000010E-002	9.0000000000000113E-001
7.6999999999999999E-002	9.0000000000000102E-001
7.7100000000000002E-002	9.0000000000000102E-001
7.7200000000000005E-002	9.0000000000000080E-001
7.7300000000000008E-002	9.0000000000000069E-001
7.7400000000000010E-002	9.0000000000000069E-001
7.7499999999999999E-002	9.0000000000000058E-001
7.7600000000000002E-002	9.0000000000000058E-001
7.7700000000000005E-002	9.0000000000000047E-001
7.7800000000000008E-002	9.0000000000000047E-001
7.7899999999999997E-002	9.0000000000000024E-001
7.8000000000000000E-002	9.0000000000000024E-001
7.8100000000000003E-002	9.0000000000000013E-001
7.8200000000000006E-002	9.0000000000000013E-001
7.8300000000000008E-002	9.0000000000000002E-001
7.8399999999999997E-002	9.0000000000000002E-001
7.8500000000000000E-002	9.0000000000000002E-001
7.8600000000000003E-002	9.0000000000000002E-001
7.8700000000000006E-002	8.9999999999999980E-001
7.8800000000000009E-002	8.9999999999999980E-001
7.8899999999999998E-002	8.9999999999999980E-001
7.9000000000000001E-002	8.9999999999999980E-001
7.9100000000000004E-002	8.9999999999999980E-001
7.9200000000000007E-002	8.9999999999999980E-001
7.9300000000000009E-002	8.9999999999999980E-001
7.9399999999999998E-002	8.9999999999999980E-001
7.9500000000000001E-002	8.9999999999999980E-001
7.9600000000000004E-002	8.9999999999999980E-001
7.9700000000000007E-002	8.9999999999999980E-001
7.9800000000000010E-002	8.9999999999999980E-001
7.9899999999999999E-002	8.9999999999999980E-001
8.0000000000000002E-002	8.9999999999999980E-001
8.0100000000000005E-002	8.9999999999999980E-001
8.0200000000000007E-002	9.0000000000000002E-001
8.0300000000000010E-002	9.0000000000000002E-001
8.0399999999999999E-002	9.0000000000000002E-001
8.0500000000000002E-002	9.0000000000000002E-001
8.0600000000000005E-002	9.0000000000000013E-001
8.0700000000000008E-002	9.0000000000000013E-001
8.0800000000000011E-002	9.0000000000000024E-001
8.0900000000000000E-002	9.0000000000000024E-001
8.1000000000000003E-002	9.0000000000000024E-001
8.1100000000000005E-002	9.0000000000000047E-001
8.1200000000000008E-002	9.0000000000000047E-001
8.1299999999999997E-002	9.0000000000000058E-001
8.1400000000000000E-002	9.0000000000000069E-001
8.1500000000000003E-002	9.0000000000000069E-001
8.1600000000000006E-002	9.0000000000000080E-001
8.1700000000000009E-002	9.0000000000000102E-001
8.1799999999999998E-002	9.0000000000000102E-001
8.1900000000000001E-002	9.0000000000000113E-001
8.2000000000000003E-002	9.0000000000000124E-001
8.2100000000000006E-002	9.0000000000000147E-001
8.2200000000000009E-002	9.0000000000000147E-001
8.2299999999999998E-002	9.0000000000000158E-001
8.2400000000000001E-002	9.0000000000000158E-001
8.2500000000000004E-002	9.0000000000000158E-001
8.2600000000000007E-002	9.0000000000000147E-001
8.2700000000000010E-002	9.0000000000000124E-001
8.2799999999999999E-002	9.0000000000000113E-001
8.2900000000000001E-002	9.0000000000000102E-001
8.3000000000000004E-002	9.0000000000000102E-001
8.3100000000000007E-002	9.0000000000000080E-001
8.3200000000000010E-002	9.0000000000000069E-001
8.3299999999999999E-002	9.0000000000000069E-001
8.3400000000000002E-002	9.0000000000000058E-001
8.3500000000000005E-002	9.0000000000000058E-001
8.3600000000000008E-002	9.0000000000000047E-001
8.3700000000000011E-002	9.0000000000000024E-001
8.3799999999999999E-002	9.0000000000000024E-001
8.3900000000000002E-002	9.0000000000000024E-001
8.4000000000000005E-002	9.0000000000000013E-001
8.4100000000000008E-002	9.0000000000000013E-001
8.4200000000000011E-002	9.0000000000000002E-001
8.4300000000000000E-002	9.0000000000000002E-001
8.4400000000000003E-002	9.0000000000000002E-001
8.4500000000000006E-002	9.0000000000000002E-001
8.4600000000000009E-002	8.9999999999999980E-001
8.4699999999999998E-002	8.9999999999999980E-001
8.4800000000000000E-002	8.9999999999999980E-001
8.4900000000000003E-002	8.9999999999999980E-001
8.5000000000000006E-002	8.9999999999999980E-001
8.5100000000000009E-002	8.9999999999999980E-001
8.5199999999999998E-002	8.9999999999999980E-001
8.5300000000000001E-002	8.9999999999999980E-001
8.5400000000000004E-002	8.9999999999999980E-001
8.5500000000000007E-002	8.9999999999999980E-001
8.5600000000000009E-002	8.9999999999999980E-001
8.5699999999999998E-002	8.9999999999999980E-001
8.5800000000000001E-002	8.9999999999999980E-001
8.5900000000000004E-002	8.9999999999999980E-001
8.6000000000000007E-002	8.9999999999999980E-001
8.6100000000000010E-002	9.0000000000000002E-001
8.6199999999999999E-002	9.0000000000000002E-001
8.6300000000000002E-002	9.0000000000000002E-001
8.6400000000000005E-002	9.0000000000000002E-001
8.6500000000000007E-002	9.0000000000000013E-001
8.6600000000000010E-002	9.0000000000000013E-001
8.6699999999999999E-002	9.0000000000000024E-001
8.6800000000000002E-002	9.0000000000000024E-001
8.6900000000000005E-002	9.0000000000000047E-001
8.7000000000000008E-002	9.0000000000000047E-001
8.7100000000000011E-002	9.0000000000000058E-001
8.7200000000000000E-002	9.0000000000000058E-001
8.7300000000000003E-002	9.0000000000000069E-001
8.7400000000000005E-002	9.0000000000000069E-001
8.7500000000000008E-002	9.0000000000000080E-001
8.7599999999999997E-002	9.0000000000000102E-001
8.7700000000000000E-002	9.0000000000000102E-001
8.7800000000000003E-002	9.0000000000000113E-001
8.7900000000000006E-002	9.0000000000000124E-001
8.8000000000000009E-002	9.0000000000000147E-001
8.8099999999999998E-002	9.0000000000000158E-001
8.8200000000000001E-002	9.0000000000000158E-001
8.8300000000000003E-002	9.0000000000000202E-001
8.8400000000000006E-002	9.0000000000000191E-001
8.8500000000000009E-002	9.0000000000000169E-001
8.8599999999999998E-002	9.0000000000000169E-001
8.8700000000000001E-002	9.0000000000000158E-001
8.8800000000000004E-002	9.0000000000000147E-001
8.8900000000000007E-002	9.0000000000000124E-001
8.9000000000000010E-002	9.0000000000000113E-001
8.9099999999999999E-002	9.0000000000000102E-001
8.9200000000000002E-002	9.0000000000000102E-001
8.9300000000000004E-002	9.0000000000000080E-001
8.9400000000000007E-002	9.0000000000000069E-001
8.9500000000000010E-002	9.0000000000000069E-001
8.9599999999999999E-002	9.0000000000000058E-001
8.9700000000000002E-002	9.0000000000000058E-001
8.9800000000000005E-002	9.0000000000000036E-001
8.9900000000000008E-002	9.0000000000000036E-001
9.0000000000000011E-002	9.0000000000000024E-001
9.0100000000000000E-002	9.0000000000000024E-001
9.0200000000000002E-002	9.0000000000000024E-001
9.0300000000000005E-002	9.0000000000000013E-001
9.0400000000000008E-002	9.0000000000000013E-001
9.0500000000000011E-002	9.0000000000000013E-001
9.0600000000000000E-002	9.0000000000000013E-001
9.0700000000000003E-002	8.9999999999999991E-001
9.0800000000000006E-002	8.9999999999999991E-001
9.0900000000000009E-002	8.9999999999999991E-001
9.0999999999999998E-002	8.9999999999999991E-001
9.1100000000000000E-002	8.9999999999999991E-001
9.1200000000000003E-002	8.9999999999999991E-001
9.1300000000000006E-002	8.9999999999999991E-001
9.1400000000000009E-002	8.9999999999999991E-001
9.1499999999999998E-002	8.9999999999999991E-001
9.1600000000000001E-002	8.9999999999999991E-001
9.1700000000000004E-002	8.9999999999999991E-001
9.1800000000000007E-002	9.0000000000000013E-001
9.1900000000000009E-002	9.0000000000000013E-001
9.1999999999999998E-002	9.0000000000000013E-001
9.2100000000000001E-002	9.0000000000000013E-001
9.2200000000000004E-002	9.0000000000000024E-001
9.2300000000000007E-002	9.0000000000000024E-001
9.2400000000000010E-002	9.0000000000000036E-001
9.2499999999999999E-002	9.0000000000000036E-001
9.2600000000000002E-002	9.0000000000000058E-001
9.2700000000000005E-002	9.0000000000000058E-001
9.2800000000000007E-002	9.0000000000000069E-001
9.2900000000000010E-002	9.0000000000000069E-001
9.2999999999999999E-002	9.0000000000000080E-001
9.3100000000000002E-002	9.0000000000000080E-001
9.3200000000000005E-002	9.0000000000000102E-001
9.3300000000000008E-002	9.0000000000000113E-001
9.3400000000000011E-002	9.0000000000000124E-001
9.3500000000000000E-002	9.0000000000000124E-001
9.3600000000000003E-002	9.0000000000000147E-001
9.3700000000000006E-002	9.0000000000000158E-001
9.3800000000000008E-002	9.0000000000000169E-001
9.3900000000000011E-002	9.0000000000000191E-001
9.4000000000000000E-002	9.0000000000000202E-001
9.4100000000000003E-002	9.0000000000000213E-001
9.4200000000000006E-002	9.0000000000000202E-001
9.4300000000000009E-002	9.0000000000000191E-001
9.4399999999999998E-002	9.0000000000000169E-001
9.4500000000000001E-002	9.0000000000000158E-001
9.4600000000000004E-002	9.0000000000000158E-001
9.4700000000000006E-002	9.0000000000000147E-001
9.4800000000000009E-002	9.0000000000000124E-001
9.4899999999999998E-002	9.0000000000000113E-001
9.5000000000000001E-002	9.0000000000000102E-001
9.5100000000000004E-002	9.0000000000000102E-001
9.5200000000000007E-002	9.0000000000000080E-001
9.5300000000000010E-002	9.0000000000000069E-001
9.5399999999999999E-002	9.0000000000000069E-001
9.5500000000000002E-002	9.0000000000000058E-001
9.5600000000000004E-002	9.0000000000000058E-001
9.5700000000000007E-002	9.0000000000000036E-001
9.5800000000000010E-002	9.0000000000000036E-001
9.5899999999999999E-002	9.0000000000000024E-001
9.6000000000000002E-002	9.0000000000000024E-001
9.6100000000000005E-002	9.0000000000000024E-001
9.6200000000000008E-002	9.0000000000000013E-001
9.6300000000000011E-002	9.0000000000000013E-001
9.6400000000000000E-002	9.0000000000000013E-001
9.6500000000000002E-002	9.0000000000000013E-001
9.6600000000000005E-002	8.9999999999999991E-001
9.6700000000000008E-002	8.9999999999999991E-001
9.6800000000000011E-002	8.9999999999999991E-001
9.6900000000000000E-002	8.9999999999999991E-001
9.7000000000000003E-002	8.9999999999999991E-001
9.7100000000000006E-002	8.9999999999999991E-001
9.7200000000000009E-002	8.9999999999999991E-001
9.7300000000000011E-002	8.9999999999999991E-001
9.7400000000000000E-002	8.9999999999999991E-001
9.7500000000000003E-002	8.9999999999999991E-001
9.7600000000000006E-002	8.9999999999999991E-001
9.7700000000000009E-002	9.0000000000000013E-001
9.7799999999999998E-002	9.0000000000000013E-001
9.7900000000000001E-002	9.0000000000000013E-001
9.8000000000000004E-002	9.0000000000000024E-001
9.8100000000000007E-002	9.0000000000000024E-001
9.8200000000000010E-002	9.0000000000000024E-001
9.8299999999999998E-002	9.0000000000000036E-001
9.8400000000000001E-002	9.0000000000000036E-001
9.8500000000000004E-002	9.0000000000000058E-001
9.8600000000000007E-002	9.0000000000000058E-001
9.8700000000000010E-002	9.0000000000000069E-001
9.8799999999999999E-002	9.0000000000000069E-001
9.8900000000000002E-002	9.0000000000000080E-001
9.9000000000000005E-002	9.0000000000000102E-001
9.9100000000000008E-002	9.0000000000000102E-001
9.9200000000000010E-002	9.0000000000000113E-001
9.9299999999999999E-002	9.0000000000000124E-001
9.9400000000000002E-002	9.0000000000000147E-001
9.9500000000000005E-002	9.0000000000000147E-001
9.9600000000000008E-002	9.0000000000000158E-001
9.9700000000000011E-002	9.0000000000000169E-001
9.9800000000000000E-002	9.0000000000000191E-001
9.9900000000000003E-002	9.0000000000000202E-001

 
