0.	1.3667809523809522
0.031415926535897934	1.3661889709094335
0.06283185307179587	1.3644153627752955
0.0942477796076938	1.361467127599559
0.12566370614359174	1.3573559007195417
0.15707963267948966	1.3520979072694983
0.1884955592153876	1.3457138981474277
0.21991148575128555	1.338229068120758
0.25132741228718347	1.3296729563941112
0.2827433388230814	1.3200793300315568
0.3141592653589793	1.3094860506934363
0.3455751918948773	1.297934925213689
0.3769911184307752	1.2854715406073756
0.4084070449666731	1.272145084159559
0.4398229715025711	1.258008149305559
0.471238898038469	1.2431165280686942
0.5026548245743669	1.2275289908746512
0.5340707511102649	1.2113070546114668
0.5654866776461628	1.194514739850474
0.5969026041820608	1.1772183181863556
0.6283185307179586	1.1594860506934364
0.6597344572538566	1.1413879185304088
0.6911503837897546	1.1229953467566696
0.7225663103256524	1.1043809224502437
0.7539822368615504	1.0856181082397462
0.7853981633974484	1.0667809523809522
0.8168140899333463	1.0479437965221583
0.8482300164692442	1.0291809823116609
0.8796459430051422	1.0105665580052348
0.9110618695410401	0.9921739862314958
0.942477796076938	0.9740758540684679
0.9738937226128359	0.9563435865755489
1.0053096491487339	0.9390471649114304
1.0367255756846319	0.9222548501504376
1.0681415022205298	0.9060329138872532
1.0995574287564276	0.8904453766932103
1.1309733552923256	0.8755537554563453
1.1623892818282235	0.8614168206023456
1.1938052083641215	0.8480903641545288
1.2252211349000195	0.8356269795482154
1.2566370614359172	0.8240758540684681
1.2880529879718152	0.8134825747303478
1.3194689145077132	0.8038889483677931
1.3508848410436112	0.7953328366411463
1.3823007675795091	0.7878480066144767
1.4137166941154071	0.7814639974924061
1.4451326206513049	0.7762060040423628
1.4765485471872029	0.7720947771623456
1.5079644737231008	0.7691465419866088
1.5393804002589988	0.7673729338524709
1.5707963267948968	0.7667809523809522
1.6022122533307945	0.7673729338524709
1.6336281798666925	0.7691465419866088
1.6650441064025905	0.7720947771623456
1.6964600329384885	0.7762060040423628
1.7278759594743864	0.7814639974924062
1.7592918860102844	0.7878480066144768
1.7907078125461822	0.7953328366411463
1.8221237390820801	0.8038889483677931
1.8535396656179781	0.8134825747303478
1.884955592153876	0.8240758540684681
1.916371518689774	0.8356269795482155
1.9477874452256718	0.8480903641545289
1.9792033717615698	0.8614168206023456
2.0106192982974678	0.8755537554563453
2.0420352248333655	0.8904453766932103
2.0734511513692637	0.9060329138872534
2.1048670779051615	0.9222548501504377
2.1362830044410597	0.9390471649114306
2.1676989309769574	0.956343586575549
2.199114857512855	0.9740758540684679
2.2305307840487534	0.9921739862314959
2.261946710584651	1.010566558005235
2.2933626371205493	1.029180982311661
2.324778563656447	1.0479437965221583
2.356194490192345	1.0667809523809522
2.387610416728243	1.0856181082397465
2.419026343264141	1.1043809224502434
2.450442269800039	1.1229953467566698
2.4818581963359367	1.1413879185304088
2.5132741228718345	1.1594860506934364
2.5446900494077327	1.1772183181863558
2.5761059759436304	1.194514739850474
2.6075219024795286	1.211307054611467
2.6389378290154264	1.2275289908746512
2.6703537555513246	1.2431165280686942
2.7017696820872223	1.2580081493055593
2.73318560862312	1.272145084159559
2.7646015351590183	1.2854715406073758
2.796017461694916	1.297934925213689
2.8274333882308142	1.3094860506934365
2.858849314766712	1.3200793300315568
2.8902652413026098	1.3296729563941112
2.921681167838508	1.338229068120758
2.9530970943744057	1.3457138981474277
2.984513020910304	1.3520979072694983
3.0159289474462017	1.3573559007195417
3.0473448739820994	1.361467127599559
3.0787608005179976	1.3644153627752955
3.1101767270538954	1.3661889709094335
3.1415926535897936	1.3667809523809522
3.1730085801256913	1.3661889709094335
3.204424506661589	1.3644153627752955
3.2358404331974873	1.361467127599559
3.267256359733385	1.3573559007195417
3.298672286269283	1.352097907269498
3.330088212805181	1.3457138981474275
3.3615041393410787	1.338229068120758
3.392920065876977	1.3296729563941112
3.4243359924128747	1.3200793300315568
3.455751918948773	1.3094860506934363
3.4871678454846706	1.297934925213689
3.518583772020569	1.2854715406073753
3.5499996985564666	1.2721450841595587
3.5814156250923643	1.258008149305559
3.6128315516282625	1.243116528068694
3.6442474781641603	1.2275289908746512
3.6756634047000585	1.2113070546114666
3.7070793312359562	1.194514739850474
3.738495257771854	1.1772183181863556
3.769911184307752	1.1594860506934364
3.80132711084365	1.1413879185304086
3.832743037379548	1.1229953467566696
3.864158963915446	1.1043809224502434
3.8955748904513436	1.0856181082397462
3.926990816987242	1.0667809523809522
3.9584067435231396	1.0479437965221583
3.989822670059038	1.0291809823116607
4.0212385965949355	1.0105665580052348
4.052654523130833	0.9921739862314958
4.084070449666731	0.9740758540684682
4.11548637620263	0.9563435865755485
4.1469023027385274	0.9390471649114303
4.178318229274425	0.9222548501504375
4.209734155810323	0.9060329138872533
4.241150082346221	0.8904453766932103
4.272566008882119	0.8755537554563451
4.303981935418017	0.8614168206023455
4.335397861953915	0.8480903641545288
4.366813788489813	0.8356269795482154
4.39822971502571	0.8240758540684681
4.429645641561609	0.8134825747303476
4.461061568097507	0.803888948367793
4.4924774946334045	0.7953328366411463
4.523893421169302	0.7878480066144768
4.5553093477052	0.7814639974924062
4.586725274241099	0.7762060040423628
4.618141200776996	0.7720947771623455
4.649557127312894	0.7691465419866088
4.680973053848792	0.7673729338524709
4.71238898038469	0.7667809523809522
4.743804906920588	0.7673729338524707
4.775220833456486	0.7691465419866089
4.806636759992384	0.7720947771623456
4.838052686528282	0.7762060040423628
4.869468613064179	0.7814639974924061
4.900884539600078	0.7878480066144768
4.932300466135976	0.7953328366411465
4.9637163926718735	0.8038889483677931
4.995132319207771	0.8134825747303477
5.026548245743669	0.824075854068468
5.057964172279568	0.8356269795482156
5.089380098815465	0.8480903641545289
5.120796025351363	0.8614168206023457
5.152211951887261	0.8755537554563453
5.1836278784231595	0.8904453766932107
5.215043804959057	0.9060329138872535
5.246459731494955	0.9222548501504378
5.277875658030853	0.9390471649114306
5.3092915845667505	0.9563435865755489
5.340707511102649	0.9740758540684684
5.372123437638547	0.9921739862314962
5.403539364174445	1.010566558005235
5.4349552907103424	1.029180982311661
5.46637121724624	1.0479437965221583
5.497787143782139	1.0667809523809526
5.529203070318037	1.0856181082397467
5.560618996853934	1.1043809224502437
5.592034923389832	1.1229953467566698
5.62345084992573	1.1413879185304086
5.6548667764616285	1.1594860506934368
5.686282702997526	1.1772183181863558
5.717698629533424	1.194514739850474
5.749114556069322	1.211307054611467
5.7805304826052195	1.2275289908746512
5.811946409141118	1.2431165280686944
5.843362335677016	1.2580081493055593
5.874778262212914	1.272145084159559
5.906194188748811	1.2854715406073758
5.937610115284709	1.297934925213689
5.969026041820608	1.3094860506934367
6.000441968356506	1.320079330031557
6.031857894892403	1.3296729563941114
6.063273821428301	1.338229068120758
6.094689747964199	1.3457138981474277
6.1261056745000975	1.3520979072694983
6.157521601035995	1.3573559007195417
6.188937527571893	1.361467127599559
6.220353454107791	1.3644153627752955
6.2517693806436885	1.3661889709094335
6.283185307179587	1.3667809523809522