0.	1.1586840378358407
0.031415926535897934	1.1584148093590236
0.06283185307179587	1.1576085677220609
0.0942477796076938	1.1562696335083928
0.12566370614359174	1.15440517179099
0.15707963267948966	1.152025138600524
0.1884955592153876	1.1491422066154975
0.21991148575128555	1.1457716707090162
0.25132741228718347	1.141931334167767
0.2827433388230814	1.1376413765786002
0.3141592653589793	1.1329242045558796
0.3455751918948773	1.1278042866571016
0.3769911184307752	1.122307974003362
0.4084070449666731	1.1164633082829032
0.4398229715025711	1.1102998189675684
0.471238898038469	1.1038483117106648
0.5026548245743669	1.097140650017277
0.5340707511102649	1.0902095323811893
0.5654866776461628	1.083088267162856
0.5969026041820608	1.0758105475370014
0.6283185307179586	1.0684102288633512
0.6597344572538566	1.0609211108268757
0.6911503837897546	1.0533767266525094
0.7225663103256524	1.0458101416218744
0.7539822368615504	1.0382537630050843
0.7853981633974484	1.0307391633690912
0.8168140899333463	1.0232969190359282
0.8482300164692442	1.01595646524128
0.8796459430051422	1.0087459692886662
0.9110618695410401	1.001692222710723
0.942477796076938	0.9948205531410833
0.9738937226128359	0.9881547562735148
1.0053096491487339	0.9817170479453233
1.0367255756846319	0.975528036036272
1.0681415022205298	0.9696067115294972
1.0995574287564276	0.9639704577445817
1.1309733552923256	0.958635076432566
1.1623892818282235	0.9536148291256423
1.1938052083641215	0.9489224918677052
1.2252211349000195	0.9445694212223765
1.2566370614359172	0.9405656292684862
1.2880529879718152	0.9369198651542383
1.3194689145077132	0.933639700694384
1.3508848410436112	0.9307316174624168
1.3823007675795091	0.9282010928535986
1.4137166941154071	0.9260526826746539
1.4451326206513049	0.924290097951024
1.4765485471872029	0.922916273830044
1.5079644737231008	0.921933428694397
1.5393804002589988	0.9213431118795762
1.5707963267948968	0.9211462387055893
1.6022122533307945	0.9213431118795762
1.6336281798666925	0.921933428694397
1.6650441064025905	0.922916273830044
1.6964600329384885	0.924290097951024
1.7278759594743864	0.9260526826746539
1.7592918860102844	0.9282010928535986
1.7907078125461822	0.9307316174624168
1.8221237390820801	0.933639700694384
1.8535396656179781	0.9369198651542383
1.884955592153876	0.9405656292684863
1.916371518689774	0.9445694212223765
1.9477874452256718	0.9489224918677052
1.9792033717615698	0.9536148291256423
2.0106192982974678	0.958635076432566
2.0420352248333655	0.9639704577445817
2.0734511513692637	0.9696067115294972
2.1048670779051615	0.9755280360362721
2.1362830044410597	0.9817170479453233
2.1676989309769574	0.9881547562735148
2.199114857512855	0.9948205531410833
2.2305307840487534	1.001692222710723
2.261946710584651	1.0087459692886662
2.2933626371205493	1.0159564652412802
2.324778563656447	1.0232969190359282
2.356194490192345	1.0307391633690912
2.387610416728243	1.0382537630050843
2.419026343264141	1.0458101416218744
2.450442269800039	1.0533767266525094
2.4818581963359367	1.0609211108268757
2.5132741228718345	1.0684102288633512
2.5446900494077327	1.0758105475370014
2.5761059759436304	1.083088267162856
2.6075219024795286	1.0902095323811893
2.6389378290154264	1.097140650017277
2.6703537555513246	1.1038483117106648
2.7017696820872223	1.1102998189675684
2.73318560862312	1.1164633082829032
2.7646015351590183	1.1223079740033621
2.796017461694916	1.1278042866571016
2.8274333882308142	1.1329242045558798
2.858849314766712	1.1376413765786002
2.8902652413026098	1.141931334167767
2.921681167838508	1.1457716707090162
2.9530970943744057	1.1491422066154975
2.984513020910304	1.152025138600524
3.0159289474462017	1.15440517179099
3.0473448739820994	1.1562696335083928
3.0787608005179976	1.1576085677220609
3.1101767270538954	1.1584148093590236
3.1415926535897936	1.1586840378358407
3.1730085801256913	1.1584148093590236
3.204424506661589	1.1576085677220609
3.2358404331974873	1.1562696335083928
3.267256359733385	1.15440517179099
3.298672286269283	1.152025138600524
3.330088212805181	1.1491422066154975
3.3615041393410787	1.1457716707090162
3.392920065876977	1.141931334167767
3.4243359924128747	1.1376413765786002
3.455751918948773	1.1329242045558796
3.4871678454846706	1.1278042866571016
3.518583772020569	1.122307974003362
3.5499996985564666	1.116463308282903
3.5814156250923643	1.1102998189675684
3.6128315516282625	1.1038483117106648
3.6442474781641603	1.097140650017277
3.6756634047000585	1.0902095323811893
3.7070793312359562	1.083088267162856
3.738495257771854	1.0758105475370014
3.769911184307752	1.0684102288633512
3.80132711084365	1.0609211108268755
3.832743037379548	1.0533767266525094
3.864158963915446	1.0458101416218744
3.8955748904513436	1.0382537630050843
3.926990816987242	1.0307391633690912
3.9584067435231396	1.0232969190359282
3.989822670059038	1.01595646524128
4.0212385965949355	1.0087459692886662
4.052654523130833	1.001692222710723
4.084070449666731	0.9948205531410834
4.11548637620263	0.9881547562735147
4.1469023027385274	0.9817170479453232
4.178318229274425	0.975528036036272
4.209734155810323	0.9696067115294972
4.241150082346221	0.9639704577445818
4.272566008882119	0.9586350764325658
4.303981935418017	0.9536148291256422
4.335397861953915	0.9489224918677052
4.366813788489813	0.9445694212223765
4.39822971502571	0.9405656292684863
4.429645641561609	0.9369198651542383
4.461061568097507	0.933639700694384
4.4924774946334045	0.9307316174624168
4.523893421169302	0.9282010928535986
4.5553093477052	0.9260526826746539
4.586725274241099	0.924290097951024
4.618141200776996	0.922916273830044
4.649557127312894	0.921933428694397
4.680973053848792	0.9213431118795762
4.71238898038469	0.9211462387055893
4.743804906920588	0.9213431118795762
4.775220833456486	0.921933428694397
4.806636759992384	0.922916273830044
4.838052686528282	0.924290097951024
4.869468613064179	0.9260526826746539
4.900884539600078	0.9282010928535986
4.932300466135976	0.9307316174624168
4.9637163926718735	0.933639700694384
4.995132319207771	0.9369198651542383
5.026548245743669	0.9405656292684862
5.057964172279568	0.9445694212223766
5.089380098815465	0.9489224918677052
5.120796025351363	0.9536148291256423
5.152211951887261	0.958635076432566
5.1836278784231595	0.9639704577445818
5.215043804959057	0.9696067115294973
5.246459731494955	0.9755280360362721
5.277875658030853	0.9817170479453233
5.3092915845667505	0.9881547562735148
5.340707511102649	0.9948205531410835
5.372123437638547	1.001692222710723
5.403539364174445	1.0087459692886662
5.4349552907103424	1.01595646524128
5.46637121724624	1.0232969190359282
5.497787143782139	1.0307391633690914
5.529203070318037	1.0382537630050845
5.560618996853934	1.0458101416218746
5.592034923389832	1.0533767266525094
5.62345084992573	1.0609211108268755
5.6548667764616285	1.0684102288633515
5.686282702997526	1.0758105475370014
5.717698629533424	1.083088267162856
5.749114556069322	1.0902095323811893
5.7805304826052195	1.097140650017277
5.811946409141118	1.103848311710665
5.843362335677016	1.1102998189675686
5.874778262212914	1.1164633082829032
5.906194188748811	1.1223079740033621
5.937610115284709	1.1278042866571016
5.969026041820608	1.1329242045558798
6.000441968356506	1.1376413765786002
6.031857894892403	1.141931334167767
6.063273821428301	1.1457716707090162
6.094689747964199	1.1491422066154975
6.1261056745000975	1.152025138600524
6.157521601035995	1.15440517179099
6.188937527571893	1.1562696335083928
6.220353454107791	1.1576085677220609
6.2517693806436885	1.1584148093590236
6.283185307179587	1.1586840378358407