0.	0.7796130165503664
0.031415926535897934	0.779827082908095
0.06283185307179587	0.7804697315903789
0.0942477796076938	0.7815422932686514
0.12566370614359174	0.7830469253962449
0.15707963267948966	0.7849865223673137
0.1884955592153876	0.7873645910631062
0.21991148575128555	0.7901850931289411
0.25132741228718347	0.7934522557348268
0.2827433388230814	0.7971703529978346
0.3141592653589793	0.8013434606846348
0.3455751918948773	0.8059751872654621
0.3769911184307752	0.8110683848514701
0.4084070449666731	0.8166248440089672
0.4398229715025711	0.8226449768972903
0.471238898038469	0.8291274936110093
0.5026548245743669	0.836069077009053
0.5340707511102649	0.8434640616692544
0.5654866776461628	0.8513041229020168
0.5969026041820608	0.8595779819763373
0.6283185307179586	0.8682711338407314
0.6597344572538566	0.8773656036470677
0.6911503837897546	0.8868397382949421
0.7225663103256524	0.8966680389981894
0.7539822368615504	0.906821040526368
0.7853981633974484	0.9172652422886832
0.8168140899333463	0.9279630958055904
0.8482300164692442	0.9388730523578509
0.8796459430051422	0.949949673721757
0.9110618695410401	0.961143807904338
0.942477796076938	0.9724028306992887
0.9738937226128359	0.9836709527125328
1.0053096491487339	0.9948895902784792
1.0367255756846319	1.0059977974297052
1.0681415022205298	1.0169327548217777
1.0995574287564276	1.0276303102804412
1.1309733552923256	1.0380255644604242
1.1623892818282235	1.0480534940134558
1.1938052083641215	1.0576496036865624
1.2252211349000195	1.066750597937279
1.2566370614359172	1.0752950619843702
1.2880529879718152	1.0832241417317903
1.3194689145077132	1.0904822117266693
1.3508848410436112	1.0970175202510184
1.3823007675795091	1.1027828008084795
1.4137166941154071	1.1077358396531218
1.4451326206513049	1.1118399896128048
1.4765485471872029	1.115064621275105
1.5079644737231008	1.1173855036140363
1.5393804002589988	1.118785107320402
1.5707963267948968	1.1192528254327225
1.6022122533307945	1.118785107320402
1.6336281798666925	1.1173855036140363
1.6650441064025905	1.115064621275105
1.6964600329384885	1.1118399896128048
1.7278759594743864	1.1077358396531218
1.7592918860102844	1.1027828008084795
1.7907078125461822	1.0970175202510184
1.8221237390820801	1.0904822117266693
1.8535396656179781	1.0832241417317903
1.884955592153876	1.0752950619843702
1.916371518689774	1.066750597937279
1.9477874452256718	1.0576496036865624
1.9792033717615698	1.0480534940134558
2.0106192982974678	1.0380255644604242
2.0420352248333655	1.0276303102804412
2.0734511513692637	1.0169327548217775
2.1048670779051615	1.0059977974297052
2.1362830044410597	0.994889590278479
2.1676989309769574	0.9836709527125327
2.199114857512855	0.9724028306992887
2.2305307840487534	0.9611438079043378
2.261946710584651	0.949949673721757
2.2933626371205493	0.9388730523578508
2.324778563656447	0.9279630958055904
2.356194490192345	0.9172652422886832
2.387610416728243	0.9068210405263679
2.419026343264141	0.8966680389981894
2.450442269800039	0.886839738294942
2.4818581963359367	0.8773656036470677
2.5132741228718345	0.8682711338407314
2.5446900494077327	0.8595779819763373
2.5761059759436304	0.8513041229020168
2.6075219024795286	0.8434640616692544
2.6389378290154264	0.836069077009053
2.6703537555513246	0.8291274936110093
2.7017696820872223	0.8226449768972903
2.73318560862312	0.8166248440089672
2.7646015351590183	0.81106838485147
2.796017461694916	0.8059751872654621
2.8274333882308142	0.8013434606846348
2.858849314766712	0.7971703529978346
2.8902652413026098	0.7934522557348268
2.921681167838508	0.7901850931289411
2.9530970943744057	0.7873645910631062
2.984513020910304	0.7849865223673137
3.0159289474462017	0.7830469253962449
3.0473448739820994	0.7815422932686514
3.0787608005179976	0.7804697315903789
3.1101767270538954	0.779827082908095
3.1415926535897936	0.7796130165503664
3.1730085801256913	0.779827082908095
3.204424506661589	0.7804697315903789
3.2358404331974873	0.7815422932686514
3.267256359733385	0.7830469253962449
3.298672286269283	0.7849865223673138
3.330088212805181	0.7873645910631062
3.3615041393410787	0.7901850931289411
3.392920065876977	0.7934522557348268
3.4243359924128747	0.7971703529978346
3.455751918948773	0.8013434606846348
3.4871678454846706	0.8059751872654621
3.518583772020569	0.8110683848514703
3.5499996985564666	0.8166248440089673
3.5814156250923643	0.8226449768972903
3.6128315516282625	0.8291274936110095
3.6442474781641603	0.836069077009053
3.6756634047000585	0.8434640616692545
3.7070793312359562	0.8513041229020168
3.738495257771854	0.8595779819763373
3.769911184307752	0.8682711338407314
3.80132711084365	0.8773656036470678
3.832743037379548	0.8868397382949422
3.864158963915446	0.8966680389981894
3.8955748904513436	0.906821040526368
3.926990816987242	0.9172652422886833
3.9584067435231396	0.9279630958055904
3.989822670059038	0.938873052357851
4.0212385965949355	0.9499496737217571
4.052654523130833	0.961143807904338
4.084070449666731	0.9724028306992885
4.11548637620263	0.983670952712533
4.1469023027385274	0.9948895902784792
4.178318229274425	1.0059977974297052
4.209734155810323	1.0169327548217777
4.241150082346221	1.0276303102804412
4.272566008882119	1.0380255644604242
4.303981935418017	1.048053494013456
4.335397861953915	1.0576496036865624
4.366813788489813	1.066750597937279
4.39822971502571	1.0752950619843702
4.429645641561609	1.0832241417317903
4.461061568097507	1.0904822117266693
4.4924774946334045	1.0970175202510184
4.523893421169302	1.1027828008084795
4.5553093477052	1.1077358396531218
4.586725274241099	1.1118399896128048
4.618141200776996	1.115064621275105
4.649557127312894	1.1173855036140363
4.680973053848792	1.118785107320402
4.71238898038469	1.1192528254327225
4.743804906920588	1.118785107320402
4.775220833456486	1.1173855036140363
4.806636759992384	1.115064621275105
4.838052686528282	1.1118399896128048
4.869468613064179	1.1077358396531218
4.900884539600078	1.1027828008084792
4.932300466135976	1.0970175202510184
4.9637163926718735	1.0904822117266693
4.995132319207771	1.0832241417317903
5.026548245743669	1.0752950619843702
5.057964172279568	1.0667505979372789
5.089380098815465	1.0576496036865624
5.120796025351363	1.0480534940134558
5.152211951887261	1.0380255644604242
5.1836278784231595	1.027630310280441
5.215043804959057	1.0169327548217775
5.246459731494955	1.005997797429705
5.277875658030853	0.9948895902784791
5.3092915845667505	0.9836709527125328
5.340707511102649	0.9724028306992883
5.372123437638547	0.9611438079043376
5.403539364174445	0.9499496737217569
5.4349552907103424	0.9388730523578509
5.46637121724624	0.9279630958055904
5.497787143782139	0.917265242288683
5.529203070318037	0.9068210405263678
5.560618996853934	0.8966680389981893
5.592034923389832	0.886839738294942
5.62345084992573	0.8773656036470678
5.6548667764616285	0.8682711338407312
5.686282702997526	0.8595779819763372
5.717698629533424	0.8513041229020167
5.749114556069322	0.8434640616692544
5.7805304826052195	0.836069077009053
5.811946409141118	0.8291274936110093
5.843362335677016	0.8226449768972903
5.874778262212914	0.8166248440089672
5.906194188748811	0.81106838485147
5.937610115284709	0.8059751872654621
5.969026041820608	0.8013434606846348
6.000441968356506	0.7971703529978347
6.031857894892403	0.7934522557348268
6.063273821428301	0.7901850931289411
6.094689747964199	0.7873645910631062
6.1261056745000975	0.7849865223673137
6.157521601035995	0.7830469253962449
6.188937527571893	0.7815422932686514
6.220353454107791	0.7804697315903789
6.2517693806436885	0.779827082908095
6.283185307179587	0.7796130165503664