order6
-0.163492334456549 -0.0943923433089288 -0.0667454660458322 0.0579498472658233
0 -1E-30 0.200236398137497 0.0579498472658233
0 0.188784686617858 -0.0667454660458322 0.0579498472658233
0.163492334456549 -0.0943923433089288 -0.0667454660458322 0.0579498472658233
-0.966835571107527 -0.558202777241037 -0.394708969064301 0.0146275704390337
0 1E-31 1.1841269071929 0.0146275704390337
0 1.11640555448207 -0.394708969064301 0.0146275704390337
0.966835571107527 -0.558202777241037 -0.394708969064301 0.0146275704390337
0.334114402770019 0.192901040379402 0.136401633750215 0.0803536879292253
0 1E-30 -0.409204901250645 0.0803536879292253
0 -0.385802080758803 0.136401633750215 0.0803536879292253
-0.334114402770019 0.192901040379402 0.136401633750215 0.0803536879292253
-0.23788139318206 -0.137340886388866 0.665633864990508 0.0699854212223765
0.23788139318206 -0.137340886388866 0.665633864990508 0.0699854212223765
0 0.274681772777731 0.665633864990508 0.0699854212223765
-0.62278157264181 -0.359563108611088 0.037094503935799 0.0699854212223765
0.62278157264181 -0.359563108611088 0.037094503935799 0.0699854212223765
0 0.719126217222176 0.037094503935799 0.0699854212223765
0.23788139318206 0.58178533083331 -0.351364184463153 0.0699854212223765
0.38490017945975 -0.496903994999953 -0.351364184463153 0.0699854212223765
-0.62278157264181 -0.0848813358333565 -0.351364184463153 0.0699854212223765
0.62278157264181 -0.0848813358333565 -0.351364184463153 0.0699854212223765
-0.23788139318206 0.58178533083331 -0.351364184463153 0.0699854212223765
-0.38490017945975 -0.496903994999953 -0.351364184463153 0.0699854212223765
