order14
0.00000000000000000000000000000000e+00 0.00000000000000000000000000000000e+00 6.95598783067197010589347459736631e-01 1.30411170992567629150581867000595e-02
0.00000000000000000000000000000000e+00 6.55816821989233584672295845979453e-01 -2.31866261022399003529782486578877e-01 1.30411170992567629150581867000595e-02
-5.67954028071853368720861500109081e-01 -3.27908410994616792336147922989726e-01 -2.31866261022399003529782486578877e-01 1.30411170992567629150581867000595e-02
5.67954028071853368720861500109081e-01 -3.27908410994616792336147922989726e-01 -2.31866261022399003529782486578877e-01 1.30411170992567629150581867000595e-02
0.00000000000000000000000000000000e+00 0.00000000000000000000000000000000e+00 1.20398739499324943510023187510647e+00 3.41716371346181198004286703793366e-03
0.00000000000000000000000000000000e+00 1.13513020195047059396042317465362e+00 -4.01329131664416478366743958368824e-01 3.41716371346181198004286703793366e-03
-9.83051591492067736263209358164968e-01 -5.67565100975235296980211587326810e-01 -4.01329131664416478366743958368824e-01 3.41716371346181198004286703793366e-03
9.83051591492067736263209358164968e-01 -5.67565100975235296980211587326810e-01 -4.01329131664416478366743958368824e-01 3.41716371346181198004286703793366e-03
0.00000000000000000000000000000000e+00 0.00000000000000000000000000000000e+00 -3.35517179323612514739334897991259e-01 1.06478973190793642447044695029497e-02
0.00000000000000000000000000000000e+00 -3.16328630272412384820793876679193e-01 1.11839059774537504913111632663753e-01 1.06478973190793642447044695029497e-02
2.73948629760244353217336202861848e-01 1.58164315136206192410396938339597e-01 1.11839059774537504913111632663753e-01 1.06478973190793642447044695029497e-02
-2.73948629760244353217336202861848e-01 1.58164315136206192410396938339597e-01 1.11839059774537504913111632663753e-01 1.06478973190793642447044695029497e-02
0.00000000000000000000000000000000e+00 0.00000000000000000000000000000000e+00 9.74177419926020329308580395725319e-01 5.23471324467404400937120975913733e-03
0.00000000000000000000000000000000e+00 9.18463279611338454631514146970491e-01 -3.24725806642006776436193465241773e-01 5.23471324467404400937120975913733e-03
-7.95412532586589204856409075006058e-01 -4.59231639805669227315757073485246e-01 -3.24725806642006776436193465241773e-01 5.23471324467404400937120975913733e-03
7.95412532586589204856409075006058e-01 -4.59231639805669227315757073485246e-01 -3.24725806642006776436193465241773e-01 5.23471324467404400937120975913733e-03
0.00000000000000000000000000000000e+00 0.00000000000000000000000000000000e+00 1.34703210150853161750610782406780e+00 3.30904741310275010157527175740572e-04
0.00000000000000000000000000000000e+00 1.26999404460353131605630267775113e+00 -4.49010700502843872502035941355933e-01 3.30904741310275010157527175740572e-04
-1.09984710528160565401134048070552e+00 -6.34997022301765658028151338875563e-01 -4.49010700502843872502035941355933e-01 3.30904741310275010157527175740572e-04
1.09984710528160565401134048070552e+00 -6.34997022301765658028151338875563e-01 -4.49010700502843872502035941355933e-01 3.30904741310275010157527175740572e-04
0.00000000000000000000000000000000e+00 -6.03434940918097080160614842989166e-01 -4.26692938728090129049328366711415e-01 6.17008294594406063570961275219630e-03
5.22589988366233931312530967145581e-01 3.01717470459048540080307421494583e-01 -4.26692938728090129049328366711415e-01 6.17008294594406063570961275219630e-03
-5.22589988366233931312530967145581e-01 3.01717470459048540080307421494583e-01 -4.26692938728090129049328366711415e-01 6.17008294594406063570961275219630e-03
-5.22589988366233931312530967145581e-01 -3.01717470459048540080307421494583e-01 4.26692938728090129049328366711415e-01 6.17008294594406063570961275219630e-03
5.22589988366233931312530967145581e-01 -3.01717470459048540080307421494583e-01 4.26692938728090129049328366711415e-01 6.17008294594406063570961275219630e-03
0.00000000000000000000000000000000e+00 6.03434940918097080160614842989166e-01 4.26692938728090129049328366711415e-01 6.17008294594406063570961275219630e-03
-6.56708320946283020266566270488326e-01 -5.45295408720765416715898549900424e-01 -3.85582081256343291638213225967230e-01 7.29011220999499418630153153448571e-03
6.56708320946283020266566270488326e-01 -5.45295408720765416715898549900424e-01 -3.85582081256343291638213225967230e-01 7.29011220999499418630153153448571e-03
1.43885516046059893064522497715619e-01 8.41373793176488157367298623627098e-01 -3.85582081256343291638213225967230e-01 7.29011220999499418630153153448571e-03
-1.43885516046059893064522497715619e-01 8.41373793176488157367298623627098e-01 -3.85582081256343291638213225967230e-01 7.29011220999499418630153153448571e-03
8.00593836992342913331088768203945e-01 -2.96078384455722740651400073726674e-01 -3.85582081256343291638213225967230e-01 7.29011220999499418630153153448571e-03
-8.00593836992342913331088768203945e-01 -2.96078384455722740651400073726674e-01 -3.85582081256343291638213225967230e-01 7.29011220999499418630153153448571e-03
1.43885516046059893064522497715619e-01 -8.30723414216808920214994920579168e-02 9.21782179975771146651804484152552e-01 7.29011220999499418630153153448571e-03
-1.43885516046059893064522497715619e-01 -8.30723414216808920214994920579168e-02 9.21782179975771146651804484152552e-01 7.29011220999499418630153153448571e-03
0.00000000000000000000000000000000e+00 1.66144682843361784042998984115834e-01 9.21782179975771146651804484152552e-01 7.29011220999499418630153153448571e-03
8.00593836992342913331088768203945e-01 -4.62223067299084524694399057842507e-01 -1.50618017463084563375378032218091e-01 7.29011220999499418630153153448571e-03
-8.00593836992342913331088768203945e-01 -4.62223067299084524694399057842507e-01 -1.50618017463084563375378032218091e-01 7.29011220999499418630153153448571e-03
0.00000000000000000000000000000000e+00 9.24446134598169049388798115685015e-01 -1.50618017463084563375378032218091e-01 7.29011220999499418630153153448571e-03
-1.29216943544897242222417112122198e-01 -1.47811855171748791794793753788273e-01 -1.04518765131707431767998682187825e-01 9.63981555316261477127992833220201e-03
1.29216943544897242222417112122198e-01 -1.47811855171748791794793753788273e-01 -1.04518765131707431767998682187825e-01 9.63981555316261477127992833220201e-03
6.34003497867920992701199087696674e-02 1.85811083295135036807973856656836e-01 -1.04518765131707431767998682187825e-01 9.63981555316261477127992833220201e-03
-6.34003497867920992701199087696674e-02 1.85811083295135036807973856656836e-01 -1.04518765131707431767998682187825e-01 9.63981555316261477127992833220201e-03
1.92617293331689341492537020891866e-01 -3.79992281233862450131801028685626e-02 -1.04518765131707431767998682187825e-01 9.63981555316261477127992833220201e-03
-1.92617293331689341492537020891866e-01 -3.79992281233862450131801028685626e-02 -1.04518765131707431767998682187825e-01 9.63981555316261477127992833220201e-03
6.34003497867920992701199087696674e-02 -3.66042090161208489272045503065701e-02 2.10023957734047028890751496688280e-01 9.63981555316261477127992833220201e-03
-6.34003497867920992701199087696674e-02 -3.66042090161208489272045503065701e-02 2.10023957734047028890751496688280e-01 9.63981555316261477127992833220201e-03
0.00000000000000000000000000000000e+00 7.32084180322416978544091006131403e-02 2.10023957734047028890751496688280e-01 9.63981555316261477127992833220201e-03
1.92617293331689341492537020891866e-01 -1.11207646155627942867589203481703e-01 -9.86427470632165354754132312629893e-04 9.63981555316261477127992833220201e-03
-1.92617293331689341492537020891866e-01 -1.11207646155627942867589203481703e-01 -9.86427470632165354754132312629905e-04 9.63981555316261477127992833220201e-03
0.00000000000000000000000000000000e+00 2.22415292311255885735178406963406e-01 -9.86427470632165354754132312629917e-04 9.63981555316261477127992833220201e-03
-1.30232091329754989868981381077000e-01 4.57551817723920930510933240043303e-01 3.23537993056815652713580981971509e-01 9.41566548344861741799881388837516e-03
1.30232091329754989868981381077000e-01 4.57551817723920930510933240043303e-01 3.23537993056815652713580981971509e-01 9.41566548344861741799881388837516e-03
-4.61367543361540012236367721461882e-01 -1.15991609382417515035784797706614e-01 3.23537993056815652713580981971509e-01 9.41566548344861741799881388837516e-03
4.61367543361540012236367721461882e-01 -1.15991609382417515035784797706614e-01 3.23537993056815652713580981971509e-01 9.41566548344861741799881388837516e-03
-3.31135452031785022367386340384881e-01 -3.41560208341503415475148442336689e-01 3.23537993056815652713580981971509e-01 9.41566548344861741799881388837516e-03
3.31135452031785022367386340384881e-01 -3.41560208341503415475148442336689e-01 3.23537993056815652713580981971509e-01 9.41566548344861741799881388837516e-03
-4.61367543361540012236367721461882e-01 2.66370675355141448662027227459997e-01 -2.17203935759003349823822202523606e-01 9.41566548344861741799881388837516e-03
4.61367543361540012236367721461882e-01 2.66370675355141448662027227459997e-01 -2.17203935759003349823822202523606e-01 9.41566548344861741799881388837516e-03
0.00000000000000000000000000000000e+00 -5.32741350710282897324054454919994e-01 -2.17203935759003349823822202523606e-01 9.41566548344861741799881388837516e-03
-3.31135452031785022367386340384881e-01 1.91181142368779481848906012583306e-01 -4.29872050354627955603339761419411e-01 9.41566548344861741799881388837516e-03
3.31135452031785022367386340384881e-01 1.91181142368779481848906012583306e-01 -4.29872050354627955603339761419411e-01 9.41566548344861741799881388837516e-03
0.00000000000000000000000000000000e+00 -3.82362284737558963697812025166611e-01 -4.29872050354627955603339761419411e-01 9.41566548344861741799881388837516e-03
1.07883473554683366311309961027875e-01 2.99404314752064828270113246361656e-01 2.11710821277696519285637892539765e-01 1.57482174975638319531817788269429e-02
-1.07883473554683366311309961027875e-01 2.99404314752064828270113246361656e-01 2.11710821277696519285637892539765e-01 1.57482174975638319531817788269429e-02
-2.05350005800618434722008343975560e-01 -2.43131986122894879799213837883294e-01 2.11710821277696519285637892539765e-01 1.57482174975638319531817788269429e-02
2.05350005800618434722008343975560e-01 -2.43131986122894879799213837883294e-01 2.11710821277696519285637892539765e-01 1.57482174975638319531817788269429e-02
-3.13233479355301801033318305003435e-01 -5.62723286291699484708994084783618e-02 2.11710821277696519285637892539765e-01 1.57482174975638319531817788269429e-02
3.13233479355301801033318305003435e-01 -5.62723286291699484708994084783618e-02 2.11710821277696519285637892539765e-01 1.57482174975638319531817788269429e-02
-2.05350005800618434722008343975560e-01 1.18558881127078258913670884946673e-01 -2.99797308573702237779989904938572e-01 1.57482174975638319531817788269429e-02
2.05350005800618434722008343975560e-01 1.18558881127078258913670884946673e-01 -2.99797308573702237779989904938572e-01 1.57482174975638319531817788269429e-02
0.00000000000000000000000000000000e+00 -2.37117762254156517827341769893345e-01 -2.99797308573702237779989904938572e-01 1.57482174975638319531817788269429e-02
-3.13233479355301801033318305003435e-01 1.80845433624986569356442361414984e-01 -1.23624333981690800791285880140958e-01 1.57482174975638319531817788269429e-02
3.13233479355301801033318305003435e-01 1.80845433624986569356442361414984e-01 -1.23624333981690800791285880140958e-01 1.57482174975638319531817788269429e-02
0.00000000000000000000000000000000e+00 -3.61690867249973138712884722829967e-01 -1.23624333981690800791285880140958e-01 1.57482174975638319531817788269429e-02
-5.03402216412969241927674640971297e-01 4.43201008922959002380579728743595e-02 3.13390438838143885591501648033755e-02 1.01350896458933204228852548094397e-02
5.03402216412969241927674640971297e-01 4.43201008922959002380579728743595e-02 3.13390438838143885591501648033755e-02 1.01350896458933204228852548094397e-02
-2.90083441477502239661781054993174e-01 4.13799057288875081268246487100140e-01 3.13390438838143885591501648033755e-02 1.01350896458933204228852548094397e-02
2.90083441477502239661781054993174e-01 4.13799057288875081268246487100140e-01 3.13390438838143885591501648033755e-02 1.01350896458933204228852548094397e-02
2.13318774935467002265893585978123e-01 -4.58119158181170981506304459974499e-01 3.13390438838143885591501648033755e-02 1.01350896458933204228852548094397e-02
-2.13318774935467002265893585978123e-01 -4.58119158181170981506304459974499e-01 3.13390438838143885591501648033755e-02 1.01350896458933204228852548094397e-02
-2.90083441477502239661781054993174e-01 1.67479753024488960581454144282953e-01 3.79687144648814206221503906152648e-01 1.01350896458933204228852548094397e-02
2.90083441477502239661781054993174e-01 1.67479753024488960581454144282953e-01 3.79687144648814206221503906152648e-01 1.01350896458933204228852548094397e-02
0.00000000000000000000000000000000e+00 -3.34959506048977921162908288565906e-01 3.79687144648814206221503906152648e-01 1.01350896458933204228852548094397e-02
2.13318774935467002265893585978123e-01 -1.23159652132193060343396171408593e-01 -4.42365232416442983339804235759399e-01 1.01350896458933204228852548094397e-02
-2.13318774935467002265893585978123e-01 -1.23159652132193060343396171408593e-01 -4.42365232416442983339804235759399e-01 1.01350896458933204228852548094397e-02
0.00000000000000000000000000000000e+00 2.46319304264386120686792342817187e-01 -4.42365232416442983339804235759399e-01 1.01350896458933204228852548094397e-02
-2.70762854807430377036513475072139e-01 -4.56790195610566481598701726495447e-01 -3.22999444895761092481553364777157e-01 1.53522143129082723512312905465351e-02
2.70762854807430377036513475072139e-01 -4.56790195610566481598701726495447e-01 -3.22999444895761092481553364777157e-01 1.53522143129082723512312905465351e-02
2.60210486194698384626002721731986e-01 4.62882608469715454869190866574963e-01 -3.22999444895761092481553364777157e-01 1.53522143129082723512312905465351e-02
-2.60210486194698384626002721731986e-01 4.62882608469715454869190866574963e-01 -3.22999444895761092481553364777157e-01 1.53522143129082723512312905465351e-02
5.30973341002128761662516196804125e-01 -6.09241285914897327048914007951605e-03 -3.22999444895761092481553364777157e-01 1.53522143129082723512312905465351e-02
-5.30973341002128761662516196804125e-01 -6.09241285914897327048914007951606e-03 -3.22999444895761092481553364777157e-01 1.53522143129082723512312905465351e-02
2.60210486194698384626002721731986e-01 -1.50232594250472502776070862138644e-01 5.44076390088258303021780963065246e-01 1.53522143129082723512312905465351e-02
-2.60210486194698384626002721731986e-01 -1.50232594250472502776070862138644e-01 5.44076390088258303021780963065246e-01 1.53522143129082723512312905465351e-02
0.00000000000000000000000000000000e+00 3.00465188500945005552141724277287e-01 5.44076390088258303021780963065246e-01 1.53522143129082723512312905465351e-02
5.30973341002128761662516196804125e-01 -3.06557601360093978822630864356803e-01 1.01922499703263881941325766489068e-01 1.53522143129082723512312905465351e-02
-5.30973341002128761662516196804125e-01 -3.06557601360093978822630864356803e-01 1.01922499703263881941325766489068e-01 1.53522143129082723512312905465351e-02
0.00000000000000000000000000000000e+00 6.13115202720187957645261728713606e-01 1.01922499703263881941325766489068e-01 1.53522143129082723512312905465351e-02
-4.52717600176760300574844436960572e-01 -6.27663870828014573094321975578294e-01 -4.43825379368286355297890448277028e-01 2.50417523627026799463849924786194e-03
4.52717600176760300574844436960572e-01 -6.27663870828014573094321975578294e-01 -4.43825379368286355297890448277028e-01 2.50417523627026799463849924786194e-03
3.17214057086354941695624099447504e-01 7.05896877907408156971693589656794e-01 -4.43825379368286355297890448277028e-01 2.50417523627026799463849924786194e-03
-3.17214057086354941695624099447504e-01 7.05896877907408156971693589656794e-01 -4.43825379368286355297890448277028e-01 2.50417523627026799463849924786194e-03
7.69931657263115242270468536408076e-01 -7.82330070793935838773716140785000e-02 -4.43825379368286355297890448277028e-01 2.50417523627026799463849924786194e-03
-7.69931657263115242270468536408076e-01 -7.82330070793935838773716140785000e-02 -4.43825379368286355297890448277028e-01 2.50417523627026799463849924786194e-03
3.17214057086354941695624099447504e-01 -1.83143621249540329738983453833265e-01 8.13467752038416439357154355090610e-01 2.50417523627026799463849924786194e-03
-3.17214057086354941695624099447504e-01 -1.83143621249540329738983453833265e-01 8.13467752038416439357154355090610e-01 2.50417523627026799463849924786194e-03
0.00000000000000000000000000000000e+00 3.66287242499080659477966907666529e-01 8.13467752038416439357154355090610e-01 2.50417523627026799463849924786194e-03
7.69931657263115242270468536408076e-01 -4.44520249578474243355338521745029e-01 7.41830066981562712386265414634459e-02 2.50417523627026799463849924786194e-03
-7.69931657263115242270468536408076e-01 -4.44520249578474243355338521745029e-01 7.41830066981562712386265414634460e-02 2.50417523627026799463849924786194e-03
0.00000000000000000000000000000000e+00 8.89040499156948486710677043490059e-01 7.41830066981562712386265414634460e-02 2.50417523627026799463849924786194e-03
-4.71052840274929872678756162369416e-01 -1.13175942044487425233696204240749e-01 -8.00274760868327583045269887455560e-02 1.54448644102053642336703201627335e-02
4.71052840274929872678756162369416e-01 -1.13175942044487425233696204240749e-01 -8.00274760868327583045269887455560e-02 1.54448644102053642336703201627335e-02
-1.37513179229703481708518841105578e-01 4.64531697225146516334254943918928e-01 -8.00274760868327583045269887455560e-02 1.54448644102053642336703201627335e-02
1.37513179229703481708518841105578e-01 4.64531697225146516334254943918928e-01 -8.00274760868327583045269887455560e-02 1.54448644102053642336703201627335e-02
3.33539661045226390970237321263838e-01 -3.51355755180659091100558739678179e-01 -8.00274760868327583045269887455560e-02 1.54448644102053642336703201627335e-02
-3.33539661045226390970237321263838e-01 -3.51355755180659091100558739678179e-01 -8.00274760868327583045269887455560e-02 1.54448644102053642336703201627335e-02
-1.37513179229703481708518841105578e-01 7.93932710453905552889541784791435e-02 4.64640509607607241802169615259664e-01 1.54448644102053642336703201627335e-02
1.37513179229703481708518841105578e-01 7.93932710453905552889541784791435e-02 4.64640509607607241802169615259664e-01 1.54448644102053642336703201627335e-02
0.00000000000000000000000000000000e+00 -1.58786542090781110577908356958287e-01 4.64640509607607241802169615259664e-01 1.54448644102053642336703201627335e-02
3.33539661045226390970237321263838e-01 -1.92569213089877980522650382719892e-01 -3.04585557433941725193115637768552e-01 1.54448644102053642336703201627335e-02
-3.33539661045226390970237321263838e-01 -1.92569213089877980522650382719892e-01 -3.04585557433941725193115637768552e-01 1.54448644102053642336703201627335e-02
0.00000000000000000000000000000000e+00 3.85138426179755961045300765439784e-01 -3.04585557433941725193115637768552e-01 1.54448644102053642336703201627335e-02
-8.98110311240891962672369675889615e-01 -6.58195398224529748880453579842536e-01 -4.65414429430345093916100597239491e-01 4.59085028444174482585115403110374e-04
8.98110311240891962672369675889615e-01 -6.58195398224529748880453579842536e-01 -4.65414429430345093916100597239491e-01 4.59085028444174482585115403110374e-04
1.20958779896011818054988547445185e-01 1.10688404404762616051156280175224e+00 -4.65414429430345093916100597239491e-01 4.59085028444174482585115403110374e-04
-1.20958779896011818054988547445185e-01 1.10688404404762616051156280175224e+00 -4.65414429430345093916100597239491e-01 4.59085028444174482585115403110374e-04
1.01906909113690378072735822333480e+00 -4.48688645823096411631109221909704e-01 -4.65414429430345093916100597239491e-01 4.59085028444174482585115403110374e-04
-1.01906909113690378072735822333480e+00 -4.48688645823096411631109221909704e-01 -4.65414429430345093916100597239491e-01 4.59085028444174482585115403110374e-04
1.20958779896011818054988547445185e-01 -6.98355841338111124164481193109439e-02 1.19871842785446925359117695617606e+00 4.59085028444174482585115403110374e-04
-1.20958779896011818054988547445185e-01 -6.98355841338111124164481193109439e-02 1.19871842785446925359117695617606e+00 4.59085028444174482585115403110374e-04
0.00000000000000000000000000000000e+00 1.39671168267622224832896238621888e-01 1.19871842785446925359117695617606e+00 4.59085028444174482585115403110374e-04
1.01906909113690378072735822333480e+00 -5.88359814090718636464005460531592e-01 -2.67889568993779065758975761697072e-01 4.59085028444174482585115403110374e-04
-1.01906909113690378072735822333480e+00 -5.88359814090718636464005460531592e-01 -2.67889568993779065758975761697072e-01 4.59085028444174482585115403110374e-04
0.00000000000000000000000000000000e+00 1.17671962818143727292801092106318e+00 -2.67889568993779065758975761697072e-01 4.59085028444174482585115403110374e-04
-7.12591650746484798958669325830269e-01 -2.23075761352917949530571740665261e-01 -1.57738383571000256040142704935979e-01 9.81555311133671695970749494871281e-03
7.12591650746484798958669325830269e-01 -2.23075761352917949530571740665261e-01 -1.57738383571000256040142704935979e-01 9.81555311133671695970749494871281e-03
-1.63106549073060547925558265171008e-01 7.28660352747603119566362758144454e-01 -1.57738383571000256040142704935979e-01 9.81555311133671695970749494871281e-03
1.63106549073060547925558265171008e-01 7.28660352747603119566362758144454e-01 -1.57738383571000256040142704935979e-01 9.81555311133671695970749494871281e-03
5.49485101673424251033111060659261e-01 -5.05584591394685170035791017479193e-01 -1.57738383571000256040142704935979e-01 9.81555311133671695970749494871281e-03
-5.49485101673424251033111060659261e-01 -5.05584591394685170035791017479193e-01 -1.57738383571000256040142704935979e-01 9.81555311133671695970749494871281e-03
-1.63106549073060547925558265171008e-01 9.41696100139224068350730922713105e-02 7.39567030003149366517172046631421e-01 9.81555311133671695970749494871281e-03
1.63106549073060547925558265171008e-01 9.41696100139224068350730922713105e-02 7.39567030003149366517172046631421e-01 9.81555311133671695970749494871281e-03
0.00000000000000000000000000000000e+00 -1.88339220027844813670146184542621e-01 7.39567030003149366517172046631421e-01 9.81555311133671695970749494871281e-03
5.49485101673424251033111060659261e-01 -3.17245371366840356365644832936572e-01 -4.24090262861148854436886636759463e-01 9.81555311133671695970749494871281e-03
-5.49485101673424251033111060659261e-01 -3.17245371366840356365644832936572e-01 -4.24090262861148854436886636759463e-01 9.81555311133671695970749494871281e-03
0.00000000000000000000000000000000e+00 6.34490742733680712731289665873143e-01 -4.24090262861148854436886636759463e-01 9.81555311133671695970749494871281e-03
9.71425170188717322978828578864421e-02 3.38209253381321037341838549640996e-01 6.54286939789898483220503214405751e-01 4.25843605732114890926757801838702e-03
-9.71425170188717322978828578864421e-02 3.38209253381321037341838549640996e-01 6.54286939789898483220503214405751e-01 4.25843605732114890926757801838702e-03
-2.44326546713756223191909350412786e-01 -2.53232514216565609162971194895629e-01 6.54286939789898483220503214405751e-01 4.25843605732114890926757801838702e-03
2.44326546713756223191909350412786e-01 -2.53232514216565609162971194895629e-01 6.54286939789898483220503214405751e-01 4.25843605732114890926757801838702e-03
-3.41469063732627955489792208299228e-01 -8.49767391647554281788673547453675e-02 6.54286939789898483220503214405751e-01 4.25843605732114890926757801838702e-03
3.41469063732627955489792208299228e-01 -8.49767391647554281788673547453675e-02 6.54286939789898483220503214405751e-01 4.25843605732114890926757801838702e-03
9.71425170188717322978828578864421e-02 7.29604060416749033740836403111318e-01 1.00771095437995700880640992571728e-01 4.25843605732114890926757801838702e-03
-9.71425170188717322978828578864421e-02 7.29604060416749033740836403111318e-01 1.00771095437995700880640992571728e-01 4.25843605732114890926757801838702e-03
-5.83284392515745220647993949167192e-01 -4.48929917734279607362470121630790e-01 1.00771095437995700880640992571728e-01 4.25843605732114890926757801838702e-03
5.83284392515745220647993949167192e-01 -4.48929917734279607362470121630790e-01 1.00771095437995700880640992571728e-01 4.25843605732114890926757801838702e-03
-6.80426909534616952945876807053634e-01 -2.80674142682469426378366281480529e-01 1.00771095437995700880640992571728e-01 4.25843605732114890926757801838702e-03
6.80426909534616952945876807053634e-01 -2.80674142682469426378366281480529e-01 1.00771095437995700880640992571728e-01 4.25843605732114890926757801838702e-03
-2.44326546713756223191909350412786e-01 5.32456804550786818239233154932443e-01 -4.56845550622569298854029241389464e-01 4.25843605732114890926757801838702e-03
2.44326546713756223191909350412786e-01 5.32456804550786818239233154932443e-01 -4.56845550622569298854029241389464e-01 4.25843605732114890926757801838702e-03
-5.83284392515745220647993949167192e-01 -5.46354060023551763592636252730397e-02 -4.56845550622569298854029241389464e-01 4.25843605732114890926757801838702e-03
5.83284392515745220647993949167192e-01 -5.46354060023551763592636252730397e-02 -4.56845550622569298854029241389465e-01 4.25843605732114890926757801838702e-03
-3.38957845801988997456084598754406e-01 -4.77821398548431641879969529659404e-01 -4.56845550622569298854029241389464e-01 4.25843605732114890926757801838702e-03
3.38957845801988997456084598754406e-01 -4.77821398548431641879969529659404e-01 -4.56845550622569298854029241389465e-01 4.25843605732114890926757801838702e-03
-3.41469063732627955489792208299228e-01 5.88542062901390211900601101649197e-01 -2.98212484605324885247114965588015e-01 4.25843605732114890926757801838702e-03
3.41469063732627955489792208299228e-01 5.88542062901390211900601101649197e-01 -2.98212484605324885247114965588015e-01 4.25843605732114890926757801838702e-03
-6.80426909534616952945876807053634e-01 1.44985234824821730210432144371402e-03 -2.98212484605324885247114965588015e-01 4.25843605732114890926757801838702e-03
6.80426909534616952945876807053634e-01 1.44985234824821730210432144371404e-03 -2.98212484605324885247114965588015e-01 4.25843605732114890926757801838702e-03
-3.38957845801988997456084598754406e-01 -5.89991915249638429202705423092911e-01 -2.98212484605324885247114965588015e-01 4.25843605732114890926757801838702e-03
3.38957845801988997456084598754406e-01 -5.89991915249638429202705423092911e-01 -2.98212484605324885247114965588015e-01 4.25843605732114890926757801838702e-03
-1.45101109070297847351804732991270e-01 -3.70906841352957329024130843123469e-03 1.06310492844908743431188820492979e+00 1.33257582548363051167691278206224e-03
1.45101109070297847351804732991270e-01 -3.70906841352957329024130843123470e-03 1.06310492844908743431188820492979e+00 1.33257582548363051167691278206224e-03
-6.93384070646578675294298893406213e-02 1.27515780778939345895419209797628e-01 1.06310492844908743431188820492979e+00 1.33257582548363051167691278206224e-03
6.93384070646578675294298893406213e-02 1.27515780778939345895419209797628e-01 1.06310492844908743431188820492979e+00 1.33257582548363051167691278206224e-03
7.57627020056399798223748436506486e-02 -1.23806712365409772605177901366393e-01 1.06310492844908743431188820492979e+00 1.33257582548363051167691278206224e-03
-7.57627020056399798223748436506486e-02 -1.23806712365409772605177901366393e-01 1.06310492844908743431188820492979e+00 1.33257582548363051167691278206224e-03
-1.45101109070297847351804732991270e-01 1.00106858255440892745660820753386e+00 -3.57865252719151266228673305775208e-01 1.33257582548363051167691278206224e-03
1.45101109070297847351804732991270e-01 1.00106858255440892745660820753386e+00 -3.57865252719151266228673305775208e-01 1.33257582548363051167691278206224e-03
-9.39501377957746616845406555907548e-01 -3.74873044705029904478005548184919e-01 -3.57865252719151266228673305775208e-01 1.33257582548363051167691278206224e-03
9.39501377957746616845406555907548e-01 -3.74873044705029904478005548184919e-01 -3.57865252719151266228673305775208e-01 1.33257582548363051167691278206224e-03
-7.94400268887448769493601822916278e-01 -6.26195537849379022978602659348940e-01 -3.57865252719151266228673305775208e-01 1.33257582548363051167691278206224e-03
7.94400268887448769493601822916278e-01 -6.26195537849379022978602659348940e-01 -3.57865252719151266228673305775208e-01 1.33257582548363051167691278206224e-03
-6.93384070646578675294298893406213e-02 1.04481019895189856718516171361015e+00 -2.34145278420248835834634078552832e-01 1.33257582548363051167691278206224e-03
6.93384070646578675294298893406213e-02 1.04481019895189856718516171361015e+00 -2.34145278420248835834634078552832e-01 1.33257582548363051167691278206224e-03
-9.39501377957746616845406555907548e-01 -4.62356277500009183935112560337494e-01 -2.34145278420248835834634078552832e-01 1.33257582548363051167691278206224e-03
9.39501377957746616845406555907548e-01 -4.62356277500009183935112560337494e-01 -2.34145278420248835834634078552832e-01 1.33257582548363051167691278206224e-03
-8.70162970893088749315976666566927e-01 -5.82453921451889383250049153272652e-01 -2.34145278420248835834634078552832e-01 1.33257582548363051167691278206224e-03
8.70162970893088749315976666566927e-01 -5.82453921451889383250049153272652e-01 -2.34145278420248835834634078552832e-01 1.33257582548363051167691278206224e-03
7.57627020056399798223748436506486e-02 9.61036034570448861018296009888806e-01 -4.71094397309687332248580820601751e-01 1.33257582548363051167691278206224e-03
-7.57627020056399798223748436506486e-02 9.61036034570448861018296009888806e-01 -4.71094397309687332248580820601751e-01 1.33257582548363051167691278206224e-03
-7.94400268887448769493601822916278e-01 -5.46130441881458890101978264058834e-01 -4.71094397309687332248580820601751e-01 1.33257582548363051167691278206224e-03
7.94400268887448769493601822916278e-01 -5.46130441881458890101978264058834e-01 -4.71094397309687332248580820601751e-01 1.33257582548363051167691278206224e-03
-8.70162970893088749315976666566927e-01 -4.14905592688989970916317745829972e-01 -4.71094397309687332248580820601751e-01 1.33257582548363051167691278206224e-03
8.70162970893088749315976666566927e-01 -4.14905592688989970916317745829972e-01 -4.71094397309687332248580820601751e-01 1.33257582548363051167691278206224e-03
