0.	2.530792317546352e-33
0.06283185307179587	1.6465596231086166e-9
0.12566370614359174	2.632617860211659e-8
0.18849555921538758	1.3311800179129534e-7
0.25132741228718347	4.200192211635732e-7
0.3141592653589793	1.0232460370498475e-6
0.37699111843077515	2.1162610553792288e-6
0.4398229715025711	3.908533127456343e-6
0.5026548245743669	6.644037291047675e-6
0.5654866776461628	0.000010599504076409238
0.6283185307179586	0.000016082428988473104
0.6911503837897545	0.000023428854457172446
0.7539822368615503	0.00003300093795272009
0.8168140899333463	0.000045184321282941704
0.8796459430051422	0.0000603853173174104
0.9424777960769379	0.00007902793151061817
1.0053096491487339	0.00010155073661701008
1.0681415022205298	0.00012840361989795352
1.1309733552923256	0.0001600444229096439
1.1938052083641213	0.00019693549462617655
1.2566370614359172	0.0002395401791904432
1.319468914507713	0.0002883192599932075
1.382300767579509	0.00034372738205605324
1.4451326206513049	0.0004062094748350561
1.5079644737231006	0.0004761971975684479
1.5707963267948966	0.0005541054291636141
1.6336281798666925	0.0006403288243574219
1.6964600329384885	0.000735238457491034
1.7592918860102844	0.0008391785747187691
1.82212373908208	0.0009524634748239952
1.8849555921538759	0.001075374538047118
1.9477874452256718	0.0012081574214473886
2.0106192982974678	0.00135101943832646
2.0734511513692637	0.0015041271381443027
2.1362830044410597	0.001667604102163892
2.199114857512855	0.0018415289687781122
2.261946710584651	0.0020259337011080247
2.324778563656447	0.0022208021080254575
2.3876104167282426	0.0024260686282528868
2.4504422698000385	0.002641617385640324
2.5132741228718345	0.0028672815221205583
2.5761059759436304	0.0031028428132123184
2.638937829015426	0.0033480315692839095
2.701769682087222	0.0036025268241198253
2.764601535159018	0.0038659568106574017
2.827433388230814	0.004137899722093202
2.8902652413026098	0.004417884754906016
2.9530970943744057	0.004705393428718089
3.015928947446201	0.0049998611763262014
3.078760800517997	0.005300679195689875
3.141592653589793	0.005607196554173923
3.204424506661589	0.005918722533915881
3.267256359733385	0.0062345292058334795
3.330088212805181	0.006553854218510637
3.392920065876977	0.006875903787011334
3.455751918948773	0.007199855865572865
3.518583772020569	0.007524863487132934
3.5814156250923643	0.007850058251750702
3.64424747816416	0.008174553945197862
3.707079331235956	0.008497450268323903
3.7699111843077517	0.008817836657244695
3.8327430373795477	0.009134796173966179
3.8955748904513436	0.009447409446739791
3.958406743523139	0.009754758639250634
4.0212385965949355	0.010055931427666611
4.084070449666731	0.010350024964625303
4.1469023027385274	0.010636149809402877
4.209734155810323	0.01091343380379598
4.272566008882119	0.01118102587364816
4.335397861953915	0.01143809973646692
4.39822971502571	0.011683857496197133
4.461061568097506	0.011917533106942522
4.523893421169302	0.012138395688248631
4.586725274241098	0.012345752675475885
4.649557127312894	0.012538952789792345
4.71238898038469	0.012717388813395934
4.775220833456485	0.012880500156727846
4.838052686528282	0.01302777520565678
4.900884539600077	0.013158753437886842
4.9637163926718735	0.013273027299164365
5.026548245743669	0.013370243831222695
5.089380098815465	0.013450106044798241
5.152211951887261	0.01351237403247063
5.215043804959057	0.013556865817511718
5.277875658030852	0.013583457936370039
5.340707511102648	0.0135920857538535
5.403539364174444	0.013582743511500248
5.46637121724624	0.01355548411103766
5.529203070318036	0.013510418636209132
5.592034923389832	0.013447715617597064
5.654866776461628	0.013367600046375046
5.717698629533424	0.013270352144180228
5.7805304826052195	0.013156305897495127
5.843362335677016	0.013025847366071123
5.906194188748811	0.01287941277599395
5.969026041820607	0.01271748640899277
6.031857894892402	0.01254059830051441
6.094689747964199	0.01234932175992417
6.157521601035994	0.012144270726948066
6.220353454107791	0.011926096979137454
6.283185307179586	0.01169548720570933
6.346017160251382	0.01145315996359953
6.408849013323178	0.011199862531949526
6.471680866394974	0.01093636768154094
6.53451271946677	0.010663470375888797
6.5973445725385655	0.010381984420803236
6.660176425610362	0.010092739079240094
6.7230082786821574	0.009796575668173135
6.785840131753954	0.009494344154047886
6.848671984825749	0.009186899763111819
6.911503837897546	0.008875099622570054
6.974335690969341	0.008559799448085461
7.037167544041138	0.008241850292636898
7.099999397112933	0.007922095371169337
7.162831250184729	0.007601366974823763
7.225663103256525	0.00728048348782246
7.28849495632832	0.006960246519318063
7.351326809400115	0.006641438161693068
7.414158662471912	0.0063248183859290555
7.476990515543707	0.0060111225837561075
7.5398223686155035	0.005701059265349787
7.602654221687299	0.005395307920370865
7.665486074759095	0.005094517049148556
7.728317927830891	0.004799302369797217
7.791149780902687	0.0045102452060353905
7.853981633974483	0.004227891059450979
7.916813487046278	0.0039527483689328295
7.979645340118075	0.003685287458973799
8.042477193189871	0.0034259396775475305
8.105309046261667	0.003175096723278146
8.168140899333462	0.002933110160661973
8.230972752405258	0.002700291121170235
8.293804605477055	0.002476910187164244
8.35663645854885	0.002263197454695639
8.419468311620646	0.002059342770447107
8.482300164692441	0.001865496137297205
8.545132017764239	0.0016817682822705962
8.607963870836034	0.0015082313799642073
8.67079572390783	0.0013449199239232766
8.733627576979625	0.0011918317378819565
8.79645943005142	0.0010489291182813971
8.859291283123216	0.0009161400990370284
8.922123136195012	0.0007933598291454753
8.984954989266807	0.00068045205340233
9.047786842338605	0.0005772506862436697
9.1106186954104	0.0004835614685276894
9.173450548482196	0.0003991636969367843
9.236282401553991	0.00032381201560447397
9.299114254625788	0.0002572382595543277
9.361946107697584	0.00019915333957781553
9.42477796076938	0.00014924915827330915
9.487609813841175	0.00010720054711675292
9.55044166691297	0.00007266721463372865
9.613273519984768	0.000045295695989980254
9.676105373056563	0.000024721294610160767
9.738937226128359	0.00001057000676952037
9.801769079200154	2.4604204773724843e-6
9.864600932271951	5.580381013007108e-9
9.927432785343747	2.8148108609469512e-6
9.990264638415542	0.00001049548995919061
10.053096491487338	0.000022654767278505333
10.115928344559135	0.000038901219507983004
10.17876019763093	0.0000588464377658043
10.241592050702726	0.00008210654149953953
10.304423903774522	0.0001083036142444416
10.367255756846317	0.00013706705710720397
10.430087609918115	0.0001680348564131018
10.492919462989908	0.0002008547625249044
10.555751316061704	0.00023518537740912658
10.618583169133501	0.0002706971490858863
10.681415022205297	0.00030707327164985793
10.744246875277092	0.0003440104900886669
10.807078728348888	0.00038121980964880446
10.869910581420685	0.00041842711000540466
10.93274243449248	0.00045537366497845
10.995574287564276	0.0004918165690022856
11.058406140636071	0.0005275290719956796
11.121237993707867	0.0005623008246942892
11.184069846779664	0.0005959380368951412
11.24690169985146	0.0006282635514218516
11.309733552923255	0.0006591168369492299
11.37256540599505	0.0006883539031254728
11.435397259066848	0.0007158471416989871
11.498229112138644	0.0007414850975943957
11.561060965210439	0.0007651721740884305
11.623892818282235	0.0007868282764111798
11.686724671354032	0.0008063883982417013
11.749556524425827	0.0008238021556797384
11.812388377497623	0.0008390332733578205
11.875220230569418	0.0008520590274110633
11.938052083641214	0.000862869650046245
12.000883936713011	0.0008714677004487503
12.063715789784805	0.0008778674067360661
12.1265476428566	0.00088209398361191
12.189379495928398	0.0008841829302963929
12.252211349000193	0.0008841793132066652
12.315043202071989	0.0008821370377408873
12.377875055143784	0.0008781181133774714
12.440706908215581	0.0008721919161432182
12.503538761287377	0.0008644344523298752
12.566370614359172	0.000854927627150407
12.62920246743097	0.0008437585218258342
12.692034320502763	0.0008310186823823759
12.75486617357456	0.0008168034232187642
12.817698026646356	0.0008012111482765446
12.88052987971815	0.0007843426924137618
12.943361732789947	0.000766300685346123
13.006193585861743	0.0007471889402813098
13.06902543893354	0.0007271118691330103
13.131857292005334	0.0007061739259628638
13.194689145077131	0.0006844790800624845
13.257520998148927	0.0006621303198550434
13.320352851220724	0.0006392291885681402
13.383184704292518	0.0006158753524076773
13.446016557364315	0.0005921662017475123
13.50884841043611	0.0005681964856425713
13.571680263507908	0.0005440579797748308
13.634512116579701	0.0005198391877528283
13.697343969651499	0.0004956250755068075
13.760175822723294	0.0004714968383538926
13.823007675795091	0.00044753170015118
13.885839528866885	0.00042380274380975845
13.948671381938683	0.00040037877230976747
14.011503235010478	0.00037732419923573913
14.074335088082275	0.0003546989677428793
14.137166941154069	0.0003325584967685414
14.199998794225866	0.0003109536532189557
14.26283064729766	0.0002899307487891474
14.325662500369457	0.0002695315600135769
14.388494353441253	0.0002497933700963807
14.45132620651305	0.0002307490310324632
14.514158059584844	0.00021242704450412283
14.57698991265664	0.00019485166002152833
14.639821765728437	0.00017804298876909736
14.70265361880023	0.00016201713162287978
14.765485471872028	0.00014678631981595485
14.828317324943823	0.00013235906674911613
14.89114917801562	0.00011874032947194332
14.953981031087414	0.00010593167839436216
15.016812884159211	0.0000939314738301159
15.079644737231007	0.00008273504802079421
15.142476590302804	0.00007233489134133644
15.205308443374598	0.00006272084144482572
15.268140296446395	0.00005388027416509225
15.33097214951819	0.0000457982950596864
15.393804002589988	0.000038457930542472865
15.456635855661782	0.000031840317623888494
15.519467708733579	0.000025924891347224784
15.582299561805375	0.00002068956908061144
15.645131414877172	0.0000161109308961672
15.707963267948966	0.000012164395339568075
15.770795121020763	8.824389964612828e-6
15.833626974092557	6.0645160778076035e-6
15.896458827164354	3.857707207156366e-6
15.95929068023615	2.1763808768872155e-6
16.022122533307947	9.925833354209506e-7
16.084954386379742	2.7812694722706985e-7
16.147786239451534	4.720020043089984e-9
16.210618092523333	1.440888970435962e-7
16.27344994559513	6.680921987360037e-7
16.336281798666924	1.5488271514820812e-6
16.39911365173872	2.758727988464014e-6
16.461945504810515	4.2706564545402675e-6
16.52477735788231	6.0579844886971775e-6
16.58760921095411	8.094669196664404e-6
16.6504410640259	0.000010355320261700182
16.7132729170977	0.000012815259973594017
16.776104770169496	0.0000154505760845887
16.838936623241292	0.000018238167726269994
16.901768476313087	0.00002115578464356041
16.964600329384883	0.000024182060020892973
17.02743218245668	0.00002729653719151615
17.090264035528477	0.000030479690533832057
17.15309588860027	0.00003371294086881147
17.21592774167207	0.000036978665680005426
17.27875959474386	0.00004026020448263405
17.34159144781566	0.000043541859670840714
17.404423300887455	0.000046808893172587035
17.46725515395925	0.00005004751924003528
17.530087007031046	0.00005324489369974417
17.59291886010284	0.000056389099981790355
17.655750713174637	0.00005946913224015004
17.718582566246432	0.00006247487586854863
17.781414419318228	0.00006539708570660173
17.844246272390023	0.00006822736222065485
17.907078125461823	0.00007095812593238244
17.969909978533614	0.00007358259035609486
18.032741831605414	0.00007609473369296547
18.09557368467721	0.00007848926951716934
18.158405537749005	0.00008076161667530931
18.2212373908208	0.00008290786860667209
18.284069243892596	0.00008492476227786465
18.34690109696439	0.00008680964691135051
18.40973295003619	0.00008856045267345455
18.472564803107982	0.00009017565947357344
18.53539665617978	0.00009165426601273247
18.598228509251577	0.00009299575920633423
18.661060362323372	0.00009420008409298767
18.723892215395168	0.00009526761432877334
18.786724068466963	0.0000961991233542299
18.84955592153876	0.00009699575630975457
18.912387774610558	0.00009765900276408171
18.97521962768235	0.00009819067031000587
19.03805148075415	0.00009859285907161051
19.10088333382594	0.00009886793715797666
19.16371518689774	0.00009901851708961294
19.226547039969535	0.00009904743321578393
19.28937889304133	0.00009895772013342665
19.352210746113126	0.00009875259211148344
19.415042599184922	0.00009843542351819687
19.477874452256717	0.00009800973024326277
19.540706305328513	0.00009747915210161427
19.60353815840031	0.00009684743620109067
19.666370011472104	0.00009611842125224059
19.729201864543903	0.00009529602279504452
19.792033717615695	0.00009438421931436755
19.854865570687494	0.0000933870392134582
19.91769742375929	0.00009230854861277691
19.980529276831085	0.00009115283993980861
20.04336112990288	0.00008992402127432149
20.106192982974676	0.00008862620641268253
20.16902483604647	0.00008726350561436564
20.23185668911827	0.00008584001699361137
20.294688542190062	0.00008435981851935109
20.35752039526186	0.00008282696058688439
20.420352248333657	0.00008124545912548082
20.483184101405453	0.000079619289206915
20.546015954477248	0.00007795237912104027
20.608847807549044	0.00007624860488571825
20.67167966062084	0.00007451178515983163
20.734511513692635	0.00007274567652960628
20.79734336676443	0.00007095396914010932
20.86017521983623	0.00006914028264547262
20.92300707290802	0.00006730816245319155
20.985838925979817	0.00006546107623965049
21.048670779051616	0.00006360241071589497
21.111502632123408	0.00006173546862451534
21.174334485195207	0.0000598634659503967
21.237166338267002	0.00005798952932991215
21.299998191338798	0.00005611669364497293
21.362830044410593	0.00005424789979010568
21.42566189748239	0.00005238599260246468
21.488493750554184	0.000050533718946321495
21.551325603625983	0.000048693725945170726
21.614157456697775	0.0000468685593560752
21.676989309769574	0.0000450606620822791
21.73982116284137	0.0000432723728214282
21.802653015913165	0.0000415059248479332
21.86548486898496	0.00003976344492910226
21.928316722056756	0.00003804695237565659
21.991148575128552	0.00003635835822809708
22.05398042820035	0.0000346994645811425
22.116812281272143	0.00003307196404907674
22.179644134343942	0.00003147743937536185
22.242475987415734	0.000029917363190246908
22.305307840487533	0.00002839309792037824
22.36813969355933	0.00002690589585457307
22.430971546631124	0.000025456899369949582
22.49380339970292	0.00002404714132254606
22.556635252774715	0.00002267754560638307
22.61946710584651	0.000021348927884650597
22.682298958918306	0.00002006199649633331
22.7451308119901	0.00001881735354113102
22.807962665061897	0.000017615496144993277
22.870794518133696	0.000016456817907975743
22.933626371205488	0.00001534161053544797
22.996458224277287	0.00001427006565294224
23.059290077349083	0.000013242276804149807
23.122121930420878	0.000012258241630736927
23.184953783492674	0.00001131786423179203
23.24778563656447	0.000010420957699828973
23.310617489636265	9.567246829366374e-6
23.373449342708064	8.756370993191107e-6
23.436281195779856	7.987887180511177e-6
23.499113048851655	7.261273190296715e-6
23.561944901923447	6.5759309722353686e-6
23.624776754995246	5.931190106869675e-6
23.68760860806704	5.32631141566737e-6
23.750440461138837	4.760490690996465e-6
23.813272314210632	4.23286253524973e-6
23.876104167282428	3.742504297684776e-6
23.938936020354223	3.2884400969362673e-6
24.001767873426022	2.869644916604616e-6
24.064599726497814	2.4850487608513937e-6
24.12743157956961	2.1335408565235777e-6
24.19026343264141	1.8139738880092196e-6
24.2530952857132	1.5251682507764311e-6
24.315927138785	1.2659163093889097e-6
24.378758991856795	1.0349866457100946e-6
24.44159084492859	8.311282830153108e-7
24.504422698000386	6.530748718193489e-7
24.567254551072182	4.995488234016601e-7
24.630086404143977	3.69265377265481e-7
24.692918257215776	2.609365891028494e-7
24.75575011028757	1.7327522624996754e-7
24.818581963359367	1.0499855810300218e-7
24.881413816431163	5.4832029521842656e-8
24.94424566950296	2.1512805870536033e-8
25.007077522574754	3.793179027122495e-9
25.06990937564655	4.4382443412924215e-10
25.132741228718345	1.0256900050496031e-8