Grouping:m4_Oh01_eta07_BoSSS-J686
# x 	 y
0.0000000000000000E+000	1.3635511820210842E+000
5.0000000000000001E-003	1.3633697404129563E+000
1.0000000000000000E-002	1.3636627575389655E+000
1.4999999999999999E-002	1.3639905046242156E+000
2.0000000000000000E-002	1.3644311894091363E+000
2.5000000000000001E-002	1.3649976646085176E+000
3.0000000000000002E-002	1.3656785778431058E+000
3.5000000000000003E-002	1.3664613592012986E+000
4.0000000000000001E-002	1.3673394400446799E+000
4.4999999999999998E-002	1.3675678490570968E+000
4.9999999999999996E-002	1.3685531838978870E+000
5.4999999999999993E-002	1.3700354331793618E+000
5.9999999999999991E-002	1.3714921855781976E+000
6.4999999999999988E-002	1.3729586482259677E+000
6.9999999999999993E-002	1.3734593889018347E+000
7.4999999999999997E-002	1.3754292800242265E+000
8.0000000000000002E-002	1.3772673983802448E+000
8.5000000000000006E-002	1.3790435160563481E+000
9.0000000000000011E-002	1.3789533701970811E+000
9.5000000000000015E-002	1.3807933243889254E+000
1.0000000000000002E-001	1.3825611765772781E+000
1.0500000000000002E-001	1.3838790397025433E+000
1.1000000000000003E-001	1.3855861255100284E+000
1.1500000000000003E-001	1.3874346135909101E+000
1.2000000000000004E-001	1.3894553680336323E+000
1.2500000000000003E-001	1.3918632664299802E+000
1.3000000000000003E-001	1.3935436775753538E+000
1.3500000000000004E-001	1.3949863642677145E+000
1.4000000000000004E-001	1.3969577773687716E+000
1.4500000000000005E-001	1.3986457755162252E+000
1.5000000000000005E-001	1.4004938348848190E+000
1.5500000000000005E-001	1.4020272476465814E+000
1.6000000000000006E-001	1.4045976065338945E+000
1.6500000000000006E-001	1.4067410036531109E+000
1.7000000000000007E-001	1.4089523564024413E+000
1.7500000000000007E-001	1.4111755333256588E+000
1.8000000000000008E-001	1.4183718882614673E+000
1.8500000000000008E-001	1.4214112991780701E+000
1.9000000000000009E-001	1.4247250462594598E+000
1.9500000000000009E-001	1.4269566802520122E+000
2.0000000000000009E-001	1.4298503807380607E+000
2.0500000000000010E-001	1.4351564005158077E+000
2.1000000000000010E-001	1.4373450154457794E+000
2.1500000000000011E-001	1.4413208625611897E+000
2.2500000000000012E-001	1.4496088752282132E+000
2.3000000000000012E-001	1.4550103873347082E+000
2.3500000000000013E-001	1.4596914918765656E+000
2.4000000000000013E-001	1.4635097977826583E+000
2.4500000000000013E-001	1.4683727386173957E+000
2.5000000000000011E-001	1.4726517708319842E+000
2.5500000000000012E-001	1.4772845072969063E+000
2.6000000000000012E-001	1.4819126169733985E+000
2.6500000000000012E-001	1.4854844576903363E+000
2.7000000000000013E-001	1.4913044197901950E+000
2.7500000000000013E-001	1.4946891332863421E+000
2.8000000000000014E-001	1.4991924167502704E+000
2.8500000000000014E-001	1.5044492618555643E+000
2.9000000000000015E-001	1.5081131731726325E+000
2.9500000000000015E-001	1.5128718055669457E+000
3.0000000000000016E-001	1.5162600252533833E+000
3.0500000000000016E-001	1.5198888286060672E+000
3.1000000000000016E-001	1.5235020237954684E+000
3.1500000000000017E-001	1.5281077110861658E+000
3.2000000000000017E-001	1.5317043515193827E+000
3.2500000000000018E-001	1.5343276609308361E+000
3.3000000000000018E-001	1.5368515521585577E+000
3.6000000000000021E-001	1.5446625812593759E+000
3.6500000000000021E-001	1.5439856045431006E+000
3.8000000000000023E-001	1.5425148384457990E+000
3.8500000000000023E-001	1.5388709895335637E+000
3.9000000000000024E-001	1.5347548746794466E+000
3.9500000000000024E-001	1.5330921500810062E+000
4.0500000000000025E-001	1.5229390693687339E+000
4.1000000000000025E-001	1.5138448175789145E+000
4.1500000000000026E-001	1.5084834576712551E+000
4.2000000000000026E-001	1.4992500990548137E+000
4.2500000000000027E-001	1.4897863039222838E+000
4.3000000000000027E-001	1.4798303592068873E+000
4.3500000000000028E-001	1.4695339053129417E+000
4.4000000000000028E-001	1.4589287059053184E+000
4.4500000000000028E-001	1.4478753277903353E+000
4.5000000000000029E-001	1.4362901871550822E+000
4.5500000000000029E-001	1.4241162090442838E+000
4.6000000000000030E-001	1.4119560326060145E+000
4.6500000000000030E-001	1.3976579781361349E+000
4.7000000000000031E-001	1.3835081099789166E+000
4.7500000000000031E-001	1.3697046627530929E+000
4.8000000000000032E-001	1.3549362147571580E+000
4.8500000000000032E-001	1.3396836432924992E+000
4.9000000000000032E-001	1.3239749322620711E+000
4.9500000000000033E-001	1.3099478601689221E+000
5.0000000000000033E-001	1.2995074771797563E+000
5.0500000000000034E-001	1.2929362163634570E+000
5.1000000000000034E-001	1.2857030737860069E+000
5.1500000000000035E-001	1.2778042405433441E+000
5.2000000000000035E-001	1.2686359882866309E+000
5.2500000000000036E-001	1.2606795006758085E+000
5.4000000000000037E-001	1.2401459311794998E+000
5.4500000000000037E-001	1.2334505040072583E+000
6.2500000000000044E-001	1.2749640314007296E+000
6.3000000000000045E-001	1.2801779036457162E+000
6.3500000000000045E-001	1.2850446457616971E+000
6.4000000000000046E-001	1.2900444601115608E+000
6.6000000000000048E-001	1.3118153697252577E+000
6.6500000000000048E-001	1.3174220552708631E+000
6.7500000000000049E-001	1.3287143202264993E+000
6.8000000000000049E-001	1.3361842320879180E+000
6.8500000000000050E-001	1.3355026119359197E+000
6.9000000000000050E-001	1.3437994175807422E+000
7.3000000000000054E-001	1.3676886701580515E+000
7.3500000000000054E-001	1.3716952123800881E+000
7.4000000000000055E-001	1.3724296800393185E+000
7.4500000000000055E-001	1.3730908861545668E+000
7.5000000000000056E-001	1.3735015424361916E+000
7.6000000000000056E-001	1.3738918813750332E+000
7.7000000000000057E-001	1.3786717625745553E+000
7.7500000000000058E-001	1.3778661597802602E+000
7.8000000000000058E-001	1.3765884022442667E+000
7.8500000000000059E-001	1.3780425923748245E+000
7.9000000000000059E-001	1.3761835662988839E+000
7.9500000000000060E-001	1.3757021235575353E+000
8.0000000000000060E-001	1.3735811580236474E+000
8.0500000000000060E-001	1.3714234117912163E+000
8.1000000000000061E-001	1.3698427167334555E+000
8.1500000000000061E-001	1.3675872647763392E+000
8.2000000000000062E-001	1.3686151203233949E+000
8.2500000000000062E-001	1.3659887008506926E+000
8.3000000000000063E-001	1.3636170387376336E+000
8.3500000000000063E-001	1.3639011588739760E+000
8.4000000000000064E-001	1.3610402144389704E+000
8.4500000000000064E-001	1.3625583438881712E+000
8.5000000000000064E-001	1.3590962606882475E+000
8.5500000000000065E-001	1.3580159736513018E+000
8.6000000000000065E-001	1.3542273382600789E+000
8.6500000000000066E-001	1.3529235426250192E+000
8.7000000000000066E-001	1.3503460349970862E+000
8.7500000000000067E-001	1.3463177817494083E+000
8.8000000000000067E-001	1.3430586281277828E+000
8.8500000000000068E-001	1.3403833320357279E+000
8.9000000000000068E-001	1.3377511401192279E+000
8.9500000000000068E-001	1.3376794799186327E+000
9.0000000000000069E-001	1.3339735712020242E+000
9.0500000000000069E-001	1.3306675052437504E+000
9.1000000000000070E-001	1.3277606960321191E+000
9.1500000000000070E-001	1.3273307881451013E+000
9.2000000000000071E-001	1.3245091840194629E+000
9.2500000000000071E-001	1.3207013740479185E+000
9.3000000000000071E-001	1.3173339470812913E+000
9.3500000000000072E-001	1.3141654812671999E+000
9.4000000000000072E-001	1.3111334458325774E+000
9.4500000000000073E-001	1.3082083708936958E+000
9.5000000000000073E-001	1.3069786227348326E+000
9.5500000000000074E-001	1.3040058775191241E+000
9.6000000000000074E-001	1.3008281393504970E+000
9.6500000000000075E-001	1.2974603691384212E+000
9.7000000000000075E-001	1.2945753096118791E+000
9.7500000000000075E-001	1.2917710841867835E+000
9.8000000000000076E-001	1.2889905819435135E+000
9.8500000000000076E-001	1.2862249737744902E+000
9.9000000000000077E-001	1.2834718768912330E+000
9.9500000000000077E-001	1.2807263304695025E+000
1.0000000000000007E+000	1.2779791575571147E+000
1.0050000000000006E+000	1.2752223957343067E+000
1.0100000000000005E+000	1.2724484493041925E+000
1.0150000000000003E+000	1.2696524171806916E+000
1.0200000000000002E+000	1.2668303136922454E+000
1.0250000000000001E+000	1.2639792041783418E+000
1.0300000000000000E+000	1.2610968869795536E+000
1.0349999999999999E+000	1.2582285789129486E+000
1.0399999999999998E+000	1.2553336904280243E+000
1.0449999999999997E+000	1.2524312709736973E+000
1.0499999999999996E+000	1.2470179842560309E+000
1.0549999999999995E+000	1.2430255048922834E+000
1.0599999999999994E+000	1.2397987102469359E+000
1.0649999999999993E+000	1.2368713369399662E+000
1.0699999999999992E+000	1.2340861328752879E+000
1.0749999999999991E+000	1.2313377496427096E+000
1.0799999999999990E+000	1.2285401651012169E+000
1.0849999999999989E+000	1.2256301609522022E+000
1.0899999999999987E+000	1.2225701079956655E+000
1.0949999999999986E+000	1.2193498782593346E+000
1.0999999999999985E+000	1.2159837482194134E+000
1.1049999999999984E+000	1.2125120309847681E+000
1.1099999999999983E+000	1.2089596413070622E+000
1.1149999999999982E+000	1.2053680510636036E+000
1.1199999999999981E+000	1.2017538753496015E+000
1.1249999999999980E+000	1.1976925530430307E+000
1.1299999999999979E+000	1.1940730256150900E+000
1.1349999999999978E+000	1.1904968497348296E+000
1.1399999999999977E+000	1.1864819238569619E+000
1.1449999999999976E+000	1.1829008066001729E+000
1.1499999999999975E+000	1.1793155679325005E+000
1.1549999999999974E+000	1.1735533088047525E+000
1.1599999999999973E+000	1.1693882385213601E+000
1.1649999999999971E+000	1.1660712211264581E+000
1.1699999999999970E+000	1.1619250253935047E+000
1.1749999999999969E+000	1.1581901581622291E+000
1.1799999999999968E+000	1.1539614837625067E+000
1.1849999999999967E+000	1.1485681467885860E+000
1.1899999999999966E+000	1.1439438160813982E+000
1.1949999999999965E+000	1.1403514208773160E+000
1.1999999999999964E+000	1.1360608416253752E+000
1.2049999999999963E+000	1.1316723788081657E+000
1.2099999999999962E+000	1.1241381745865233E+000
1.2149999999999961E+000	1.1208389500677276E+000
1.2249999999999959E+000	1.1093853008670411E+000
1.2299999999999958E+000	1.1050586180120465E+000
1.2349999999999957E+000	1.1003022851398612E+000
1.2399999999999956E+000	1.0953649077086536E+000
1.2499999999999953E+000	1.0851608950632223E+000
1.2549999999999952E+000	1.0771530413626205E+000
1.2599999999999951E+000	1.0689644038801704E+000
1.2649999999999950E+000	1.0610083146320153E+000
1.2699999999999949E+000	1.0552892816886461E+000
1.2749999999999948E+000	1.0487151492120073E+000
1.2799999999999947E+000	1.0425366494105113E+000
1.2849999999999946E+000	1.0391196714159354E+000
1.2899999999999945E+000	1.0332627597887996E+000
1.2949999999999944E+000	1.0272896835816496E+000
1.2999999999999943E+000	1.0210488768280976E+000
1.3049999999999942E+000	1.0164352232955360E+000
1.3099999999999941E+000	1.0111210493974081E+000
1.3149999999999940E+000	1.0060230123803811E+000
1.3199999999999938E+000	1.0055226899118883E+000
1.3249999999999937E+000	9.9917632928655231E-001
1.3299999999999936E+000	9.9591768643608969E-001
1.3349999999999935E+000	9.9005229919436277E-001
1.3399999999999934E+000	9.8460687978424688E-001
1.3449999999999933E+000	9.7944814322251883E-001
1.3549999999999931E+000	9.6964206161282551E-001
1.3599999999999930E+000	9.6517647530640127E-001
1.3699999999999928E+000	9.5535992861437546E-001
1.3749999999999927E+000	9.5027127678522461E-001
1.3799999999999926E+000	9.4545850425410793E-001
1.4049999999999920E+000	9.2489729920925856E-001
1.4099999999999919E+000	9.2127872675893707E-001
1.4149999999999918E+000	9.1776224909502346E-001
1.4199999999999917E+000	9.1450037315542942E-001
1.4249999999999916E+000	9.1137263662998702E-001
1.4299999999999915E+000	9.0813587101362725E-001
1.4349999999999914E+000	9.0221469519559494E-001
1.4399999999999913E+000	8.9987395352159849E-001
1.4449999999999912E+000	8.9729620000942900E-001
1.4499999999999911E+000	8.9450236769852454E-001
1.4549999999999910E+000	8.9191457388521989E-001
1.4599999999999909E+000	8.8939272104988421E-001
1.4649999999999908E+000	8.8626201017187189E-001
1.4699999999999906E+000	8.8381059803737583E-001
1.4749999999999905E+000	8.8132493290914904E-001
1.4799999999999904E+000	8.7874804878764023E-001
1.4849999999999903E+000	8.7663574033041047E-001
1.4899999999999902E+000	8.7428095900943270E-001
1.4949999999999901E+000	8.7236027991370657E-001
1.4999999999999900E+000	8.7054727733485526E-001

 
