Grouping:BoSSS-J686-AMR1
# x 	 y
0.0000000000000000E+000	1.0603174795424932E+000
5.0000000000000001E-003	1.0603246010749643E+000
1.0000000000000000E-002	1.0602665417269348E+000
1.4999999999999999E-002	1.0601492303272171E+000
2.0000000000000000E-002	1.0599904135198464E+000
2.5000000000000001E-002	1.0597887565941511E+000
3.0000000000000002E-002	1.0595916662870017E+000
3.5000000000000003E-002	1.0592928068529037E+000
4.0000000000000001E-002	1.0589322037522622E+000
4.4999999999999998E-002	1.0585290220989023E+000
4.9999999999999996E-002	1.0580836449368711E+000
5.4999999999999993E-002	1.0575954182028886E+000
5.9999999999999991E-002	1.0570634389458204E+000
6.4999999999999988E-002	1.0564867579928259E+000
6.9999999999999993E-002	1.0559193477283781E+000
7.4999999999999997E-002	1.0552429061960367E+000
8.0000000000000002E-002	1.0545044677234054E+000
8.5000000000000006E-002	1.0537240200012028E+000
9.0000000000000011E-002	1.0529009855243125E+000
9.5000000000000015E-002	1.0520338868981203E+000
1.0000000000000002E-001	1.0511210414464258E+000
1.0500000000000002E-001	1.0501608374112779E+000
1.1000000000000003E-001	1.0491516048971499E+000
1.1500000000000003E-001	1.0480881006682092E+000
1.2000000000000004E-001	1.0468877357429505E+000
1.2500000000000003E-001	1.0456713944511500E+000
1.3000000000000003E-001	1.0444790794742513E+000
1.3500000000000004E-001	1.0431717138514629E+000
1.4000000000000004E-001	1.0418082179830384E+000
1.4500000000000005E-001	1.0403972628522125E+000
1.5000000000000005E-001	1.0389421805870298E+000
1.5500000000000005E-001	1.0374447612828295E+000
1.6000000000000006E-001	1.0359060775537983E+000
1.6500000000000006E-001	1.0343269323484197E+000
1.7000000000000007E-001	1.0327084165794114E+000
1.7500000000000007E-001	1.0310522103889967E+000
1.8000000000000008E-001	1.0293604611410561E+000
1.8500000000000008E-001	1.0276356156039910E+000
1.9000000000000009E-001	1.0258807711323470E+000
1.9500000000000009E-001	1.0240990640030003E+000
2.0000000000000009E-001	1.0222940924717596E+000
2.0500000000000010E-001	1.0204705090615558E+000
2.1000000000000010E-001	1.0186335795784376E+000
2.1500000000000011E-001	1.0167882659383185E+000
2.2000000000000011E-001	1.0149388121726353E+000
2.2500000000000012E-001	1.0130890925034304E+000
2.3000000000000012E-001	1.0112430217823816E+000
2.3500000000000013E-001	1.0094046855952468E+000
2.4000000000000013E-001	1.0075780634256559E+000
2.4500000000000013E-001	1.0057674327648489E+000
2.5000000000000011E-001	1.0040427536315586E+000
2.5500000000000012E-001	1.0022673282106793E+000
2.6000000000000012E-001	1.0005147561466488E+000
2.6500000000000012E-001	9.9884186918400031E-001
2.7000000000000013E-001	9.9716153703901511E-001
2.7500000000000013E-001	9.9552034300494452E-001
2.8000000000000014E-001	9.9392524758349099E-001
2.8500000000000014E-001	9.9238003628496152E-001
2.9000000000000015E-001	9.9088833010412891E-001
2.9500000000000015E-001	9.8945311950780512E-001
3.0000000000000016E-001	9.8807664875611589E-001
3.0500000000000016E-001	9.8676058353974594E-001
3.1000000000000016E-001	9.8557587108220479E-001
3.1500000000000017E-001	9.8436675888088099E-001
3.2000000000000017E-001	9.8322520165724470E-001
3.2500000000000018E-001	9.8215148079609205E-001
3.3000000000000018E-001	9.8114606177142294E-001
3.3500000000000019E-001	9.8021099375274712E-001
3.4000000000000019E-001	9.7934864544602074E-001
3.4500000000000020E-001	9.7856072791819793E-001
3.5000000000000020E-001	9.7784808012851254E-001
3.5500000000000020E-001	9.7721083212814752E-001
3.6000000000000021E-001	9.7664864751652580E-001
3.6500000000000021E-001	9.7616091236237867E-001
3.7000000000000022E-001	9.7584413623122357E-001
3.7500000000000022E-001	9.7550547324847359E-001
3.8000000000000023E-001	9.7520199433277677E-001
3.8500000000000023E-001	9.7498007161620492E-001
3.9000000000000024E-001	9.7483367220610062E-001
3.9500000000000024E-001	9.7475879067749793E-001
4.0000000000000024E-001	9.7475342962026890E-001
4.0500000000000025E-001	9.7481602421034519E-001
4.1000000000000025E-001	9.7494474474397075E-001
4.1500000000000026E-001	9.7513733266619029E-001
4.2000000000000026E-001	9.7539121462961476E-001
4.2500000000000027E-001	9.7570385465347276E-001
4.3000000000000027E-001	9.7607236180532697E-001
4.3500000000000028E-001	9.7649376612707151E-001
4.4000000000000028E-001	9.7696510137519288E-001
4.4500000000000028E-001	9.7756987056877054E-001
4.5000000000000029E-001	9.7809150248232601E-001
4.5500000000000029E-001	9.7867079078384323E-001
4.6000000000000030E-001	9.7929695217803525E-001
4.6500000000000030E-001	9.7996320712097984E-001
4.7000000000000031E-001	9.8066570429900146E-001
4.7500000000000031E-001	9.8140144762776094E-001
4.8000000000000032E-001	9.8216759652312891E-001
4.8500000000000032E-001	9.8296131200224224E-001
4.9000000000000032E-001	9.8377975533576656E-001
4.9500000000000033E-001	9.8462012593474557E-001
5.0000000000000033E-001	9.8547969137939484E-001
5.0500000000000034E-001	9.8635584770188389E-001
5.1000000000000034E-001	9.8724612080020624E-001
5.1500000000000035E-001	9.8826242324528746E-001
5.2000000000000035E-001	9.8913016736984694E-001
5.2500000000000036E-001	9.9002190463986683E-001
5.3000000000000036E-001	9.9092677795387241E-001
5.3500000000000036E-001	9.9183873628285157E-001
5.4000000000000037E-001	9.9275508637823695E-001
5.4500000000000037E-001	9.9367432313385706E-001
5.5000000000000038E-001	9.9459506873616466E-001
5.5500000000000038E-001	9.9551576920455309E-001
5.6000000000000039E-001	9.9643467822965537E-001
5.6500000000000039E-001	9.9734989687348463E-001
5.7000000000000040E-001	9.9825947433345186E-001
5.7500000000000040E-001	9.9916151197419700E-001
5.8000000000000040E-001	1.0000542350118808E+000
5.8500000000000041E-001	1.0009360284625273E+000
5.9000000000000041E-001	1.0019443080278241E+000
5.9500000000000042E-001	1.0027485340596718E+000
6.0000000000000042E-001	1.0035547834364966E+000
6.0500000000000043E-001	1.0043540585502049E+000
6.1000000000000043E-001	1.0052743515391309E+000
6.1500000000000044E-001	1.0060022504575203E+000
6.2000000000000044E-001	1.0067303543114710E+000
6.2500000000000044E-001	1.0074521299220058E+000
6.3000000000000045E-001	1.0081630395131871E+000
6.3500000000000045E-001	1.0088615923171140E+000
6.4000000000000046E-001	1.0095470981739272E+000
6.4500000000000046E-001	1.0102185472820882E+000
6.5000000000000047E-001	1.0108746074343911E+000
6.5500000000000047E-001	1.0115137400712819E+000
6.6000000000000048E-001	1.0121343445843616E+000
6.6500000000000048E-001	1.0127349328771942E+000
6.7000000000000048E-001	1.0133142383277360E+000
6.7500000000000049E-001	1.0138712562485435E+000
6.8000000000000049E-001	1.0144052453626817E+000
6.8500000000000050E-001	1.0149157103117714E+000
6.9000000000000050E-001	1.0154023709084887E+000
6.9500000000000051E-001	1.0158651080139101E+000
7.0000000000000051E-001	1.0163039374913545E+000
7.0500000000000052E-001	1.0167189477696170E+000
7.1000000000000052E-001	1.0171102620590937E+000
7.1500000000000052E-001	1.0174780265643655E+000
7.2000000000000053E-001	1.0178224147564063E+000
7.2500000000000053E-001	1.0181435802348571E+000
7.3000000000000054E-001	1.0184416579780013E+000
7.3500000000000054E-001	1.0187167364268734E+000
7.4000000000000055E-001	1.0189688121095561E+000
7.4500000000000055E-001	1.0191978871746885E+000
7.5000000000000056E-001	1.0194040169215484E+000
7.5500000000000056E-001	1.0195873098212911E+000
7.6000000000000056E-001	1.0197479077551321E+000
7.6500000000000057E-001	1.0198859726004186E+000
7.7000000000000057E-001	1.0200016735643693E+000
7.7500000000000058E-001	1.0200951856140330E+000
7.8000000000000058E-001	1.0201666913465688E+000
7.8500000000000059E-001	1.0202163752708837E+000
7.9000000000000059E-001	1.0202444198530614E+000
7.9500000000000060E-001	1.0202510366833208E+000
8.0000000000000060E-001	1.0202362242332299E+000
8.0500000000000060E-001	1.0202002040098712E+000
8.1000000000000061E-001	1.0201432401229509E+000
8.1500000000000061E-001	1.0200655556324063E+000
8.2000000000000062E-001	1.0199674391946854E+000
8.2500000000000062E-001	1.0198492209809471E+000
8.3000000000000063E-001	1.0197112420071683E+000
8.3500000000000063E-001	1.0195538488586882E+000
8.4000000000000064E-001	1.0193773970336475E+000
8.4500000000000064E-001	1.0191822453490060E+000
8.5000000000000064E-001	1.0189687508587184E+000
8.5500000000000065E-001	1.0187372952491309E+000
8.6000000000000065E-001	1.0184882823872399E+000
8.6500000000000066E-001	1.0182221307103294E+000
8.7000000000000066E-001	1.0179392709325241E+000
8.8000000000000067E-001	1.0173252242904889E+000
8.8500000000000068E-001	1.0169949993763798E+000
8.9000000000000068E-001	1.0166499479240509E+000
8.9500000000000068E-001	1.0162906074058400E+000
9.0000000000000069E-001	1.0159175263303308E+000
9.0500000000000069E-001	1.0155312552210134E+000
9.1000000000000070E-001	1.0151323599312954E+000
9.1500000000000070E-001	1.0147214364251527E+000
9.2000000000000071E-001	1.0142991101690408E+000
9.2500000000000071E-001	1.0138660024257975E+000
9.3000000000000071E-001	1.0134227423819784E+000
9.3500000000000072E-001	1.0129699859714898E+000
9.4000000000000072E-001	1.0125084076584336E+000
9.4500000000000073E-001	1.0120386996569137E+000
9.5000000000000073E-001	1.0115615444918071E+000
9.5500000000000074E-001	1.0110776318950978E+000
9.6000000000000074E-001	1.0105876757638650E+000
9.6500000000000075E-001	1.0100924043560107E+000
9.7000000000000075E-001	1.0095925571180517E+000
9.7500000000000075E-001	1.0090888589139344E+000
9.8000000000000076E-001	1.0085820371678389E+000
9.8500000000000076E-001	1.0080728419020613E+000
9.9000000000000077E-001	1.0075620158442504E+000
9.9500000000000077E-001	1.0070502970819533E+000
1.0000000000000007E+000	1.0065384349239168E+000
1.0050000000000006E+000	1.0060271653198991E+000
1.0100000000000005E+000	1.0055172148331475E+000
1.0150000000000003E+000	1.0050093156051667E+000
1.0200000000000002E+000	1.0045041827039705E+000
1.0250000000000001E+000	1.0040025165664077E+000
1.0300000000000000E+000	1.0035048676709939E+000
1.0349999999999999E+000	1.0030118477808549E+000
1.0399999999999998E+000	1.0025242297648154E+000
1.0449999999999997E+000	1.0020427716792435E+000
1.0499999999999996E+000	1.0015681635484301E+000
1.0549999999999995E+000	1.0011010408588641E+000
1.0599999999999994E+000	1.0006420001502849E+000
1.0649999999999993E+000	1.0001915938273758E+000
1.0699999999999992E+000	9.9975034478859737E-001
1.0749999999999991E+000	9.9931875838792483E-001
1.0799999999999990E+000	9.9889732246670804E-001
1.0849999999999989E+000	9.9848649133979062E-001
1.0899999999999987E+000	9.9808669218962975E-001
1.1149999999999982E+000	9.9626670113577598E-001
1.1199999999999981E+000	9.9594082095856029E-001
1.1249999999999980E+000	9.9562825637343244E-001
1.1299999999999979E+000	9.9532922639687060E-001
1.1349999999999978E+000	9.9504396466238509E-001
1.1399999999999977E+000	9.9477269088721487E-001
1.1449999999999976E+000	9.9451555276592007E-001
1.1499999999999975E+000	9.9437544765323516E-001
1.1549999999999974E+000	9.9410464444862301E-001
1.1599999999999973E+000	9.9386484575067335E-001
1.1649999999999971E+000	9.9364629435676810E-001
1.1699999999999970E+000	9.9344533683158998E-001
1.1749999999999969E+000	9.9326108370746580E-001
1.1799999999999968E+000	9.9309353793567956E-001
1.1849999999999967E+000	9.9294274830759521E-001
1.2049999999999963E+000	9.9250015355135890E-001
1.2099999999999962E+000	9.9242632320454183E-001
1.2149999999999961E+000	9.9236566348848521E-001
1.2199999999999960E+000	9.9231747230312428E-001
1.2249999999999959E+000	9.9228114068065976E-001
1.2299999999999958E+000	9.9225614830809039E-001
1.2349999999999957E+000	9.9224205961058798E-001
1.2399999999999956E+000	9.9223850443992490E-001
1.2449999999999954E+000	9.9224514557890564E-001
1.2499999999999953E+000	9.9226165008304235E-001
1.2549999999999952E+000	9.9228772867743165E-001
1.2599999999999951E+000	9.9232309347849412E-001
1.2649999999999950E+000	9.9236744548509725E-001
1.2699999999999949E+000	9.9252893389443053E-001
1.2749999999999948E+000	9.9254519750071646E-001
1.2799999999999947E+000	9.9258911037851483E-001
1.2849999999999946E+000	9.9264946713532320E-001
1.2899999999999945E+000	9.9272119061291986E-001
1.2949999999999944E+000	9.9280227696946233E-001
1.2999999999999943E+000	9.9289201511149383E-001
1.3049999999999942E+000	9.9299002243792867E-001
1.3099999999999941E+000	9.9309587665437171E-001
1.3149999999999940E+000	9.9320900184953964E-001
1.3649999999999929E+000	9.9457086238349279E-001
1.3699999999999928E+000	9.9471659643587040E-001
1.3749999999999927E+000	9.9486253579904815E-001
1.3799999999999926E+000	9.9500843739976907E-001
1.3849999999999925E+000	9.9515406756118197E-001
1.3899999999999924E+000	9.9529919624186525E-001
1.3949999999999922E+000	9.9544360556114520E-001
1.3999999999999921E+000	9.9558708750120617E-001
1.4049999999999920E+000	9.9572943368090572E-001
1.4099999999999919E+000	9.9587041774784912E-001
1.4149999999999918E+000	9.9600979800917067E-001
1.4199999999999917E+000	9.9614733678042633E-001
1.4249999999999916E+000	9.9628279743161186E-001
1.4299999999999915E+000	9.9641594614928142E-001
1.4349999999999914E+000	9.9654655240741130E-001
1.4399999999999913E+000	9.9667441555609615E-001
1.4449999999999912E+000	9.9679939552786045E-001
1.4499999999999911E+000	9.9692131245391169E-001
1.4549999999999910E+000	9.9703992416148024E-001
1.4599999999999909E+000	9.9715500962725145E-001
1.4649999999999908E+000	9.9726639058891098E-001
1.5249999999999895E+000	9.9827379013952067E-001
1.5299999999999894E+000	9.9832794289697790E-001
1.5349999999999893E+000	9.9837728790277303E-001
1.5399999999999892E+000	9.9842180593338936E-001
1.5449999999999890E+000	9.9846147508188865E-001
1.5499999999999889E+000	9.9849628476744434E-001
1.5549999999999888E+000	9.9852623443748167E-001
1.5599999999999887E+000	9.9855134487688302E-001
1.5649999999999886E+000	9.9857163506999724E-001
1.5699999999999885E+000	9.9858712663484950E-001
1.5749999999999884E+000	9.9859785642149679E-001
1.5799999999999883E+000	9.9860387506475057E-001
1.5849999999999882E+000	9.9860523708526805E-001
1.5899999999999881E+000	9.9860201255804792E-001
1.5949999999999880E+000	9.9859425876811581E-001
1.5999999999999879E+000	9.9858204116240756E-001
1.6049999999999878E+000	9.9856544002623437E-001
1.6099999999999877E+000	9.9854453966901868E-001
1.6149999999999876E+000	9.9851944489110478E-001
1.6199999999999875E+000	9.9849024380403062E-001
1.6249999999999873E+000	9.9845702847352547E-001
1.6299999999999872E+000	9.9841990878860809E-001
1.6349999999999871E+000	9.9837900091471521E-001
1.6399999999999870E+000	9.9833443233681596E-001
1.6449999999999869E+000	9.9828634396630189E-001
1.6499999999999868E+000	9.9823485106718457E-001
1.6549999999999867E+000	9.9818006677509097E-001
1.6599999999999866E+000	9.9812212566288905E-001
1.6649999999999865E+000	9.9806117136354433E-001
1.6699999999999864E+000	9.9799735469375661E-001
1.6749999999999863E+000	9.9793083712245223E-001
1.6799999999999862E+000	9.9786175645716479E-001
1.6849999999999861E+000	9.9779024864288934E-001
1.6899999999999860E+000	9.9771646791722368E-001
1.6949999999999859E+000	9.9764057507911463E-001
1.6999999999999857E+000	9.9756273660719719E-001
1.7049999999999856E+000	9.9748312800424221E-001
1.7099999999999855E+000	9.9740190011738261E-001
1.7149999999999854E+000	9.9731920058333512E-001
1.7199999999999853E+000	9.9723519408239047E-001
1.7249999999999852E+000	9.9715005279093949E-001
1.7299999999999851E+000	9.9706394822482713E-001
1.7349999999999850E+000	9.9697705982677509E-001
1.7399999999999849E+000	9.9688954560083898E-001
1.7449999999999848E+000	9.9680155969469031E-001
1.7499999999999847E+000	9.9671327072446103E-001
1.7549999999999846E+000	9.9662484769824211E-001
1.7599999999999845E+000	9.9653645563155779E-001
1.7649999999999844E+000	9.9644827096118138E-001
1.7699999999999843E+000	9.9636045470314938E-001
1.7749999999999841E+000	9.9627316053741310E-001
1.7799999999999840E+000	9.9618653949126201E-001
1.7849999999999839E+000	9.9610076036292194E-001
1.7899999999999838E+000	9.9601597529405839E-001
1.7949999999999837E+000	9.9593232166099499E-001
1.7999999999999836E+000	9.9584994840761154E-001
1.8049999999999835E+000	9.9576901079457114E-001
1.8099999999999834E+000	9.9568967090690341E-001
1.8149999999999833E+000	9.9561206779703859E-001
1.8199999999999832E+000	9.9553632047960061E-001
1.8249999999999831E+000	9.9546255647423698E-001
1.8299999999999830E+000	9.9539090603503322E-001
1.8349999999999829E+000	9.9532151282704673E-001
1.8399999999999828E+000	9.9525449172812253E-001
1.8449999999999827E+000	9.9518994335952160E-001
1.8499999999999825E+000	9.9512797330752756E-001
1.8549999999999824E+000	9.9506868447199703E-001
1.8599999999999823E+000	9.9501213867925897E-001
1.8649999999999822E+000	9.9495835325142035E-001
1.8699999999999821E+000	9.9490742752898176E-001
1.8749999999999820E+000	9.9485953641434588E-001
1.8799999999999819E+000	9.9481482832832502E-001
1.8849999999999818E+000	9.9477341736962277E-001
1.8899999999999817E+000	9.9473536061854828E-001
1.8949999999999816E+000	9.9470068550671464E-001
1.8999999999999815E+000	9.9466942329043095E-001
1.9049999999999814E+000	9.9464160551357661E-001
1.9099999999999813E+000	9.9461727784966802E-001
1.9149999999999812E+000	9.9459646246000610E-001
1.9199999999999811E+000	9.9457916856907169E-001
1.9249999999999809E+000	9.9456541552278144E-001
1.9299999999999808E+000	9.9455522234742499E-001
1.9349999999999807E+000	9.9454862078535933E-001
1.9399999999999806E+000	9.9454561645197370E-001
1.9449999999999805E+000	9.9454620248632764E-001
1.9499999999999804E+000	9.9455037693382564E-001
1.9549999999999803E+000	9.9455813522909875E-001
1.9599999999999802E+000	9.9456948428679692E-001
1.9649999999999801E+000	9.9458440668930104E-001
1.9699999999999800E+000	9.9460286510955864E-001
1.9749999999999799E+000	9.9462482983891787E-001
1.9799999999999798E+000	9.9465027230999103E-001
1.9849999999999797E+000	9.9467915552946673E-001
1.9899999999999796E+000	9.9471145205422540E-001
1.9949999999999795E+000	9.9474711477746469E-001
1.9999999999999793E+000	9.9478608519737710E-001
2.0049999999999795E+000	9.9482830320247562E-001
2.0099999999999794E+000	9.9487370498502603E-001
2.0149999999999793E+000	9.9492224211042202E-001
2.0199999999999791E+000	9.9497384549794865E-001
2.0249999999999790E+000	9.9502843230470828E-001
2.0299999999999789E+000	9.9508592604227863E-001
2.0349999999999788E+000	9.9514626088962088E-001
2.0399999999999787E+000	9.9520936159790185E-001
2.0449999999999786E+000	9.9527515937369926E-001
2.0499999999999785E+000	9.9534355947970665E-001
2.0549999999999784E+000	9.9541445578053800E-001
2.0599999999999783E+000	9.9548775308731141E-001
2.0649999999999782E+000	9.9556336614025309E-001
2.0699999999999781E+000	9.9564120222367380E-001
2.0749999999999780E+000	9.9572118422461009E-001
2.0799999999999779E+000	9.9580321501401647E-001
2.0849999999999778E+000	9.9588718485493100E-001
2.0899999999999777E+000	9.9597299271820849E-001
2.0949999999999775E+000	9.9606054416912249E-001
2.0999999999999774E+000	9.9614973824549391E-001
2.1049999999999773E+000	9.9624049160471173E-001
2.1099999999999772E+000	9.9633270097011128E-001
2.1149999999999771E+000	9.9642625132613727E-001
2.1149999999999771E+000	9.9647384584031951E-001
2.1199999999999770E+000	9.9654891029318149E-001
2.1249999999999769E+000	9.9663454072169255E-001
2.1299999999999768E+000	9.9672493356110325E-001
2.1349999999999767E+000	9.9681736901165618E-001
2.1399999999999766E+000	9.9691097021068353E-001
2.1449999999999765E+000	9.9700567316971200E-001
2.1499999999999764E+000	9.9710167827054164E-001
2.1549999999999763E+000	9.9719918920027739E-001
2.1599999999999762E+000	9.9729826308174452E-001
2.1649999999999761E+000	9.9739880021374772E-001
2.1699999999999759E+000	9.9750058731162539E-001
2.1749999999999758E+000	9.9760335706431891E-001
2.1799999999999757E+000	9.9770679032587317E-001
2.1849999999999756E+000	9.9781055887254810E-001
2.1899999999999755E+000	9.9791437303364172E-001
2.1949999999999754E+000	9.9801799496481447E-001
2.1999999999999753E+000	9.9812123319639823E-001
2.2049999999999752E+000	9.9822391844796510E-001
2.2099999999999751E+000	9.9832598268162864E-001
2.2149999999999750E+000	9.9842730184453310E-001
2.2199999999999749E+000	9.9852782764574766E-001
2.2249999999999748E+000	9.9862749476696977E-001
2.2299999999999747E+000	9.9872625750961919E-001
2.2349999999999746E+000	9.9882408554355229E-001
2.2399999999999745E+000	9.9892095103582657E-001
2.2449999999999743E+000	9.9901682326652930E-001
2.2499999999999742E+000	9.9911166872415080E-001
2.2549999999999741E+000	9.9920545179746334E-001
2.2599999999999740E+000	9.9929813671607803E-001
2.2649999999999739E+000	9.9938967923594835E-001
2.2699999999999738E+000	9.9948005959981467E-001
2.2749999999999737E+000	9.9956923716670487E-001
2.2799999999999736E+000	9.9965715805692135E-001
2.2849999999999735E+000	9.9974378094887728E-001
2.2899999999999734E+000	9.9982907628626305E-001
2.2949999999999733E+000	9.9991301588544046E-001
2.2999999999999732E+000	9.9999556937610024E-001
2.3049999999999731E+000	1.0000767059604323E+000
2.3099999999999730E+000	1.0001563956779134E+000
2.3149999999999729E+000	1.0002346102119812E+000
2.3199999999999728E+000	1.0003113230629519E+000
2.3249999999999726E+000	1.0003865199246291E+000
2.3299999999999725E+000	1.0004601690026171E+000
2.3349999999999724E+000	1.0005322193521728E+000
2.3399999999999723E+000	1.0006026413979972E+000
2.3449999999999722E+000	1.0006714401191288E+000
2.3499999999999721E+000	1.0007386288389131E+000
2.3549999999999720E+000	1.0008042144084501E+000
2.3599999999999719E+000	1.0008681911461603E+000
2.3649999999999718E+000	1.0009305506946318E+000
2.3699999999999717E+000	1.0009912888674801E+000
2.3749999999999716E+000	1.0010504051399436E+000
2.3799999999999715E+000	1.0011078677389651E+000
2.3849999999999714E+000	1.0011637657380099E+000
2.3899999999999713E+000	1.0012180656178393E+000
2.3949999999999712E+000	1.0012707734591042E+000
2.3999999999999710E+000	1.0013218928319658E+000
2.4049999999999709E+000	1.0013714341361790E+000
2.4099999999999708E+000	1.0014194067195838E+000
2.4149999999999707E+000	1.0014658161030550E+000
2.4199999999999706E+000	1.0015106671113143E+000
2.4249999999999705E+000	1.0015539666629620E+000
2.4299999999999704E+000	1.0015957292547490E+000
2.4349999999999703E+000	1.0016359722007211E+000
2.4399999999999702E+000	1.0016747160863293E+000
2.4449999999999701E+000	1.0017119826747258E+000
2.4499999999999700E+000	1.0017477989572789E+000
2.4549999999999699E+000	1.0017821941805112E+000
2.4599999999999698E+000	1.0018152002403244E+000
2.4649999999999697E+000	1.0018468487593637E+000
2.4699999999999696E+000	1.0018771749714288E+000
2.4749999999999694E+000	1.0019062149303211E+000
2.4799999999999693E+000	1.0019340056765518E+000
2.4849999999999692E+000	1.0019605835768566E+000
2.4899999999999691E+000	1.0019859823015018E+000
2.4949999999999690E+000	1.0020102394254757E+000
2.4999999999999689E+000	1.0020333929995542E+000
2.5049999999999688E+000	1.0020554773295169E+000
2.5099999999999687E+000	1.0020765241371437E+000
2.5149999999999686E+000	1.0020965656458474E+000
2.5199999999999685E+000	1.0021156383858005E+000
2.5249999999999684E+000	1.0021337780533135E+000
2.5299999999999683E+000	1.0021510214058158E+000
2.5349999999999682E+000	1.0021674069992224E+000
2.5399999999999681E+000	1.0021829734004957E+000
2.5449999999999680E+000	1.0021977624949470E+000
2.5499999999999678E+000	1.0022117963366957E+000
2.5549999999999677E+000	1.0022251401016740E+000
2.5599999999999676E+000	1.0022378100931828E+000
2.5649999999999675E+000	1.0022498074220061E+000
2.5699999999999674E+000	1.0022611609044065E+000
2.5749999999999673E+000	1.0022719218277705E+000
2.5799999999999672E+000	1.0022821429457469E+000
2.5849999999999671E+000	1.0022918627495780E+000
2.5899999999999670E+000	1.0023011105389785E+000
2.5949999999999669E+000	1.0023099139077845E+000
2.5999999999999668E+000	1.0023183021986308E+000
2.6049999999999667E+000	1.0023263049602813E+000
2.6099999999999666E+000	1.0023339502142483E+000
2.6149999999999665E+000	1.0023412639109126E+000
2.6199999999999664E+000	1.0023482709793488E+000
2.6249999999999662E+000	1.0023549959135878E+000
2.6299999999999661E+000	1.0023614630337268E+000
2.6349999999999660E+000	1.0023676963734287E+000
2.6399999999999659E+000	1.0023737194014966E+000
2.6449999999999658E+000	1.0023795550020973E+000
2.6499999999999657E+000	1.0023852251402192E+000
2.6549999999999656E+000	1.0023907510098806E+000
2.6599999999999655E+000	1.0023961528063818E+000
2.6649999999999654E+000	1.0024014497822962E+000
2.6699999999999653E+000	1.0024066615320928E+000
2.6749999999999652E+000	1.0024118036294991E+000
2.6799999999999651E+000	1.0024168894782433E+000
2.6849999999999650E+000	1.0024219337805811E+000
2.6899999999999649E+000	1.0024269523843907E+000
2.6949999999999648E+000	1.0024319602279264E+000
2.6999999999999647E+000	1.0024369696535980E+000
2.7049999999999645E+000	1.0024419905623438E+000
2.7099999999999644E+000	1.0024470310802780E+000
2.7149999999999643E+000	1.0024520984317418E+000
2.7199999999999642E+000	1.0024571992752194E+000
2.7249999999999641E+000	1.0024623397254846E+000
2.7299999999999640E+000	1.0024675254731941E+000
2.7349999999999639E+000	1.0024727615014957E+000
2.7399999999999638E+000	1.0024780519387104E+000
2.7449999999999637E+000	1.0024833998425748E+000
2.7499999999999636E+000	1.0024888069212885E+000
2.7549999999999635E+000	1.0024942736079252E+000
2.7599999999999634E+000	1.0024997988199029E+000
2.7649999999999633E+000	1.0025053795428394E+000
2.7699999999999632E+000	1.0025110121008920E+000
2.7749999999999631E+000	1.0025166922040922E+000
2.7799999999999629E+000	1.0025224144908043E+000
2.7849999999999628E+000	1.0025281727024180E+000
2.7899999999999627E+000	1.0025339597999836E+000
2.7949999999999626E+000	1.0025397683090245E+000
2.7999999999999625E+000	1.0025455899269469E+000
2.8049999999999624E+000	1.0025514158020419E+000
2.8099999999999623E+000	1.0025572364986535E+000
2.8149999999999622E+000	1.0025630421225284E+000
2.8199999999999621E+000	1.0025688222216564E+000
2.8249999999999620E+000	1.0025745657956509E+000
2.8299999999999619E+000	1.0025802612924175E+000
2.8349999999999618E+000	1.0025858967160763E+000
2.8399999999999617E+000	1.0025914597126087E+000
2.8449999999999616E+000	1.0025969377105031E+000
2.8499999999999615E+000	1.0026023176882741E+000
2.8549999999999613E+000	1.0026075860032164E+000
2.8599999999999612E+000	1.0026127284098578E+000
2.8649999999999611E+000	1.0026177302282799E+000
2.8699999999999610E+000	1.0026225765138859E+000
2.8749999999999609E+000	1.0026272519197688E+000
2.8799999999999608E+000	1.0026317408882568E+000
2.8849999999999607E+000	1.0026360275196209E+000
2.8899999999999606E+000	1.0026400957924140E+000
2.8949999999999605E+000	1.0026439294992588E+000
2.8999999999999604E+000	1.0026475123358711E+000
2.9049999999999603E+000	1.0026508278958945E+000
2.9099999999999602E+000	1.0026538598243318E+000
2.9149999999999601E+000	1.0026565916661720E+000
2.9199999999999600E+000	1.0026590070768089E+000
2.9249999999999599E+000	1.0026610896801880E+000
2.9299999999999597E+000	1.0026628232699553E+000
2.9349999999999596E+000	1.0026641918087638E+000
2.9399999999999595E+000	1.0026651792944885E+000
2.9449999999999594E+000	1.0026657700204347E+000
2.9499999999999593E+000	1.0026660157937031E+000
2.9549999999999592E+000	1.0026657681387403E+000
2.9599999999999591E+000	1.0026650779918307E+000
2.9649999999999590E+000	1.0026639306971343E+000
2.9699999999999589E+000	1.0026623118724109E+000
2.9749999999999588E+000	1.0026602075268607E+000
2.9799999999999587E+000	1.0026576040739021E+000
2.9849999999999586E+000	1.0026544883166322E+000
2.9899999999999585E+000	1.0026508475414992E+000
2.9949999999999584E+000	1.0026466693905074E+000
2.9999999999999583E+000	1.0026419420717931E+000
3.0049999999999581E+000	1.0026366541415987E+000
3.0099999999999580E+000	1.0026307946753694E+000
3.0149999999999579E+000	1.0026243533479708E+000
3.0199999999999578E+000	1.0026173202583850E+000
3.0249999999999577E+000	1.0026096861216067E+000
3.0299999999999576E+000	1.0026014420846572E+000
3.0349999999999575E+000	1.0025925796154187E+000
3.0399999999999574E+000	1.0025830909552165E+000
3.0449999999999573E+000	1.0025729691801417E+000
3.0499999999999572E+000	1.0025622077594769E+000
3.0549999999999571E+000	1.0025508003512669E+000
3.0599999999999570E+000	1.0025387412328648E+000
3.0649999999999569E+000	1.0025260257252944E+000
3.0699999999999568E+000	1.0025126500633337E+000
3.0749999999999567E+000	1.0024986112058849E+000
3.0799999999999566E+000	1.0024839066952351E+000
3.0849999999999564E+000	1.0024685347205828E+000
3.0899999999999563E+000	1.0024524939733452E+000
3.0949999999999562E+000	1.0024357838238933E+000
3.0999999999999561E+000	1.0024184042373343E+000
3.1049999999999560E+000	1.0024003557724406E+000
3.1099999999999559E+000	1.0023816396165595E+000
3.1149999999999558E+000	1.0023622575745428E+000
3.1199999999999557E+000	1.0023422120055794E+000
3.1249999999999556E+000	1.0023215059154380E+000
3.1299999999999555E+000	1.0023001429170166E+000
3.1349999999999554E+000	1.0022781271939174E+000
3.1399999999999553E+000	1.0022554634650125E+000
3.1449999999999552E+000	1.0022321571430859E+000
3.1499999999999551E+000	1.0022082141024029E+000
3.1549999999999550E+000	1.0021836408696141E+000
3.1599999999999548E+000	1.0021584444601861E+000
3.1649999999999547E+000	1.0021326324599378E+000
3.1699999999999546E+000	1.0021062129997136E+000
3.1749999999999545E+000	1.0020791947074896E+000
3.1799999999999544E+000	1.0020515865564055E+000
3.1849999999999543E+000	1.0020233978120185E+000
3.1899999999999542E+000	1.0019946379105842E+000
3.1949999999999541E+000	1.0019653173905878E+000
3.1999999999999540E+000	1.0019354476142168E+000
3.2049999999999539E+000	1.0019050409663224E+000
3.2099999999999538E+000	1.0018741092883312E+000
3.2149999999999537E+000	1.0018426641399851E+000
3.2199999999999536E+000	1.0018107175893527E+000
3.2249999999999535E+000	1.0017782823942722E+000
3.2299999999999534E+000	1.0017453719403040E+000
3.2349999999999532E+000	1.0017120000544908E+000
3.2399999999999531E+000	1.0016781809424398E+000
3.2449999999999530E+000	1.0016439291140706E+000
3.2499999999999529E+000	1.0016092592984855E+000
3.2549999999999528E+000	1.0015741864002330E+000
3.2599999999999527E+000	1.0015387256234463E+000
3.2649999999999526E+000	1.0015028922815914E+000
3.2699999999999525E+000	1.0014667018725505E+000
3.2749999999999524E+000	1.0014301727882333E+000
3.2799999999999523E+000	1.0013933258065109E+000
3.2849999999999522E+000	1.0013561794383714E+000
3.2899999999999521E+000	1.0013187484474591E+000
3.2949999999999520E+000	1.0012810455035615E+000
3.2999999999999519E+000	1.0012430830821724E+000
3.3049999999999518E+000	1.0012048749254596E+000
3.3099999999999516E+000	1.0011664361582140E+000
3.3149999999999515E+000	1.0011277828019929E+000
3.3199999999999514E+000	1.0010889311145037E+000
3.3249999999999513E+000	1.0010498972981452E+000
3.3299999999999512E+000	1.0010106978812323E+000
3.3349999999999511E+000	1.0009713496228736E+000
3.3399999999999510E+000	1.0009318731522550E+000
3.3449999999999509E+000	1.0008922890828464E+000
3.3499999999999508E+000	1.0008526161579065E+000
3.3549999999999507E+000	1.0008128686912596E+000
3.3599999999999506E+000	1.0007730589560251E+000
3.3649999999999505E+000	1.0007331991966320E+000
3.3699999999999504E+000	1.0006933028783047E+000
3.3749999999999503E+000	1.0006533849616288E+000
3.3799999999999502E+000	1.0006134654704595E+000
3.3849999999999500E+000	1.0005735603412103E+000
3.3899999999999499E+000	1.0005336846903814E+000
3.3949999999999498E+000	1.0004938609555309E+000
3.3999999999999497E+000	1.0004541106984268E+000
3.4049999999999496E+000	1.0004144484758810E+000
3.4099999999999495E+000	1.0003748820043348E+000
3.4149999999999494E+000	1.0003354168704344E+000
3.4199999999999493E+000	1.0002960601155420E+000
3.4249999999999492E+000	1.0002568209807858E+000
3.4299999999999491E+000	1.0002177106821324E+000
3.4349999999999490E+000	1.0001787418323715E+000
3.4399999999999489E+000	1.0001399328241907E+000
3.4449999999999488E+000	1.0001013053332195E+000
3.4499999999999487E+000	1.0000628770475959E+000
3.4549999999999486E+000	1.0000246599002960E+000
3.4599999999999485E+000	9.9998666292794658E-001
3.4649999999999483E+000	9.9994889451590430E-001
3.4699999999999482E+000	9.9991136388904311E-001
3.4749999999999481E+000	9.9987408116001963E-001
3.4799999999999480E+000	9.9983703755575581E-001
3.4849999999999479E+000	9.9980025872738043E-001
3.4899999999999478E+000	9.9976380301079426E-001
3.4949999999999477E+000	9.9972770473023309E-001
3.4999999999999476E+000	9.9969195203208205E-001
3.5049999999999475E+000	9.9965650894188263E-001
3.5099999999999474E+000	9.9962134407035586E-001
3.5149999999999473E+000	9.9958644356175597E-001
3.5199999999999472E+000	9.9955180845330704E-001
3.5249999999999471E+000	9.9951745336397724E-001
3.5299999999999470E+000	9.9948339833895239E-001
3.5349999999999469E+000	9.9944966443148298E-001
3.5399999999999467E+000	9.9941627222691920E-001
3.5449999999999466E+000	9.9938324153979230E-001
3.5499999999999465E+000	9.9935058984510694E-001
3.5549999999999464E+000	9.9931833058268493E-001
3.5599999999999463E+000	9.9928647229310141E-001
3.5649999999999462E+000	9.9925501982402443E-001
3.5699999999999461E+000	9.9922397487913972E-001
3.5749999999999460E+000	9.9919333732705762E-001
3.5799999999999459E+000	9.9916310592646829E-001
3.5849999999999458E+000	9.9913327907907368E-001
3.5899999999999457E+000	9.9910385509227884E-001
3.5949999999999456E+000	9.9907483257775320E-001
3.5999999999999455E+000	9.9904621061410126E-001
3.6049999999999454E+000	9.9901798885669613E-001
3.6099999999999453E+000	9.9899016750775504E-001
3.6149999999999451E+000	9.9896274734875745E-001
3.6199999999999450E+000	9.9893572957540322E-001
3.6249999999999449E+000	9.9890911566083451E-001
3.6299999999999448E+000	9.9888290725279261E-001
3.6349999999999447E+000	9.9885710604905276E-001
3.6399999999999446E+000	9.9883171378465274E-001
3.6449999999999445E+000	9.9880673197687075E-001
3.6499999999999444E+000	9.9878216197858527E-001
3.6549999999999443E+000	9.9875800484994171E-001
3.6599999999999442E+000	9.9873426141677868E-001
3.6649999999999441E+000	9.9871093209251827E-001
3.6699999999999440E+000	9.9868801697207488E-001
3.6749999999999439E+000	9.9866551584607910E-001
3.6799999999999438E+000	9.9864342811180384E-001
3.6849999999999437E+000	9.9862175288504129E-001
3.6899999999999435E+000	9.9860048901093001E-001
3.6949999999999434E+000	9.9857963659547599E-001
3.6999999999999433E+000	9.9855918959215539E-001
3.7049999999999432E+000	9.9853914677701150E-001
3.7099999999999431E+000	9.9851951072666112E-001
3.7149999999999430E+000	9.9850028213948783E-001
3.7199999999999429E+000	9.9848145207244621E-001
3.7249999999999428E+000	9.9846301584782249E-001
3.7299999999999427E+000	9.9844497571092461E-001
3.7349999999999426E+000	9.9842732763502506E-001
3.7399999999999425E+000	9.9841006761089446E-001
3.7449999999999424E+000	9.9839319616167566E-001
3.7499999999999423E+000	9.9837670779828658E-001
3.7549999999999422E+000	9.9836059774196040E-001
3.7599999999999421E+000	9.9834486711074066E-001
3.7649999999999419E+000	9.9832951727109442E-001
3.7699999999999418E+000	9.9831454602124348E-001
3.7749999999999417E+000	9.9829994320507631E-001
3.7799999999999416E+000	9.9828570402616612E-001
3.7849999999999415E+000	9.9827183141424680E-001
3.7899999999999414E+000	9.9825832905930922E-001
3.7949999999999413E+000	9.9824519127688938E-001
3.7999999999999412E+000	9.9823241196878287E-001
3.8049999999999411E+000	9.9821999130911143E-001
3.8099999999999410E+000	9.9820792518551593E-001
3.8149999999999409E+000	9.9819621074825926E-001
3.8199999999999408E+000	9.9818484897730042E-001
3.8249999999999407E+000	9.9817384063585757E-001
3.8299999999999406E+000	9.9816318230738821E-001
3.8349999999999405E+000	9.9815287008030817E-001
3.8399999999999403E+000	9.9814289608566686E-001
3.8449999999999402E+000	9.9813325855838564E-001
3.8499999999999401E+000	9.9812396094092193E-001
3.8549999999999400E+000	9.9811500514471185E-001
3.8599999999999399E+000	9.9810638797560292E-001
3.8649999999999398E+000	9.9809810521204545E-001
3.8699999999999397E+000	9.9809015026979675E-001
3.8749999999999396E+000	9.9808252160560262E-001
3.8799999999999395E+000	9.9807522187539888E-001
3.8849999999999394E+000	9.9806825154751677E-001
3.8899999999999393E+000	9.9806160906541341E-001
3.8949999999999392E+000	9.9805528836899016E-001
3.8999999999999391E+000	9.9804928747968746E-001
3.9049999999999390E+000	9.9804360869456332E-001
3.9099999999999389E+000	9.9803825247488454E-001
3.9149999999999388E+000	9.9803321598365791E-001
3.9199999999999386E+000	9.9802849607962574E-001
3.9249999999999385E+000	9.9802409214220444E-001
3.9299999999999384E+000	9.9802000098360288E-001
3.9349999999999383E+000	9.9801622210553864E-001
3.9399999999999382E+000	9.9801275801173184E-001
3.9449999999999381E+000	9.9800960910858183E-001
3.9499999999999380E+000	9.9800677262922277E-001
3.9549999999999379E+000	9.9800424571262547E-001
3.9599999999999378E+000	9.9800202709664176E-001
3.9649999999999377E+000	9.9800011723850302E-001
3.9699999999999376E+000	9.9799851387312111E-001
3.9749999999999375E+000	9.9799721660443796E-001
3.9799999999999374E+000	9.9799622789027276E-001
3.9849999999999373E+000	9.9799554847248273E-001
3.9899999999999372E+000	9.9799517590485809E-001
3.9949999999999370E+000	9.9799510777273803E-001
3.9999999999999369E+000	9.9799534303005721E-001
4.0049999999999368E+000	9.9799588208432888E-001
4.0099999999999367E+000	9.9799672323247890E-001
4.0149999999999366E+000	9.9799786628090725E-001
4.0199999999999365E+000	9.9799931376022755E-001
4.0249999999999364E+000	9.9800106655999155E-001
4.0299999999999363E+000	9.9800312264409485E-001
4.0349999999999362E+000	9.9800547996503031E-001
4.0399999999999361E+000	9.9800813769491858E-001
4.0449999999999360E+000	9.9801109649563036E-001
4.0499999999999359E+000	9.9801435520555937E-001
4.0549999999999358E+000	9.9801791384867111E-001
4.0599999999999357E+000	9.9802177467935183E-001
4.0649999999999356E+000	9.9802593833071618E-001
4.0699999999999354E+000	9.9803040283483035E-001
4.0749999999999353E+000	9.9803516593792396E-001
4.0799999999999352E+000	9.9804022723563679E-001
4.0849999999999351E+000	9.9804558567429980E-001
4.0899999999999350E+000	9.9805124136783374E-001
4.0949999999999349E+000	9.9805719635835854E-001
4.0999999999999348E+000	9.9806345114387529E-001
4.1049999999999347E+000	9.9807000353199682E-001
4.1099999999999346E+000	9.9807685132678903E-001
4.1149999999999345E+000	9.9808399385899937E-001
4.1199999999999344E+000	9.9809143007757672E-001
4.1249999999999343E+000	9.9809915983624298E-001
4.1299999999999342E+000	9.9810718471495918E-001
4.1349999999999341E+000	9.9811550492214829E-001
4.1399999999999340E+000	9.9812411804329459E-001
4.1449999999999338E+000	9.9813302152593486E-001
4.1499999999999337E+000	9.9814221431021177E-001
4.1549999999999336E+000	9.9815169529670955E-001
4.1599999999999335E+000	9.9816146372564862E-001
4.1649999999999334E+000	9.9817152071823800E-001
4.1699999999999333E+000	9.9818186583896729E-001
4.1749999999999332E+000	9.9819249629985707E-001
4.1799999999999331E+000	9.9820340914340533E-001
4.1849999999999330E+000	9.9821460273265239E-001
4.1899999999999329E+000	9.9822607552880538E-001
4.1949999999999328E+000	9.9823782631938007E-001
4.1999999999999327E+000	9.9824985551873513E-001
4.2049999999999326E+000	9.9826216200662266E-001
4.2099999999999325E+000	9.9827474251757908E-001
4.2149999999999324E+000	9.9828759356870012E-001
4.2199999999999322E+000	9.9830071285065236E-001
4.2249999999999321E+000	9.9831409849910768E-001
4.2299999999999320E+000	9.9832774858426432E-001
4.2349999999999319E+000	9.9834166274650404E-001
4.2399999999999318E+000	9.9835583934632977E-001
4.2449999999999317E+000	9.9837027441560722E-001
4.2499999999999316E+000	9.9838496394703746E-001
4.2549999999999315E+000	9.9839990496190012E-001
4.2599999999999314E+000	9.9841509507777881E-001
4.2649999999999313E+000	9.9843053174965313E-001
4.2699999999999312E+000	9.9844621380629583E-001
4.2749999999999311E+000	9.9846213890251390E-001
4.2799999999999310E+000	9.9847830259355752E-001
4.2849999999999309E+000	9.9849470015130970E-001
4.2899999999999308E+000	9.9851132790392749E-001
4.2949999999999307E+000	9.9852818316502212E-001
4.2999999999999305E+000	9.9854526256824960E-001
4.3049999999999304E+000	9.9856256417471445E-001
4.3099999999999303E+000	9.9858008514628072E-001
4.3149999999999302E+000	9.9859782025615351E-001
4.3199999999999301E+000	9.9861576435254151E-001
4.3249999999999300E+000	9.9863391333321161E-001
4.3299999999999299E+000	9.9865226358090164E-001
4.3349999999999298E+000	9.9867081174067251E-001
4.3399999999999297E+000	9.9868955351935218E-001
4.3449999999999296E+000	9.9870848616607910E-001
4.3499999999999295E+000	9.9872760588619891E-001
4.3549999999999294E+000	9.9874690711551450E-001
4.3599999999999293E+000	9.9876638391610650E-001
4.3649999999999292E+000	9.9878603172945457E-001
4.3699999999999291E+000	9.9880584651643589E-001
4.3749999999999289E+000	9.9882582389153840E-001
4.3799999999999288E+000	9.9884595970746259E-001
4.3849999999999287E+000	9.9886624888301312E-001
4.3899999999999286E+000	9.9888668793440427E-001
4.3949999999999285E+000	9.9890727248680489E-001
4.3999999999999284E+000	9.9892799637122187E-001
4.4049999999999283E+000	9.9894885322256277E-001
4.4099999999999282E+000	9.9896983800325190E-001
4.4149999999999281E+000	9.9899094609988492E-001
4.4199999999999280E+000	9.9901217316953450E-001
4.4249999999999279E+000	9.9903351377259453E-001
4.4249999999999279E+000	9.9909423226093219E-001
4.4299999999999278E+000	9.9909133322872234E-001
4.4349999999999277E+000	9.9909856557126075E-001
4.4399999999999276E+000	9.9911008078956720E-001
4.4449999999999275E+000	9.9912361510716297E-001
4.4499999999999273E+000	9.9913853441624112E-001
4.4549999999999272E+000	9.9915476231147782E-001
4.4599999999999271E+000	9.9917238003675801E-001
4.4649999999999270E+000	9.9919137207441855E-001
4.4699999999999269E+000	9.9921186562898234E-001
4.4749999999999268E+000	9.9923360605760503E-001
4.4799999999999267E+000	9.9925638653006033E-001
4.4849999999999266E+000	9.9927996592461743E-001
4.4899999999999265E+000	9.9930409916022733E-001
4.4949999999999264E+000	9.9932867454499585E-001
4.4999999999999263E+000	9.9935329476155088E-001
4.5049999999999262E+000	9.9937789616438211E-001
4.5099999999999261E+000	9.9940236955861272E-001
4.5149999999999260E+000	9.9942664039553375E-001
4.5199999999999259E+000	9.9945066568203944E-001
4.5249999999999257E+000	9.9947442977924927E-001
4.5299999999999256E+000	9.9949793687926780E-001
4.5349999999999255E+000	9.9952120414088497E-001
4.5399999999999254E+000	9.9954425540052450E-001
4.5449999999999253E+000	9.9956711606329118E-001
4.5499999999999252E+000	9.9958981090998233E-001
4.5549999999999251E+000	9.9961236269929121E-001
4.5599999999999250E+000	9.9963479155469370E-001
4.5649999999999249E+000	9.9965711475033525E-001
4.5699999999999248E+000	9.9967934675741055E-001
4.5749999999999247E+000	9.9970149931650032E-001
4.5799999999999246E+000	9.9972358115939053E-001
4.5849999999999245E+000	9.9974559872987667E-001
4.5899999999999244E+000	9.9976755603632450E-001
4.5949999999999243E+000	9.9978945517820561E-001
4.5999999999999241E+000	9.9981129633743882E-001
4.6049999999999240E+000	9.9983297771221935E-001
4.6099999999999239E+000	9.9985470054013359E-001
4.6149999999999238E+000	9.9987635744284997E-001
4.6199999999999237E+000	9.9989818012667830E-001
4.6249999999999236E+000	9.9991972322123224E-001
4.6299999999999235E+000	9.9994117786257697E-001
4.6349999999999234E+000	9.9996258609680599E-001
4.6399999999999233E+000	9.9998373849145628E-001
4.6449999999999232E+000	1.0000047733603821E+000
4.6499999999999231E+000	1.0000257322601334E+000
4.6549999999999230E+000	1.0000466270905930E+000
4.6599999999999229E+000	1.0000674452018099E+000
4.6649999999999228E+000	1.0000881653772369E+000
4.6699999999999227E+000	1.0001087681015703E+000
4.6749999999999226E+000	1.0001292380311990E+000
4.6799999999999224E+000	1.0001495647350325E+000
4.6849999999999223E+000	1.0001697426280047E+000
4.6899999999999222E+000	1.0001897698804147E+000
4.6949999999999221E+000	1.0002096473080200E+000
4.6999999999999220E+000	1.0002293767864705E+000
4.7049999999999219E+000	1.0002488909442864E+000
4.7099999999999218E+000	1.0002683330381288E+000
4.7149999999999217E+000	1.0002876276394359E+000
4.7199999999999216E+000	1.0003067727054100E+000
4.7249999999999215E+000	1.0003257604868092E+000
4.7299999999999214E+000	1.0003445834905245E+000
4.7349999999999213E+000	1.0003632354238614E+000
4.7399999999999212E+000	1.0003817077110857E+000
4.7449999999999211E+000	1.0003999931777678E+000
4.7499999999999210E+000	1.0004180814157060E+000
4.7549999999999208E+000	1.0004359647140451E+000
4.7599999999999207E+000	1.0004536377978006E+000
4.7649999999999206E+000	1.0004710950193265E+000
4.7699999999999205E+000	1.0004883333481860E+000
4.7749999999999204E+000	1.0005053474073227E+000
4.7799999999999203E+000	1.0005221350617046E+000
4.7849999999999202E+000	1.0005386973903772E+000
4.7899999999999201E+000	1.0005550366036500E+000
4.7949999999999200E+000	1.0005711499345651E+000
4.7999999999999199E+000	1.0005870381526560E+000
4.8049999999999198E+000	1.0006027051741169E+000
4.8099999999999197E+000	1.0006181521730984E+000
4.8149999999999196E+000	1.0006333722540837E+000
4.8199999999999195E+000	1.0006483640472226E+000
4.8249999999999194E+000	1.0006631351324935E+000
4.8299999999999192E+000	1.0006776939033428E+000
4.8349999999999191E+000	1.0006920441775988E+000
4.8399999999999190E+000	1.0007061860772861E+000
4.8449999999999189E+000	1.0007201185483692E+000
4.8499999999999188E+000	1.0007338409454158E+000
4.8549999999999187E+000	1.0007473523265507E+000
4.8599999999999186E+000	1.0007606516819840E+000
4.8649999999999185E+000	1.0007737380792947E+000
4.8699999999999184E+000	1.0007866108375505E+000
4.8749999999999183E+000	1.0007992692273289E+000
4.8799999999999182E+000	1.0008117121918634E+000
4.8849999999999181E+000	1.0008239382741282E+000
4.8899999999999180E+000	1.0008359457304898E+000
4.8949999999999179E+000	1.0008477323402989E+000
4.8999999999999178E+000	1.0008592957405718E+000
4.9049999999999176E+000	1.0008706333491433E+000
4.9099999999999175E+000	1.0008817427245971E+000
4.9149999999999174E+000	1.0008926212982141E+000
4.9199999999999173E+000	1.0009032667035533E+000
4.9249999999999172E+000	1.0009136766617104E+000
4.9299999999999171E+000	1.0009238493053521E+000
4.9349999999999170E+000	1.0009337830708911E+000
4.9399999999999169E+000	1.0009434763349687E+000
4.9449999999999168E+000	1.0009529278336466E+000
4.9499999999999167E+000	1.0009621362518510E+000
4.9549999999999166E+000	1.0009711007560194E+000
4.9599999999999165E+000	1.0009798206347889E+000
4.9649999999999164E+000	1.0009882952816653E+000
4.9699999999999163E+000	1.0009965240217304E+000
4.9749999999999162E+000	1.0010045065673063E+000
4.9799999999999160E+000	1.0010122424758210E+000
4.9849999999999159E+000	1.0010197314863429E+000
4.9899999999999158E+000	1.0010269734762069E+000
4.9949999999999157E+000	1.0010339682644647E+000
4.9999999999999156E+000	1.0010407158180015E+000
5.0049999999999155E+000	1.0010472160928909E+000
5.0099999999999154E+000	1.0010534692661437E+000
5.0149999999999153E+000	1.0010594764725007E+000
5.0199999999999152E+000	1.0010652376726468E+000
5.0249999999999151E+000	1.0010707519225448E+000
5.0299999999999150E+000	1.0010760198102195E+000
5.0349999999999149E+000	1.0010810426918835E+000
5.0399999999999148E+000	1.0010858215250349E+000
5.0449999999999147E+000	1.0010903568544771E+000
5.0499999999999146E+000	1.0010946489798944E+000
5.0549999999999145E+000	1.0010986982543826E+000
5.0599999999999143E+000	1.0011025050474047E+000
5.0649999999999142E+000	1.0011060697963197E+000
5.0699999999999141E+000	1.0011093929373973E+000
5.0749999999999140E+000	1.0011124750420128E+000
5.0799999999999139E+000	1.0011153167952536E+000
5.0849999999999138E+000	1.0011179187104675E+000
5.0899999999999137E+000	1.0011202816927121E+000
5.0949999999999136E+000	1.0011224064287851E+000
5.0999999999999135E+000	1.0011242937687399E+000
5.1049999999999134E+000	1.0011259446823837E+000
5.1099999999999133E+000	1.0011273600578676E+000
5.1149999999999132E+000	1.0011285408200912E+000
5.1199999999999131E+000	1.0011294879890271E+000
5.1249999999999130E+000	1.0011302023847395E+000
5.1299999999999129E+000	1.0011306849284101E+000
5.1349999999999127E+000	1.0011309365025278E+000
5.1399999999999126E+000	1.0011309581319798E+000
5.1449999999999125E+000	1.0011307506308755E+000
5.1499999999999124E+000	1.0011303148717530E+000
5.1549999999999123E+000	1.0011296516326276E+000
5.1599999999999122E+000	1.0011287619949192E+000
5.1649999999999121E+000	1.0011276468724768E+000
5.1699999999999120E+000	1.0011263073385699E+000
5.1749999999999119E+000	1.0011247443748839E+000
5.1799999999999118E+000	1.0011229592377378E+000
5.1849999999999117E+000	1.0011209527760230E+000
5.1899999999999116E+000	1.0011187262492880E+000
5.1949999999999115E+000	1.0011162807798990E+000
5.1999999999999114E+000	1.0011136176083473E+000
5.2049999999999113E+000	1.0011107378901665E+000
5.2099999999999111E+000	1.0011076429221686E+000
5.2149999999999110E+000	1.0011043339753272E+000
5.2199999999999109E+000	1.0011008124088892E+000
5.2249999999999108E+000	1.0010970795923981E+000
5.2299999999999107E+000	1.0010931370124356E+000
5.2349999999999106E+000	1.0010889859693397E+000
5.2399999999999105E+000	1.0010846279989856E+000
5.2449999999999104E+000	1.0010800646582609E+000
5.2499999999999103E+000	1.0010752974399826E+000
5.2549999999999102E+000	1.0010703279369682E+000
5.2599999999999101E+000	1.0010651577342859E+000
5.2649999999999100E+000	1.0010597884793773E+000
5.2699999999999099E+000	1.0010542218576841E+000
5.2749999999999098E+000	1.0010484595411857E+000
5.2799999999999097E+000	1.0010425032215735E+000
5.2849999999999095E+000	1.0010363547024608E+000
5.2899999999999094E+000	1.0010300156890803E+000
5.2949999999999093E+000	1.0010234879502715E+000
5.2999999999999092E+000	1.0010167733968620E+000
5.3049999999999091E+000	1.0010098738297923E+000
5.3099999999999090E+000	1.0010027911026498E+000
5.3149999999999089E+000	1.0009955270667874E+000
5.3199999999999088E+000	1.0009880837625917E+000
5.3249999999999087E+000	1.0009804630709214E+000
5.3299999999999086E+000	1.0009726669255392E+000
5.3349999999999085E+000	1.0009646973416442E+000
5.3399999999999084E+000	1.0009565563502756E+000
5.3449999999999083E+000	1.0009482459864310E+000
5.3499999999999082E+000	1.0009397682820809E+000
5.3549999999999081E+000	1.0009311254498572E+000
5.3599999999999079E+000	1.0009223194583274E+000
5.3649999999999078E+000	1.0009133524701719E+000
5.3699999999999077E+000	1.0009042267256412E+000
5.3749999999999076E+000	1.0008949443263435E+000
5.3799999999999075E+000	1.0008855075491092E+000
5.3849999999999074E+000	1.0008759185384499E+000
5.3899999999999073E+000	1.0008661796246869E+000
5.3949999999999072E+000	1.0008562961918315E+000
5.3999999999999071E+000	1.0008462750861522E+000
5.4049999999999070E+000	1.0008361203362690E+000
5.4099999999999069E+000	1.0008258317925609E+000
5.4149999999999068E+000	1.0008154076982181E+000
5.4199999999999067E+000	1.0008048467672790E+000
5.4249999999999066E+000	1.0007941495905457E+000
5.4299999999999065E+000	1.0007833179019170E+000
5.4349999999999064E+000	1.0007723542245848E+000
5.4399999999999062E+000	1.0007612610434977E+000
5.4449999999999061E+000	1.0007500411062920E+000
5.4499999999999060E+000	1.0007386966965468E+000
5.4549999999999059E+000	1.0007272303075128E+000
5.4599999999999058E+000	1.0007156443609873E+000
5.4649999999999057E+000	1.0007039413561254E+000
5.4699999999999056E+000	1.0006921240772453E+000
5.4749999999999055E+000	1.0006801950848396E+000
5.4799999999999054E+000	1.0006681571222424E+000
5.4849999999999053E+000	1.0006560077020630E+000
5.4899999999999052E+000	1.0006437493113378E+000
5.4949999999999051E+000	1.0006313919977576E+000
5.4999999999999050E+000	1.0006189454422265E+000
5.5049999999999049E+000	1.0006064147811924E+000
5.5099999999999048E+000	1.0005938010115210E+000
5.5149999999999046E+000	1.0005811035416625E+000
5.5199999999999045E+000	1.0005683213456513E+000
5.5249999999999044E+000	1.0005554540700008E+000
5.5299999999999043E+000	1.0005425028258099E+000
5.5349999999999042E+000	1.0005294698046849E+000
5.5399999999999041E+000	1.0005163584573198E+000
5.5449999999999040E+000	1.0005031731660432E+000
5.5499999999999039E+000	1.0004899189305374E+000
5.5549999999999038E+000	1.0004766006399040E+000
5.5599999999999037E+000	1.0004632227755670E+000
5.5649999999999036E+000	1.0004497896353337E+000
5.5699999999999035E+000	1.0004363046298923E+000
5.5749999999999034E+000	1.0004227710083358E+000
5.5799999999999033E+000	1.0004091959656987E+000
5.5849999999999032E+000	1.0003955893000769E+000
5.5899999999999030E+000	1.0003819572914971E+000
5.5949999999999029E+000	1.0003682985994398E+000
5.5999999999999028E+000	1.0003546087328907E+000
5.6049999999999027E+000	1.0003408836283885E+000
5.6099999999999026E+000	1.0003271215627647E+000
5.6149999999999025E+000	1.0003133233476655E+000
5.6199999999999024E+000	1.0002994910939726E+000
5.6249999999999023E+000	1.0002856277638732E+000
5.6299999999999022E+000	1.0002717364499918E+000
5.6349999999999021E+000	1.0002578205559451E+000
5.6399999999999020E+000	1.0002438834121046E+000
5.6449999999999019E+000	1.0002299281590947E+000
5.6499999999999018E+000	1.0002159582482082E+000
5.6549999999999017E+000	1.0002019768939343E+000
5.6599999999999016E+000	1.0001879875673707E+000
5.6649999999999014E+000	1.0001739936018978E+000
5.6699999999999013E+000	1.0001599984364833E+000
5.6749999999999012E+000	1.0001460057282654E+000
5.6799999999999011E+000	1.0001320188298473E+000
5.6849999999999010E+000	1.0001180413189719E+000
5.6899999999999009E+000	1.0001040765365650E+000
5.6949999999999008E+000	1.0000901278036010E+000
5.6999999999999007E+000	1.0000761983666346E+000
5.7049999999999006E+000	1.0000622910697348E+000
5.7099999999999005E+000	1.0000484116332875E+000
5.7149999999999004E+000	1.0000345609616388E+000
5.7199999999999003E+000	1.0000207368015968E+000
5.7249999999999002E+000	1.0000069442354782E+000
5.7299999999999001E+000	9.9999318789960079E-001
5.7349999999999000E+000	9.9997946737138110E-001
5.7399999999998998E+000	9.9996578285543125E-001
5.7449999999998997E+000	9.9995213810596795E-001
5.7499999999998996E+000	9.9993853783041886E-001
5.7549999999998995E+000	9.9992498521550865E-001
5.7599999999998994E+000	9.9991146276287568E-001
5.7649999999998993E+000	9.9989799988867167E-001
5.7699999999998992E+000	9.9988461887936286E-001
5.7749999999998991E+000	9.9987131273708840E-001
5.7799999999998990E+000	9.9985808550850641E-001
5.7849999999998989E+000	9.9984493929737783E-001
5.7899999999998988E+000	9.9983185914906758E-001
5.7949999999998987E+000	9.9981882222506879E-001
5.7999999999998986E+000	9.9980581252483136E-001
5.8049999999998985E+000	9.9979282812005654E-001
5.8099999999998984E+000	9.9977987999327556E-001
5.8149999999998983E+000	9.9976698790948770E-001
5.8199999999998981E+000	9.9975417653384224E-001
5.8249999999998980E+000	9.9974147102479161E-001
5.8299999999998979E+000	9.9972889146299249E-001
5.8349999999998978E+000	9.9971645031488943E-001
5.8399999999998977E+000	9.9970415286695968E-001
5.8449999999998976E+000	9.9969199755678129E-001
5.8499999999998975E+000	9.9967997693737698E-001
5.8549999999998974E+000	9.9966807889558518E-001
5.8599999999998973E+000	9.9965628901619019E-001
5.8649999999998972E+000	9.9964459190760913E-001
5.8699999999998971E+000	9.9963297382802185E-001
5.8749999999998970E+000	9.9962142316328340E-001
5.8799999999998969E+000	9.9960993196734504E-001
5.8849999999998968E+000	9.9959849626758901E-001
5.8899999999998967E+000	9.9958711045023163E-001
5.8949999999998965E+000	9.9957577799617048E-001
5.8999999999998964E+000	9.9956451311455352E-001
5.9049999999998963E+000	9.9955332999313240E-001
5.9099999999998962E+000	9.9954223101553674E-001
5.9149999999998961E+000	9.9953121911858944E-001
5.9199999999998960E+000	9.9952030416805770E-001
5.9249999999998959E+000	9.9950949800406874E-001
5.9299999999998958E+000	9.9949881026696907E-001
5.9349999999998957E+000	9.9948824822673132E-001
5.9399999999998956E+000	9.9947781774375810E-001
5.9449999999998955E+000	9.9946752395155558E-001
5.9499999999998954E+000	9.9945737086422004E-001
5.9549999999998953E+000	9.9944736181401839E-001
5.9599999999998952E+000	9.9943749902814483E-001
5.9649999999998951E+000	9.9942778423742462E-001
5.9699999999998949E+000	9.9941821856153124E-001
5.9749999999998948E+000	9.9940880245412456E-001
5.9799999999998947E+000	9.9939953615065213E-001
5.9849999999998946E+000	9.9939041905734527E-001
5.9899999999998945E+000	9.9938145060989525E-001
5.9949999999998944E+000	9.9937262996015885E-001
5.9999999999998943E+000	9.9936395612602236E-001
6.0049999999998942E+000	9.9935542817047596E-001
6.0099999999998941E+000	9.9934704521651030E-001
6.0149999999998940E+000	9.9933880650961582E-001
6.0199999999998939E+000	9.9933071153754294E-001
6.0249999999998938E+000	9.9932275988221697E-001
6.0299999999998937E+000	9.9931495155281580E-001
6.0349999999998936E+000	9.9930728648201828E-001
6.0399999999998935E+000	9.9929976500291928E-001
6.0449999999998933E+000	9.9929238755574645E-001
6.0499999999998932E+000	9.9928515470714019E-001
6.0549999999998931E+000	9.9927806714949563E-001
6.0599999999998930E+000	9.9927112560790354E-001
6.0649999999998929E+000	9.9926433092224021E-001
6.0699999999998928E+000	9.9925768388481773E-001
6.0749999999998927E+000	9.9925118538978441E-001
6.0799999999998926E+000	9.9924483612159909E-001
6.0849999999998925E+000	9.9923863697635773E-001
6.0899999999998924E+000	9.9923258861997954E-001
6.0949999999998923E+000	9.9922669171434464E-001
6.0999999999998922E+000	9.9922094715135223E-001
6.1049999999998921E+000	9.9921535531237549E-001
6.1099999999998920E+000	9.9920991671081993E-001
6.1149999999998919E+000	9.9920463199121168E-001
6.1199999999998917E+000	9.9919950165281068E-001
6.1249999999998916E+000	9.9919452600332426E-001
6.1299999999998915E+000	9.9918970543572594E-001
6.1349999999998914E+000	9.9918504031966959E-001
6.1399999999998913E+000	9.9918053097333059E-001
6.1449999999998912E+000	9.9917617760598387E-001
6.1499999999998911E+000	9.9917198046886302E-001
6.1549999999998910E+000	9.9916793975986040E-001
6.1599999999998909E+000	9.9916405559949362E-001
6.1649999999998908E+000	9.9916032815117872E-001
6.1699999999998907E+000	9.9915675735089304E-001
6.1749999999998906E+000	9.9915334338440220E-001
6.1799999999998905E+000	9.9915008624345192E-001
6.1849999999998904E+000	9.9914698569538829E-001
6.1899999999998903E+000	9.9914404180478322E-001
6.1949999999998902E+000	9.9914125437855761E-001
6.1999999999998900E+000	9.9913862330589187E-001
6.2049999999998899E+000	9.9913614833740805E-001
6.2099999999998898E+000	9.9913382930220207E-001
6.2149999999998897E+000	9.9913166593507186E-001
6.2199999999998896E+000	9.9912965789609309E-001
6.2249999999998895E+000	9.9912780492673081E-001
6.2299999999998894E+000	9.9912610668267343E-001
6.2349999999998893E+000	9.9912456273865180E-001
6.2399999999998892E+000	9.9912317274762152E-001
6.2449999999998891E+000	9.9912193636151136E-001
6.2499999999998890E+000	9.9912085297188602E-001
6.2549999999998889E+000	9.9911992240658898E-001
6.2599999999998888E+000	9.9911914398074009E-001
6.2649999999998887E+000	9.9911851733327151E-001
6.2699999999998886E+000	9.9911804188237907E-001
6.2749999999998884E+000	9.9911771709483643E-001
6.2799999999998883E+000	9.9911754245445827E-001
6.2849999999998882E+000	9.9911751741233801E-001
6.2899999999998881E+000	9.9911764136443382E-001
6.2949999999998880E+000	9.9911791372734549E-001
6.2999999999998879E+000	9.9911833387237592E-001
6.3049999999998878E+000	9.9911890133719483E-001
6.3099999999998877E+000	9.9911961521924342E-001
6.3149999999998876E+000	9.9912047491103140E-001
6.3199999999998875E+000	9.9912147969241527E-001
6.3249999999998874E+000	9.9912262886967562E-001
6.3299999999998873E+000	9.9912392176378639E-001
6.3349999999998872E+000	9.9912535760158938E-001
6.3399999999998871E+000	9.9912693554755005E-001
6.3449999999998870E+000	9.9912865505079196E-001
6.3499999999998868E+000	9.9913051505770567E-001
6.3549999999998867E+000	9.9913251479674392E-001
6.3599999999998866E+000	9.9913465333666207E-001
6.3649999999998865E+000	9.9913692984001390E-001
6.3699999999998864E+000	9.9913934344363819E-001
6.3749999999998863E+000	9.9914189311721646E-001
6.3799999999998862E+000	9.9914457787793531E-001
6.3849999999998861E+000	9.9914739668215224E-001
6.3899999999998860E+000	9.9915034859618945E-001
6.3949999999998859E+000	9.9915343236140897E-001
6.3999999999998858E+000	9.9915664719130004E-001
6.4049999999998857E+000	9.9915999164841651E-001
6.4099999999998856E+000	9.9916346479940876E-001
6.4149999999998855E+000	9.9916706537351230E-001
6.4199999999998854E+000	9.9917079229568184E-001
6.4249999999998852E+000	9.9917464425835489E-001
6.4299999999998851E+000	9.9917862005736713E-001
6.4349999999998850E+000	9.9918271842440620E-001
6.4399999999998849E+000	9.9918693813374482E-001
6.4449999999998848E+000	9.9919127775474326E-001
6.4499999999998847E+000	9.9919573616969759E-001
6.4549999999998846E+000	9.9920031185907376E-001
6.4599999999998845E+000	9.9920500345724350E-001
6.4649999999998844E+000	9.9920980975013252E-001
6.4699999999998843E+000	9.9921472912651321E-001
6.4749999999998842E+000	9.9921976040359284E-001
6.4799999999998841E+000	9.9922490193041891E-001
6.4849999999998840E+000	9.9923015331594089E-001
6.4899999999998839E+000	9.9923551355185425E-001
6.4949999999998838E+000	9.9924098009204720E-001
6.4999999999998836E+000	9.9924655100902715E-001
6.5049999999998835E+000	9.9925222551927551E-001
6.5099999999998834E+000	9.9925800281227017E-001
6.5149999999998833E+000	9.9926388141303102E-001
6.5199999999998832E+000	9.9926985964401149E-001
6.5249999999998831E+000	9.9927593534471226E-001
6.5299999999998830E+000	9.9928210678328844E-001
6.5349999999998829E+000	9.9928837251872871E-001
6.5399999999998828E+000	9.9929473003719416E-001
6.5449999999998827E+000	9.9930117764162374E-001
6.5499999999998826E+000	9.9930771512854122E-001
6.5549999999998825E+000	9.9931434126619700E-001
6.5599999999998824E+000	9.9932105360943679E-001
6.5649999999998823E+000	9.9932784968707877E-001
6.5699999999998822E+000	9.9933472747569319E-001
6.5749999999998820E+000	9.9934168543518798E-001
6.5799999999998819E+000	9.9934872205853420E-001
6.5849999999998818E+000	9.9935583569501585E-001
6.5899999999998817E+000	9.9936302420854306E-001
6.5949999999998816E+000	9.9937028545763895E-001
6.5999999999998815E+000	9.9937761739287689E-001
6.6049999999998814E+000	9.9938501780399225E-001
6.6099999999998813E+000	9.9939248477510190E-001
6.6149999999998812E+000	9.9940001644428067E-001
6.6199999999998811E+000	9.9940761118417454E-001
6.6249999999998810E+000	9.9941526758376198E-001
6.6299999999998809E+000	9.9942298414961250E-001
6.6349999999998808E+000	9.9943075956219596E-001
6.6399999999998807E+000	9.9943859260996204E-001
6.6449999999998806E+000	9.9944648192913133E-001
6.6499999999998805E+000	9.9945442611106561E-001
6.6499999999998805E+000	9.9955202267073417E-001
6.6549999999998803E+000	9.9952036254936560E-001
6.6599999999998802E+000	9.9950468318049468E-001
6.6649999999998801E+000	9.9949643397538379E-001
6.6699999999998800E+000	9.9949163538239083E-001
6.6749999999998799E+000	9.9948921641213839E-001
6.6799999999998798E+000	9.9948885741155769E-001
6.6849999999998797E+000	9.9949053193199378E-001
6.6899999999998796E+000	9.9949425444647355E-001
6.6949999999998795E+000	9.9949996238977623E-001
6.6999999999998794E+000	9.9950748442816972E-001
6.7049999999998793E+000	9.9951655636184078E-001
6.7099999999998792E+000	9.9952685456613399E-001
6.7149999999998791E+000	9.9953803552354459E-001
6.7199999999998790E+000	9.9954976996033773E-001
6.7249999999998789E+000	9.9956176831410803E-001
6.7299999999998787E+000	9.9957379453638939E-001
6.7349999999998786E+000	9.9958567091074046E-001
6.7399999999998785E+000	9.9959727575529467E-001
6.7449999999998784E+000	9.9960853716261044E-001
6.7499999999998783E+000	9.9961942344642085E-001
6.7549999999998782E+000	9.9962993339398243E-001
6.7599999999998781E+000	9.9964008707439689E-001
6.7649999999998780E+000	9.9964991786086543E-001
6.7699999999998779E+000	9.9965946598985478E-001
6.7749999999998778E+000	9.9966877360784467E-001
6.7799999999998777E+000	9.9967788188475759E-001
6.7849999999998776E+000	9.9968682870608405E-001
6.7899999999998775E+000	9.9969564765634200E-001
6.7949999999998774E+000	9.9970436789862271E-001
6.7999999999998773E+000	9.9971301390697143E-001
6.8049999999998771E+000	9.9972160588235415E-001
6.8099999999998770E+000	9.9973015981021274E-001
6.8149999999998769E+000	9.9973868969170843E-001
6.8199999999998768E+000	9.9974720565631725E-001
6.8249999999998767E+000	9.9975571396536966E-001
6.8299999999998766E+000	9.9976421938932081E-001
6.8349999999998765E+000	9.9977272605314416E-001
6.8399999999998764E+000	9.9978123652096573E-001
6.8449999999998763E+000	9.9978975148656191E-001
6.8499999999998762E+000	9.9979827035809687E-001
6.8549999999998761E+000	9.9980679218703472E-001
6.8599999999998760E+000	9.9981531509496802E-001
6.8649999999998759E+000	9.9982383722706514E-001
6.8699999999998758E+000	9.9983235648476887E-001
6.8749999999998757E+000	9.9984087052107662E-001
6.8799999999998755E+000	9.9984937671461571E-001
6.8849999999998754E+000	9.9985787271276294E-001
6.8899999999998753E+000	9.9986634761748006E-001
6.8949999999998752E+000	9.9987480292768049E-001
6.8999999999998751E+000	9.9988323998129625E-001
6.9049999999998750E+000	9.9989166546173291E-001
6.9099999999998749E+000	9.9990005053138531E-001
6.9149999999998748E+000	9.9990837666161902E-001
6.9199999999998747E+000	9.9991663494892957E-001
6.9249999999998746E+000	9.9992484097913137E-001
6.9299999999998745E+000	9.9993302674393636E-001
6.9349999999998744E+000	9.9994121453818718E-001
6.9399999999998743E+000	9.9994940207405503E-001
6.9449999999998742E+000	9.9995756953008619E-001
6.9499999999998741E+000	9.9996569409291491E-001
6.9549999999998739E+000	9.9997375884910911E-001
6.9599999999998738E+000	9.9998175466862460E-001
6.9649999999998737E+000	9.9998967889513279E-001
6.9699999999998736E+000	9.9999753358316568E-001
6.9749999999998735E+000	1.0000053240015705E+000
6.9799999999998734E+000	1.0000130570549191E+000
6.9849999999998733E+000	1.0000207397857783E+000
6.9899999999998732E+000	1.0000283784314643E+000
6.9949999999998731E+000	1.0000359773259544E+000
6.9999999999998730E+000	1.0000435386382089E+000

 
