Grouping:(0, 0)-Ainit
# x 	 y
0.0000000000000000E+000	-2.4015977377053299E-002
2.5000000000000001E-003	-2.3969943036940444E-002
5.0000000000000001E-003	-2.3674100405157716E-002
7.4999999999999997E-003	-2.3558296047735294E-002
1.0000000000000000E-002	-2.3591547562057724E-002
1.2500000000000001E-002	-2.3607665806547717E-002
1.5000000000000001E-002	-2.3586166802057273E-002
1.7500000000000002E-002	-2.3384983694252903E-002
2.0000000000000000E-002	-2.3405996269570739E-002
2.2499999999999999E-002	-2.3448730111111038E-002
2.4999999999999998E-002	-2.3355748512154162E-002
2.7499999999999997E-002	-2.3398153341717687E-002
2.9999999999999995E-002	-2.3368871067949604E-002
3.2499999999999994E-002	-2.3556560767852286E-002
3.4999999999999996E-002	-2.3177895471388821E-002
3.7499999999999999E-002	-2.3173336265291389E-002
4.0000000000000001E-002	-2.3153171270255291E-002
4.2500000000000003E-002	-2.3131217193304354E-002
4.5000000000000005E-002	-2.3086757756123011E-002
4.7500000000000007E-002	-2.3035860784202944E-002
5.0000000000000010E-002	-2.2971769690641963E-002
5.2500000000000012E-002	-2.2885500489280730E-002
5.5000000000000014E-002	-2.2780569845721299E-002
5.7500000000000016E-002	-2.2660988464300202E-002
6.0000000000000019E-002	-2.2532006342538380E-002
6.2500000000000014E-002	-2.2394752218342751E-002
6.5000000000000016E-002	-2.2252336178225862E-002
6.7500000000000018E-002	-2.2108429626006454E-002
7.0000000000000021E-002	-2.1965618230538553E-002
7.2500000000000023E-002	-2.1824841059677191E-002
7.5000000000000025E-002	-2.1688526381452911E-002
7.7500000000000027E-002	-2.1559172046040853E-002
8.0000000000000029E-002	-2.1475467724900166E-002
8.2500000000000032E-002	-2.1512924608781403E-002
8.5000000000000034E-002	-2.1565619210601183E-002
8.7500000000000036E-002	-2.1363729571028500E-002
9.0000000000000038E-002	-2.1066859531026827E-002
9.2500000000000041E-002	-1.9923198344487414E-002
9.5000000000000043E-002	-2.0895984163689540E-002
9.7500000000000045E-002	-2.0544716504994454E-002
1.0000000000000005E-001	-2.0457737392193143E-002
1.0250000000000005E-001	-2.0196733425407842E-002
1.0500000000000005E-001	-1.9315265745354915E-002
1.0750000000000005E-001	-1.9141615596495298E-002
1.1000000000000006E-001	-1.8965114594739596E-002
1.1250000000000006E-001	-1.8790911867379134E-002
1.1500000000000006E-001	-1.8619071424779920E-002
1.1750000000000006E-001	-1.8448786939018413E-002
1.2000000000000006E-001	-1.8279309929296605E-002
1.2250000000000007E-001	-1.8109870956557250E-002
1.2500000000000006E-001	-1.7939655929154696E-002
1.2750000000000006E-001	-1.7767797855973488E-002
1.3000000000000006E-001	-1.7593411154617766E-002
1.3250000000000006E-001	-1.7492913507050400E-002
1.3500000000000006E-001	-1.7306519472545689E-002
1.3750000000000007E-001	-1.7094111887700159E-002
1.4000000000000007E-001	-1.6889765726196937E-002
1.4250000000000007E-001	-1.6692838307182711E-002
1.4500000000000007E-001	-1.6502808009100201E-002
1.4750000000000008E-001	-1.6319153337659209E-002
1.5000000000000008E-001	-1.6141553103732553E-002
1.5250000000000008E-001	-1.5969693432441923E-002
1.5500000000000008E-001	-1.5803321324377895E-002
1.5750000000000008E-001	-1.5642155041731276E-002
1.6000000000000009E-001	-1.5479297924235746E-002
1.6250000000000009E-001	-1.5329311433652237E-002
1.6500000000000009E-001	-1.5183359083986270E-002
1.6750000000000009E-001	-1.5041105127063248E-002
1.7000000000000010E-001	-1.4902298183250839E-002
1.7250000000000010E-001	-1.4766976150499489E-002
1.7500000000000010E-001	-1.4634817439615144E-002
1.7750000000000010E-001	-1.3985111415157570E-002
1.8000000000000010E-001	-1.3832273789010419E-002
1.8250000000000011E-001	-1.3820229781310811E-002
1.8500000000000011E-001	-1.3587970031945451E-002
1.8750000000000011E-001	-1.3543114274542467E-002
1.9000000000000011E-001	-1.3039816351343103E-002
1.9250000000000012E-001	-1.3726831319273325E-002
1.9500000000000012E-001	-1.3450647994630693E-002
1.9750000000000012E-001	-1.3199298712074814E-002
2.0000000000000012E-001	-1.2863921801996026E-002
2.0250000000000012E-001	-1.2311904504664462E-002
2.0500000000000013E-001	-1.3334771303345150E-002
2.0750000000000013E-001	-1.3211017681194259E-002
2.1000000000000013E-001	-1.3091118474377605E-002
2.1250000000000013E-001	-1.2970217289343555E-002
2.1500000000000014E-001	-1.2849931301606943E-002
2.1750000000000014E-001	-1.2732128620276062E-002
2.2000000000000014E-001	-1.2592192090518095E-002
2.2250000000000014E-001	-1.2480768544532284E-002
2.2500000000000014E-001	-1.2336505718118507E-002
2.2750000000000015E-001	-1.2206680189406960E-002
2.3000000000000015E-001	-1.2010810932761684E-002
2.3250000000000015E-001	-1.1661474689441564E-002
2.3500000000000015E-001	-1.2192991209658777E-002
2.3750000000000016E-001	-1.2119033823185910E-002
2.4000000000000016E-001	-1.1995176071666447E-002
2.4250000000000016E-001	-1.1322796816601199E-002
2.4500000000000016E-001	-1.1106214450488872E-002
2.4750000000000016E-001	-1.1136320480588546E-002
2.5000000000000017E-001	-1.1025487570882508E-002
2.5250000000000017E-001	-1.0961712458044448E-002
2.5500000000000017E-001	-1.0851980220742075E-002
2.5750000000000017E-001	-1.0767007930376882E-002
2.6000000000000018E-001	-1.0709328910242566E-002
2.6250000000000018E-001	-1.0599278610124663E-002
2.6500000000000018E-001	-1.0516222959139232E-002
2.6750000000000018E-001	-1.0463602118483184E-002
2.7000000000000018E-001	-1.0350239249180548E-002
2.7250000000000019E-001	-1.0300618806984629E-002
2.7500000000000019E-001	-1.0182518338999968E-002
2.7750000000000019E-001	-1.0097316525153333E-002
2.8000000000000019E-001	-1.0051810238515313E-002
2.8250000000000020E-001	-9.9212029634766496E-003
2.8500000000000020E-001	-9.8790239941746183E-003
2.8750000000000020E-001	-9.7324309610015147E-003
2.9000000000000020E-001	-9.6300728979353822E-003
2.9250000000000020E-001	-9.5930494437820313E-003
2.9500000000000021E-001	-9.3926323080448793E-003
2.9750000000000021E-001	-9.3617577936129237E-003
3.0000000000000021E-001	-9.2192051004195141E-003
3.0250000000000021E-001	-9.5190001974029270E-003
3.0500000000000022E-001	-9.4022941118492298E-003
3.0750000000000022E-001	-9.3733886483892137E-003
3.1000000000000022E-001	-9.2560693598136012E-003
3.1250000000000022E-001	-9.1080012282835909E-003
3.1500000000000022E-001	-8.6503083764600808E-003
3.1750000000000023E-001	-9.1934027032231080E-003
3.2000000000000023E-001	-8.8731626537496000E-003
3.2250000000000023E-001	-8.9050739030580583E-003
3.2500000000000023E-001	-9.1753010446360417E-003
3.2750000000000024E-001	-9.1225170957104362E-003
3.3000000000000024E-001	-8.6922564207762010E-003
3.3250000000000024E-001	-8.8975156461614802E-003
3.3500000000000024E-001	-9.3509401661371339E-003
3.3750000000000024E-001	-9.3453612364875482E-003
3.4000000000000025E-001	-8.9700720846569437E-003
3.4250000000000025E-001	-9.1851214738429832E-003
3.4500000000000025E-001	-8.7073045213793554E-003
3.4750000000000025E-001	-8.8202693233139229E-003
3.5000000000000026E-001	-8.8643143092841381E-003
3.5250000000000026E-001	-8.4320019714945182E-003
3.5500000000000026E-001	-9.0230458865647734E-003
3.5750000000000026E-001	-8.8042757227482227E-003
3.6000000000000026E-001	-9.0050987391877557E-003
3.6250000000000027E-001	-8.8123563238100555E-003
3.6500000000000027E-001	-8.8372282484757703E-003
3.6750000000000027E-001	-8.6455768515625309E-003
3.7000000000000027E-001	-8.3275164908103161E-003
3.7250000000000028E-001	-8.9854520857306497E-003
3.7500000000000028E-001	-8.9366639185440855E-003
3.7750000000000028E-001	-8.9535014008655933E-003
3.8000000000000028E-001	-9.0242810060824352E-003
3.8250000000000028E-001	-8.9799519673527950E-003
3.8500000000000029E-001	-8.8561083956658626E-003
3.8750000000000029E-001	-9.0754953875901156E-003
3.9000000000000029E-001	-8.9682638934502901E-003
3.9250000000000029E-001	-8.9470696534605931E-003
3.9500000000000030E-001	-8.7564465045177897E-003
3.9750000000000030E-001	-8.6018700420151806E-003
4.0000000000000030E-001	-8.5612112415037744E-003
4.0250000000000030E-001	-8.7250724996126294E-003
4.0500000000000030E-001	-8.8231574054206119E-003
4.0750000000000031E-001	-8.8082888596228148E-003
4.1000000000000031E-001	-8.9697430480054630E-003
4.1250000000000031E-001	-8.8736190317122432E-003
4.1500000000000031E-001	-8.8808839349372448E-003
4.1750000000000032E-001	-8.7832732174353279E-003
4.2000000000000032E-001	-8.7564358832814548E-003
4.2250000000000032E-001	-8.6540991690152724E-003
4.2500000000000032E-001	-8.5353040756589449E-003
4.2750000000000032E-001	-8.2428978781249329E-003
4.3000000000000033E-001	-8.2457084765606981E-003
4.3250000000000033E-001	-8.1559437843571336E-003
4.3500000000000033E-001	-7.8912865508694585E-003
4.3750000000000033E-001	-7.7243037544219018E-003
4.4000000000000034E-001	-8.1822892898738564E-003
4.4250000000000034E-001	-7.6483397528106511E-003
4.4500000000000034E-001	-8.4250299990431543E-003
4.4750000000000034E-001	-8.2923086785776645E-003
4.5000000000000034E-001	-8.3266006595330566E-003
4.5250000000000035E-001	-8.2291892979450276E-003
4.5500000000000035E-001	-8.0941225685825513E-003
4.5750000000000035E-001	-8.0653234789733741E-003
4.6000000000000035E-001	-7.9436368945150493E-003
4.6250000000000036E-001	-7.7951469094645898E-003
4.6500000000000036E-001	-7.7297666607679671E-003
4.6750000000000036E-001	-8.0146878480554795E-003
4.7000000000000036E-001	-8.0082956040750108E-003
4.7250000000000036E-001	-7.9477030373794610E-003
4.7500000000000037E-001	-7.9379391288511014E-003
4.7750000000000037E-001	-7.8578265426596516E-003
4.8000000000000037E-001	-7.7815122074061938E-003
4.8250000000000037E-001	-7.7040740532942076E-003
4.8500000000000038E-001	-7.6261181168664205E-003
4.8750000000000038E-001	-7.5488935397104440E-003
4.9000000000000038E-001	-7.4745882353898230E-003
4.9250000000000038E-001	-7.4057523162543992E-003
4.9500000000000038E-001	-7.3429122920648515E-003
4.9750000000000039E-001	-7.2787364679908206E-003
5.0000000000000033E-001	-7.2234529001281578E-003
5.0250000000000028E-001	-7.1702889124752867E-003
5.0500000000000023E-001	-7.1184877056268414E-003
5.0750000000000017E-001	-7.0632383677354804E-003
5.1000000000000012E-001	-7.0173919449004751E-003
5.1250000000000007E-001	-6.9659232898532375E-003
5.1500000000000001E-001	-6.9239569602734807E-003
5.1749999999999996E-001	-6.8665524454351035E-003
5.1999999999999991E-001	-6.8186564873282673E-003
5.2249999999999985E-001	-6.7660316194333436E-003
5.2499999999999980E-001	-6.7191497401045686E-003
5.2749999999999975E-001	-6.6658664067208440E-003
5.2999999999999969E-001	-6.6121617823605705E-003
5.3249999999999964E-001	-6.5641253136184963E-003
5.3499999999999959E-001	-6.5089134716598274E-003
5.3749999999999953E-001	-6.4546753067575846E-003
5.3999999999999948E-001	-6.3990426822168045E-003
5.4249999999999943E-001	-6.3435982209735231E-003
5.4499999999999937E-001	-6.2878062169876570E-003
5.4749999999999932E-001	-6.2314481313434644E-003
5.4999999999999927E-001	-6.1752712488124528E-003
5.5249999999999921E-001	-6.1182592541560998E-003
5.5499999999999916E-001	-6.0609615437531295E-003
5.5749999999999911E-001	-6.0084772921625840E-003
5.5999999999999905E-001	-5.9503864611500923E-003
5.6249999999999900E-001	-5.8873505983758623E-003
5.6499999999999895E-001	-5.8289340659760658E-003
5.6749999999999889E-001	-5.7703325428470897E-003
5.6999999999999884E-001	-5.7161935584665313E-003
5.7249999999999879E-001	-5.7618084148455262E-003
5.7499999999999873E-001	-5.6911515350182018E-003
5.7749999999999868E-001	-5.6042712988588761E-003
5.7999999999999863E-001	-5.5277000940737731E-003
5.8249999999999857E-001	-5.4546311914587253E-003
5.8499999999999852E-001	-5.3853825030728553E-003
5.8749999999999847E-001	-5.4307497448614628E-003
5.8999999999999841E-001	-5.3575789092250581E-003
5.9249999999999836E-001	-5.2647532175192913E-003
5.9499999999999831E-001	-5.1856686559430543E-003
5.9749999999999825E-001	-5.1105615704483132E-003
5.9999999999999820E-001	-5.0395826244240549E-003
6.0249999999999815E-001	-4.9712346883766800E-003
6.0499999999999809E-001	-5.0481767136199007E-003
6.0749999999999804E-001	-4.9733629410793068E-003
6.0999999999999799E-001	-4.8765598114940412E-003
6.1249999999999793E-001	-4.7940552748605425E-003
6.1499999999999788E-001	-4.7171441104840728E-003
6.1749999999999783E-001	-4.6457669135040458E-003
6.1999999999999778E-001	-4.5776927391080191E-003
6.2249999999999772E-001	-4.5127497895652846E-003
6.2499999999999767E-001	-4.4500455245055637E-003
6.2749999999999762E-001	-4.3883732722139746E-003
6.2999999999999756E-001	-4.3279970482899000E-003
6.3249999999999751E-001	-4.2679778455445572E-003
6.3499999999999746E-001	-4.2093671163164759E-003
6.3749999999999740E-001	-4.1519001422914981E-003
6.3999999999999735E-001	-4.0970437763262479E-003
6.4249999999999730E-001	-4.0443381196638706E-003
6.4499999999999724E-001	-3.9894389990338119E-003
6.4749999999999719E-001	-3.9340506998368774E-003
6.4999999999999714E-001	-3.8805009746745167E-003
6.5249999999999708E-001	-3.8303498265052083E-003
6.5499999999999703E-001	-3.7786591893049781E-003
6.5749999999999698E-001	-3.7278490599135239E-003
6.5999999999999692E-001	-3.6747346812536774E-003
6.6249999999999687E-001	-3.6249565167498776E-003
6.6499999999999682E-001	-3.5763198645039074E-003
6.6749999999999676E-001	-3.5335921395222014E-003
6.6999999999999671E-001	-3.4865271854547242E-003
6.7249999999999666E-001	-3.4404634116942390E-003
6.7499999999999660E-001	-3.3905886354879122E-003
6.7749999999999655E-001	-3.3457959795734071E-003
6.7999999999999650E-001	-3.3027578962006032E-003
6.8249999999999644E-001	-3.2665901809773024E-003
6.8499999999999639E-001	-3.2248810524944105E-003
6.8749999999999634E-001	-3.1719383464224871E-003
6.8999999999999628E-001	-3.1329141555059836E-003
6.9249999999999623E-001	-3.0886426619028962E-003
6.9499999999999618E-001	-3.0489468361954986E-003
6.9749999999999612E-001	-3.0107521139653981E-003
6.9999999999999607E-001	-2.9739726852934245E-003
7.0249999999999602E-001	-3.1811353858107738E-003
7.0499999999999596E-001	-3.1517684065016649E-003
7.0749999999999591E-001	-3.1236734615258666E-003
7.0999999999999586E-001	-3.0971990513679604E-003
7.1249999999999580E-001	-3.0619978626826860E-003
7.1499999999999575E-001	-3.0358845750122487E-003
7.1749999999999570E-001	-3.0141074213934083E-003
7.1999999999999564E-001	-3.0057528839712022E-003
7.2249999999999559E-001	-2.9872806438973054E-003
7.2499999999999554E-001	-2.9596778222734654E-003
7.2749999999999548E-001	-2.9436690052210279E-003
7.2999999999999543E-001	-2.9397692208471549E-003
7.3249999999999538E-001	-2.9195605912828437E-003
7.3499999999999532E-001	-2.8958958843312566E-003
7.3749999999999527E-001	-2.8846691155556270E-003
7.3999999999999522E-001	-2.8843965546967443E-003
7.4249999999999516E-001	-2.8743089930941546E-003
7.4499999999999511E-001	-2.8554025745847200E-003
7.4749999999999506E-001	-2.8567619275706724E-003
7.4999999999999500E-001	-2.8385163350624909E-003
7.5249999999999495E-001	-2.8305808534346832E-003
7.5499999999999490E-001	-2.8324662530023748E-003
7.5749999999999484E-001	-2.7703026459063862E-003
7.5999999999999479E-001	-2.7560809204265624E-003
7.6249999999999474E-001	-2.7515689484555184E-003
7.6499999999999468E-001	-2.7618036802132817E-003
7.6749999999999463E-001	-2.7555336012341503E-003
7.6999999999999458E-001	-2.7504689949151562E-003
7.7249999999999452E-001	-2.7465176374076306E-003
7.7499999999999447E-001	-2.7436327398737692E-003
7.7749999999999442E-001	-2.7274155059854310E-003
7.7999999999999436E-001	-2.7261684957909926E-003
7.8249999999999431E-001	-2.7268842832646190E-003
7.8499999999999426E-001	-2.7280389026981267E-003
7.8749999999999420E-001	-2.7647241285688740E-003
7.8999999999999415E-001	-2.7671094730675749E-003
7.9249999999999410E-001	-2.7496499451729051E-003
7.9499999999999404E-001	-2.7545751911990379E-003
7.9749999999999399E-001	-2.7504247472847076E-003
7.9999999999999394E-001	-2.7581355609838099E-003
8.0249999999999388E-001	-2.7657999772366937E-003
8.0499999999999383E-001	-2.7746976310212279E-003
8.0749999999999378E-001	-2.7963566445707855E-003
8.0999999999999373E-001	-2.8066458135945771E-003
8.1249999999999367E-001	-2.8174247193517576E-003
8.1499999999999362E-001	-2.8300420466216281E-003
8.1749999999999357E-001	-2.8436793835822094E-003
8.1999999999999351E-001	-2.8472006992570353E-003
8.2249999999999346E-001	-2.8623775180804945E-003
8.2499999999999341E-001	-2.8785924691452358E-003
8.2749999999999335E-001	-2.8957581102336816E-003
8.2999999999999330E-001	-2.9238884781507268E-003
8.3249999999999325E-001	-2.9419176382189383E-003
8.3499999999999319E-001	-2.9606583944803422E-003
8.3749999999999314E-001	-2.9797149405375034E-003
8.3999999999999309E-001	-2.9874930561984980E-003
8.4249999999999303E-001	-2.9908572380060727E-003
8.4499999999999298E-001	-2.9950484340950378E-003
8.4749999999999293E-001	-3.0050633447715747E-003
8.4999999999999287E-001	-3.0245164743687436E-003
8.5249999999999282E-001	-3.0487602638736844E-003
8.5499999999999277E-001	-3.0758723728306903E-003
8.5749999999999271E-001	-3.1040515181022243E-003
8.5999999999999266E-001	-3.1335962285654606E-003
8.6249999999999261E-001	-3.1650548348580720E-003
8.6499999999999255E-001	-3.1988655668213628E-003
8.6749999999999250E-001	-3.2282865633695979E-003
8.6999999999999245E-001	-3.2700593542160927E-003
8.7249999999999239E-001	-3.3129053056012436E-003
8.7499999999999234E-001	-3.3598434491206586E-003
8.7749999999999229E-001	-3.3962818487318636E-003
8.7999999999999223E-001	-3.4472068808834022E-003
8.8249999999999218E-001	-3.4979777750977492E-003
8.8499999999999213E-001	-3.5488332475538398E-003
8.8749999999999207E-001	-3.5884691408563096E-003
8.8999999999999202E-001	-3.6087693092019535E-003
8.9249999999999197E-001	-3.6036484010468772E-003
8.9499999999999191E-001	-3.5772718697465455E-003
8.9749999999999186E-001	-3.5378712976599225E-003
8.9999999999999181E-001	-3.5082088482276674E-003
9.0249999999999175E-001	-3.4861289405090368E-003
9.0499999999999170E-001	-3.4694850730366822E-003
9.0749999999999165E-001	-3.4577655195869861E-003
9.0999999999999159E-001	-3.4505127518299483E-003
9.1249999999999154E-001	-3.4472366064624005E-003
9.1499999999999149E-001	-3.4474750330925064E-003
9.1749999999999143E-001	-3.4507780896377849E-003
9.1999999999999138E-001	-3.4567277073184188E-003
9.2249999999999133E-001	-3.4641360952614164E-003
9.2499999999999127E-001	-3.3923022057887886E-003
9.2749999999999122E-001	-3.4150527700416156E-003
9.2999999999999117E-001	-3.4954701444548375E-003
9.3249999999999111E-001	-3.4946619177186333E-003
9.3499999999999106E-001	-3.4926002121925537E-003
9.3749999999999101E-001	-3.4972845062218871E-003
9.3999999999999095E-001	-3.5065816509124437E-003
9.4249999999999090E-001	-3.5220785645854180E-003
9.4499999999999085E-001	-3.5417687110964602E-003
9.4749999999999079E-001	-3.5643748216076521E-003
9.4999999999999074E-001	-3.5883653006301142E-003
9.5249999999999069E-001	-3.6146934751503101E-003
9.5499999999999063E-001	-3.6431396794218696E-003
9.5749999999999058E-001	-3.6724623820612035E-003
9.5999999999999053E-001	-3.7008993325076123E-003
9.6249999999999047E-001	-3.7321566427861441E-003
9.6499999999999042E-001	-3.7639219676757207E-003
9.6749999999999037E-001	-3.7961646268426241E-003
9.6999999999999031E-001	-3.8282836035076206E-003
9.7249999999999026E-001	-3.8584272376420703E-003
9.7499999999999021E-001	-3.8875439639801668E-003
9.7749999999999015E-001	-3.9149387642233302E-003
9.7999999999999010E-001	-3.9439371723012373E-003
9.8249999999999005E-001	-3.9731234375133262E-003
9.8499999999998999E-001	-4.0025294725359872E-003
9.8749999999998994E-001	-4.0322010915759821E-003
9.8999999999998989E-001	-4.0621573009749223E-003
9.9249999999998983E-001	-4.0924428742216135E-003
9.9499999999998978E-001	-4.1230838625047062E-003
9.9749999999998973E-001	-4.1541043323514160E-003
9.9999999999998967E-001	-4.1855250658991983E-003
1.0024999999999897E+000	-4.2174070114681106E-003
1.0049999999999897E+000	-4.2497437615953704E-003
1.0074999999999896E+000	-4.2824888079044943E-003
1.0099999999999896E+000	-4.3156729439435271E-003
1.0124999999999895E+000	-3.8713939620323989E-003
1.0149999999999895E+000	-3.9077742693053308E-003
1.0174999999999894E+000	-3.9178652443196960E-003
1.0199999999999894E+000	-3.9320790099302005E-003
1.0224999999999893E+000	-3.9521482104551975E-003
1.0249999999999893E+000	-3.9766045624385349E-003
1.0274999999999892E+000	-4.0039022362855503E-003
1.0299999999999891E+000	-4.0337046591788495E-003
1.0324999999999891E+000	-4.0652163053735979E-003
1.0349999999999890E+000	-4.0981080405366743E-003
1.0374999999999890E+000	-4.1321881588471943E-003
1.0399999999999889E+000	-4.1672683981033298E-003
1.0424999999999889E+000	-4.2033209719307685E-003
1.0449999999999888E+000	-4.2402959998683043E-003
1.0474999999999888E+000	-4.2782089142047175E-003
1.0499999999999887E+000	-4.3170971389208113E-003
1.0524999999999887E+000	-4.3569808075749616E-003
1.0549999999999886E+000	-4.3979002261635980E-003
1.0574999999999886E+000	-4.4399264024882479E-003
1.0599999999999885E+000	-4.4830814340434122E-003
1.0624999999999885E+000	-4.5274396722120303E-003
1.0649999999999884E+000	-4.5730655703423162E-003
1.0674999999999883E+000	-4.6199725528885960E-003
1.0699999999999883E+000	-4.6682988696702399E-003
1.0724999999999882E+000	-4.7180384927613117E-003
1.0749999999999882E+000	-4.7692274138682045E-003
1.0774999999999881E+000	-4.8216909770492089E-003
1.0799999999999881E+000	-4.8745488473862508E-003
1.0824999999999880E+000	-4.9133389985743792E-003
1.0849999999999880E+000	-4.9723224366566843E-003
1.0874999999999879E+000	-4.9976208154858259E-003
1.0899999999999879E+000	-5.0642658219328673E-003
1.0924999999999878E+000	-5.1356532971815749E-003
1.0949999999999878E+000	-5.2055618253091795E-003
1.0974999999999877E+000	-4.9389751075404886E-003
1.0999999999999877E+000	-5.0282953713599587E-003
1.1024999999999876E+000	-4.9581021701262662E-003
1.1049999999999875E+000	-4.9466161806210884E-003
1.1074999999999875E+000	-4.9502253459307033E-003
1.1099999999999874E+000	-4.9614079163562419E-003
1.1124999999999874E+000	-4.9392604148464914E-003
1.1149999999999873E+000	-4.9597397300293888E-003
1.1174999999999873E+000	-4.9230781627171982E-003
1.1199999999999872E+000	-5.0374199579192869E-003
1.1224999999999872E+000	-4.9535227608725751E-003
1.1249999999999871E+000	-4.9207334725938079E-003
1.1274999999999871E+000	-4.9325712983779857E-003
1.1299999999999870E+000	-4.9460187927469201E-003
1.1324999999999870E+000	-4.9292193366614612E-003
1.1349999999999869E+000	-4.9350797700569160E-003
1.1374999999999869E+000	-4.9253847497918724E-003
1.1399999999999868E+000	-4.8222236882767833E-003
1.1424999999999867E+000	-4.8402938559320985E-003
1.1449999999999867E+000	-4.8747652581553336E-003
1.1474999999999866E+000	-4.8442904262459008E-003
1.1499999999999866E+000	-4.8375674896038445E-003
1.1524999999999865E+000	-4.8517561743629534E-003
1.1549999999999865E+000	-4.9773880827126415E-003
1.1574999999999864E+000	-5.1868934957080004E-003
1.1599999999999864E+000	-5.1410087263747961E-003
1.1624999999999863E+000	-5.5239792337867799E-003
1.1649999999999863E+000	-5.3172562338076323E-003
1.1674999999999862E+000	-5.2636422665814919E-003
1.1699999999999862E+000	-5.2399288805491384E-003
1.1724999999999861E+000	-5.2280410631936336E-003
1.1749999999999861E+000	-5.3528569683094496E-003
1.1774999999999860E+000	-5.3576337946229513E-003
1.1799999999999859E+000	-5.3107235529398222E-003
1.1824999999999859E+000	-5.1782975713072776E-003
1.1849999999999858E+000	-5.0612866927652878E-003
1.1874999999999858E+000	-5.4296870449764834E-003
1.1899999999999857E+000	-5.2115331773816553E-003
1.1924999999999857E+000	-5.1777971389839195E-003
1.1949999999999856E+000	-5.0846579406353953E-003
1.1974999999999856E+000	-5.0534510855775316E-003
1.1999999999999855E+000	-5.0077161582809948E-003
1.2024999999999855E+000	-4.9985117356956543E-003
1.2049999999999854E+000	-4.8798523841842023E-003
1.2074999999999854E+000	-4.8571884381266583E-003
1.2099999999999853E+000	-4.8337084168745825E-003
1.2124999999999853E+000	-5.0340880855781478E-003
1.2149999999999852E+000	-4.8868305761325948E-003
1.2174999999999851E+000	-4.5624780491541062E-003
1.2199999999999851E+000	-4.6502792533689163E-003
1.2224999999999850E+000	-4.5386365991112454E-003
1.2249999999999850E+000	-4.7878769975667756E-003
1.2274999999999849E+000	-4.7445478418494114E-003
1.2299999999999849E+000	-4.3874200717808343E-003
1.2324999999999848E+000	-4.6372889284957974E-003
1.2349999999999848E+000	-4.6610254375836213E-003
1.2374999999999847E+000	-4.6751374594489192E-003
1.2399999999999847E+000	-4.6419770050277753E-003
1.2424999999999846E+000	-4.6749876457932160E-003
1.2449999999999846E+000	-4.5892364492107207E-003
1.2474999999999845E+000	-4.6202816627163301E-003
1.2499999999999845E+000	-4.6380807796327916E-003
1.2524999999999844E+000	-4.6553005612086640E-003
1.2549999999999844E+000	-4.6731696890165431E-003
1.2574999999999843E+000	-5.2127203165467373E-003
1.2599999999999842E+000	-5.2816532815381789E-003
1.2624999999999842E+000	-5.0325395376038529E-003
1.2649999999999841E+000	-4.9960925874166229E-003
1.2674999999999841E+000	-4.9670942938225826E-003
1.2699999999999840E+000	-4.9266993068542986E-003
1.2724999999999840E+000	-4.9305970545203692E-003
1.2749999999999839E+000	-5.0006843252495825E-003
1.2774999999999839E+000	-5.0012167267091678E-003
1.2799999999999838E+000	-4.9974310588688509E-003
1.2824999999999838E+000	-4.9795313296014942E-003
1.2849999999999837E+000	-5.0229241378300094E-003
1.2874999999999837E+000	-4.9686654238051409E-003
1.2899999999999836E+000	-5.0045754395511288E-003
1.2924999999999836E+000	-4.9058268753239265E-003
1.2949999999999835E+000	-4.9263996354940165E-003
1.2974999999999834E+000	-4.9469115445290868E-003
1.2999999999999834E+000	-5.1197383127068452E-003
1.3024999999999833E+000	-5.1624453526079028E-003
1.3049999999999833E+000	-5.1367391623817760E-003
1.3074999999999832E+000	-5.1370182942965803E-003
1.3099999999999832E+000	-5.0788111123373225E-003
1.3124999999999831E+000	-5.1475641631635316E-003
1.3149999999999831E+000	-5.2119342181148332E-003
1.3174999999999830E+000	-5.2752848382023876E-003
1.3199999999999830E+000	-5.2225001109703628E-003
1.3224999999999829E+000	-5.2151540681535380E-003
1.3249999999999829E+000	-5.2438522321658354E-003
1.3274999999999828E+000	-5.4606933271243996E-003
1.3299999999999828E+000	-5.4896039757941217E-003
1.3324999999999827E+000	-5.3951753578215245E-003
1.3349999999999826E+000	-5.3455427827374669E-003
1.3374999999999826E+000	-5.5203773169152370E-003
1.3399999999999825E+000	-5.5512929399285094E-003
1.3424999999999825E+000	-5.4616599682819622E-003
1.3449999999999824E+000	-5.5770752389154854E-003
1.3474999999999824E+000	-5.6002078018554391E-003
1.3499999999999823E+000	-5.5136285276965458E-003
1.3524999999999823E+000	-5.6178701731653957E-003
1.3549999999999822E+000	-5.6505390398365885E-003
1.3574999999999822E+000	-5.5668501935985937E-003
1.3599999999999821E+000	-5.6690378843650135E-003
1.3624999999999821E+000	-5.7022569089950625E-003
1.3649999999999820E+000	-5.6211076980469121E-003
1.3674999999999820E+000	-5.7215750099635088E-003
1.3699999999999819E+000	-5.7653172175680112E-003
1.3724999999999818E+000	-5.7662905241316897E-003
1.3749999999999818E+000	-5.7926539350671158E-003
1.3774999999999817E+000	-5.8126041313995014E-003
1.3799999999999817E+000	-5.8291597780942839E-003
1.3824999999999816E+000	-5.8493729389277327E-003
1.3849999999999816E+000	-5.8661675331301844E-003
1.3874999999999815E+000	-5.8865472231424132E-003
1.3899999999999815E+000	-5.9035292961939767E-003
1.3924999999999814E+000	-5.9240253968407819E-003
1.3949999999999814E+000	-5.9411340451842598E-003
1.3974999999999813E+000	-5.9616962481695568E-003
1.3999999999999813E+000	-5.9788701394694055E-003
1.4024999999999812E+000	-5.9994461074336369E-003
1.4049999999999812E+000	-6.0166242317225560E-003
1.4074999999999811E+000	-6.0371597562973722E-003
1.4099999999999810E+000	-6.0542802061244183E-003
1.4124999999999810E+000	-6.0747210332411372E-003
1.4149999999999809E+000	-6.0917219858173111E-003
1.4174999999999809E+000	-6.1120129722109784E-003
1.4199999999999808E+000	-6.1240547950400792E-003
1.4224999999999808E+000	-6.0616787226107638E-003
1.4249999999999807E+000	-6.0195974950104647E-003
1.4274999999999807E+000	-5.9996077604829168E-003
1.4299999999999806E+000	-5.9913622976739411E-003
1.4324999999999806E+000	-5.9893103334751618E-003
1.4349999999999805E+000	-5.9909705824462423E-003
1.4374999999999805E+000	-5.9951327697576051E-003
1.4399999999999804E+000	-6.0011483275892452E-003
1.4424999999999804E+000	-6.0086236465808351E-003
1.4449999999999803E+000	-6.0172969808141019E-003
1.4474999999999802E+000	-6.0269958397430878E-003
1.4499999999999802E+000	-6.0376335816623161E-003
1.4524999999999801E+000	-6.0493056864551198E-003
1.4549999999999801E+000	-6.0633003425017984E-003
1.4574999999999800E+000	-6.0770072594746871E-003
1.4599999999999800E+000	-6.0909118361014425E-003
1.4624999999999799E+000	-6.1036655100611403E-003
1.4649999999999799E+000	-6.1163658392353604E-003
1.4674999999999798E+000	-6.1287142609216527E-003
1.4699999999999798E+000	-6.1410745946135492E-003
1.4724999999999797E+000	-6.1535887836974279E-003
1.4749999999999797E+000	-6.1662002038860297E-003
1.4774999999999796E+000	-6.1785129275653272E-003
1.4799999999999796E+000	-6.1914531773189507E-003
1.4824999999999795E+000	-6.2040714351313531E-003
1.4849999999999794E+000	-6.2168480275950344E-003
1.4874999999999794E+000	-6.4830493548402313E-003
1.4899999999999793E+000	-6.4157880466353401E-003
1.4924999999999793E+000	-6.3190259690119044E-003
1.4949999999999792E+000	-6.2556427633977396E-003
1.4974999999999792E+000	-6.2225154043779041E-003
1.4999999999999791E+000	-6.2050184574524714E-003
1.5024999999999791E+000	-6.1958536397705988E-003
1.5049999999999790E+000	-6.1916784942422920E-003
1.5074999999999790E+000	-6.1908213538707235E-003
1.5099999999999789E+000	-6.1923706546270774E-003
1.5124999999999789E+000	-6.1957677151701640E-003
1.5149999999999788E+000	-6.2006441791387923E-003
1.5174999999999788E+000	-6.2067420781801719E-003
1.5199999999999787E+000	-6.2138718195386966E-003
1.5224999999999786E+000	-6.2218885850952033E-003
1.5249999999999786E+000	-6.2305359561916074E-003
1.5274999999999785E+000	-6.2408325052053515E-003
1.5299999999999785E+000	-6.2495819902417260E-003
1.5324999999999784E+000	-6.2598409360994367E-003
1.5349999999999784E+000	-6.2721698206950061E-003
1.5374999999999783E+000	-6.2856349941194933E-003
1.5399999999999783E+000	-6.2999429639102322E-003
1.5424999999999782E+000	-6.3083318652484843E-003
1.5449999999999782E+000	-6.3207941340894802E-003
1.5474999999999781E+000	-6.3341783515266092E-003
1.5499999999999781E+000	-6.3482009496863556E-003
1.5524999999999780E+000	-6.3627490330002701E-003
1.5549999999999780E+000	-6.3777591057107008E-003
1.5574999999999779E+000	-6.3931890431556671E-003
1.5599999999999778E+000	-6.4090085996232338E-003
1.5624999999999778E+000	-6.4231280246015432E-003
1.5649999999999777E+000	-6.4370564130822316E-003
1.5674999999999777E+000	-6.4523749475723369E-003
1.5699999999999776E+000	-6.4683611624286597E-003
1.5724999999999776E+000	-6.4848527988655702E-003
1.5749999999999775E+000	-6.5017731647213362E-003
1.5774999999999775E+000	-6.5190785976099175E-003
1.5799999999999774E+000	-6.5367449670422628E-003
1.5824999999999774E+000	-6.5547543160059396E-003
1.5849999999999773E+000	-6.5731018983431477E-003
1.5874999999999773E+000	-6.5917740086290921E-003
1.5899999999999772E+000	-6.6107708784974850E-003
1.5924999999999772E+000	-6.6300884624715950E-003
1.5949999999999771E+000	-6.6467609221569912E-003
1.5974999999999770E+000	-6.6653803205980466E-003
1.5999999999999770E+000	-6.6848726024937299E-003
1.6024999999999769E+000	-6.7046377733922524E-003
1.6049999999999769E+000	-6.7247059336129622E-003
1.6074999999999768E+000	-6.7450668716220186E-003
1.6099999999999768E+000	-7.1952390207483674E-003
1.6124999999999767E+000	-7.2063002571606249E-003
1.6149999999999767E+000	-7.1291487944263876E-003
1.6174999999999766E+000	-7.0764389821804663E-003
1.6199999999999766E+000	-7.0537990580644694E-003
1.6224999999999765E+000	-7.0468717560754346E-003
1.6249999999999765E+000	-7.3200265844275414E-003
1.6274999999999764E+000	-7.3327191441477924E-003
1.6299999999999764E+000	-7.2596249935499291E-003
1.6324999999999763E+000	-7.2100505529868464E-003
1.6349999999999763E+000	-7.4082688636393224E-003
1.6374999999999762E+000	-7.4222659064798746E-003
1.6399999999999761E+000	-7.3521288059495982E-003
1.6424999999999761E+000	-7.4846771823763314E-003
1.6449999999999760E+000	-7.4923081943039094E-003
1.6474999999999760E+000	-7.5319142199800071E-003
1.6499999999999759E+000	-7.5487246058321134E-003
1.6524999999999759E+000	-7.5801067655960619E-003
1.6549999999999758E+000	-7.5142074449540130E-003
1.6574999999999758E+000	-7.4692111147635076E-003
1.6599999999999757E+000	-7.4532654374080964E-003
1.6624999999999757E+000	-7.4524078634051749E-003
1.6649999999999756E+000	-7.4591724563369821E-003
1.6674999999999756E+000	-7.4702444736649554E-003
1.6699999999999755E+000	-7.4841121147494194E-003
1.6724999999999755E+000	-7.5000311633766081E-003
1.6749999999999754E+000	-7.5175959712844298E-003
1.6774999999999753E+000	-7.5365576771950771E-003
1.6799999999999753E+000	-7.5567451271875141E-003
1.6824999999999752E+000	-7.5780302765147134E-003
1.6849999999999752E+000	-7.6002580124587826E-003
1.6874999999999751E+000	-7.6233844796467221E-003
1.6899999999999751E+000	-7.6473331716017112E-003
1.6924999999999750E+000	-7.6696179018624910E-003
1.6949999999999750E+000	-7.6948957561989717E-003
1.6974999999999749E+000	-7.7208203591234703E-003
1.6999999999999749E+000	-7.7473370929207475E-003
1.7024999999999748E+000	-7.7744045131979966E-003
1.7049999999999748E+000	-7.8019925798480383E-003
1.7074999999999747E+000	-7.8300666668827956E-003
1.7099999999999747E+000	-7.8585934186229389E-003
1.7124999999999746E+000	-7.8875363887176420E-003
1.7149999999999745E+000	-7.9168889635818918E-003
1.7174999999999745E+000	-7.9466153145734131E-003
1.7199999999999744E+000	-7.9766936615127682E-003
1.7224999999999744E+000	-8.0070999823669275E-003
1.7249999999999743E+000	-8.0378174867109520E-003
1.7274999999999743E+000	-8.0688262929459187E-003
1.7299999999999742E+000	-8.1001168594441175E-003
1.7324999999999742E+000	-8.1316738155690071E-003
1.7349999999999741E+000	-8.1634833842186838E-003
1.7374999999999741E+000	-8.1955331117454788E-003
1.7399999999999740E+000	-8.2278114854201778E-003
1.7424999999999740E+000	-8.2603076552917321E-003
1.7449999999999739E+000	-8.2930114799035781E-003
1.7474999999999739E+000	-8.3259133186336376E-003
1.7499999999999738E+000	-8.3590040722646419E-003
1.7524999999999737E+000	-8.3922808785235059E-003
1.7549999999999737E+000	-8.4257343388532968E-003
1.7574999999999736E+000	-8.4591668843546630E-003
1.7599999999999736E+000	-8.4929254768698614E-003
1.7624999999999735E+000	-8.5268361229884349E-003
1.7649999999999735E+000	-8.5608962940494360E-003
1.7674999999999734E+000	-8.5950934700453896E-003
1.7699999999999734E+000	-8.6294206379248228E-003
1.7724999999999733E+000	-8.6638726043131165E-003
1.7749999999999733E+000	-8.6984436792114650E-003
1.7774999999999732E+000	-8.7331284529514885E-003
1.7799999999999732E+000	-8.7679210931145279E-003
1.7824999999999731E+000	-8.8028159841684328E-003
1.7849999999999731E+000	-8.8378072483079606E-003
1.7874999999999730E+000	-8.8728908272829310E-003
1.7899999999999729E+000	-8.9080611383679509E-003
1.7924999999999729E+000	-8.9433131691453172E-003
1.7949999999999728E+000	-8.9786420722789417E-003
1.7974999999999728E+000	-9.0140429993121884E-003
1.7999999999999727E+000	-9.0495113389336135E-003
1.8024999999999727E+000	-9.0850425740323093E-003
1.8049999999999726E+000	-9.1206322966099762E-003
1.8074999999999726E+000	-9.1562761758796629E-003
1.8099999999999725E+000	-9.1919699019090695E-003
1.8124999999999725E+000	-9.2277092917673054E-003
1.8149999999999724E+000	-9.2634902482333636E-003
1.8174999999999724E+000	-9.2993085884367499E-003
1.8199999999999723E+000	-9.3351602307263359E-003
1.8224999999999723E+000	-9.6211911327223065E-003
1.8249999999999722E+000	-9.6891981858694409E-003
1.8274999999999721E+000	-9.6673399504589863E-003
1.8299999999999721E+000	-9.6542297398575228E-003
1.8324999999999720E+000	-9.6619300041379530E-003
1.8349999999999720E+000	-9.6801642521039399E-003
1.8374999999999719E+000	-9.7031863298150389E-003
1.8399999999999719E+000	-9.7285596219051085E-003
1.8424999999999718E+000	-9.7552850952811188E-003
1.8449999999999718E+000	-9.7829444003052490E-003
1.8474999999999717E+000	-9.8113507603874162E-003
1.8499999999999717E+000	-9.8404082577725482E-003
1.8524999999999716E+000	-9.8700552503800942E-003
1.8549999999999716E+000	-9.9002429787214963E-003
1.8574999999999715E+000	-9.9309255530256602E-003
1.8599999999999715E+000	-9.9620633176754625E-003
1.8624999999999714E+000	-9.9936127237877370E-003
1.8649999999999713E+000	-1.0025532966744799E-002
1.8674999999999713E+000	-1.0057785557175514E-002
1.8699999999999712E+000	-1.0090333900730442E-002
1.8724999999999712E+000	-1.0123143745650487E-002
1.8749999999999711E+000	-1.0156183290225718E-002
1.8774999999999711E+000	-1.0189423235580697E-002
1.8799999999999710E+000	-1.0222836606828878E-002
1.8824999999999710E+000	-1.0256398608540884E-002
1.8849999999999709E+000	-1.0290086474126658E-002
1.8874999999999709E+000	-1.0323879511232148E-002
1.8899999999999708E+000	-1.0357758842100551E-002
1.8924999999999708E+000	-1.0391707080254831E-002
1.8949999999999707E+000	-1.0425708212240425E-002
1.8974999999999707E+000	-1.0459747688223442E-002
1.8999999999999706E+000	-1.0679444021698181E-002
1.9024999999999705E+000	-1.0749661314679582E-002
1.9049999999999705E+000	-1.0736243920445698E-002
1.9074999999999704E+000	-1.0730483413808889E-002
1.9099999999999704E+000	-1.0742615163218172E-002
1.9124999999999703E+000	-1.0763489219463795E-002
1.9149999999999703E+000	-1.0788071869350824E-002
1.9174999999999702E+000	-1.0814287294254488E-002
1.9199999999999702E+000	-1.0841334162011829E-002
1.9224999999999701E+000	-1.0868920906041080E-002
1.9249999999999701E+000	-1.0896923210820475E-002
1.9274999999999700E+000	-1.0925295303968019E-002
1.9299999999999700E+000	-1.0954017301659458E-002
1.9324999999999699E+000	-1.0983071842273984E-002
1.9349999999999699E+000	-1.1012437496955241E-002
1.9374999999999698E+000	-1.1042088898989388E-002
1.9399999999999697E+000	-1.1071998947289829E-002
1.9424999999999697E+000	-1.1102139458376903E-002
1.9449999999999696E+000	-1.1132482315582615E-002
1.9474999999999696E+000	-1.1162999743501989E-002
1.9499999999999695E+000	-1.1193664767832123E-002
1.9524999999999695E+000	-1.1224451056485951E-002
1.9549999999999694E+000	-1.1255334026637032E-002
1.9574999999999694E+000	-1.1286290800044951E-002
1.9599999999999693E+000	-1.1317300375274897E-002
1.9624999999999693E+000	-1.1495522738605213E-002
1.9649999999999692E+000	-1.1564904650067653E-002
1.9674999999999692E+000	-1.1553011001317781E-002
1.9699999999999691E+000	-1.1549644449773244E-002
1.9724999999999691E+000	-1.1562591489271301E-002
1.9749999999999690E+000	-1.1583249348104174E-002
1.9774999999999689E+000	-1.1606976757280951E-002
1.9799999999999689E+000	-1.1631908895729737E-002
1.9824999999999688E+000	-1.1657358949954233E-002
1.9849999999999688E+000	-1.1683093851651782E-002
1.9874999999999687E+000	-1.1709045831042819E-002
1.9899999999999687E+000	-1.1735212031080078E-002
1.9924999999999686E+000	-1.1761574618390447E-002
1.9949999999999686E+000	-1.1788126175339753E-002
1.9974999999999685E+000	-1.1814859271585210E-002
1.9999999999999685E+000	-1.1841759728098755E-002
2.0024999999999684E+000	-1.1868808022059918E-002
2.0049999999999684E+000	-1.1895981871952732E-002
2.0074999999999683E+000	-1.1923257971892642E-002
2.0099999999999683E+000	-1.1950612780294079E-002
2.0124999999999682E+000	-1.1978023160258755E-002
2.0149999999999681E+000	-1.2005467271372527E-002
2.0174999999999681E+000	-1.2032922022911730E-002
2.0199999999999680E+000	-1.2060364898429099E-002
2.0224999999999680E+000	-1.2087782197940045E-002
2.0249999999999679E+000	-1.2115157323589032E-002
2.0274999999999679E+000	-1.2142474065953368E-002
2.0299999999999678E+000	-1.2169718101949445E-002
2.0324999999999678E+000	-1.2196876700561687E-002
2.0349999999999677E+000	-1.2223935466352032E-002
2.0374999999999677E+000	-1.2250886282116569E-002
2.0399999999999676E+000	-1.2277726706141134E-002
2.0424999999999676E+000	-1.2304442238013413E-002
2.0449999999999675E+000	-1.2331022852501206E-002
2.0474999999999675E+000	-1.2357461380624990E-002
2.0499999999999674E+000	-1.2383750939425009E-002
2.0524999999999674E+000	-1.2409858327839807E-002
2.0549999999999673E+000	-1.2435794854688487E-002
2.0574999999999672E+000	-1.2461556925489670E-002
2.0599999999999672E+000	-1.2487139862138341E-002
2.0624999999999671E+000	-1.2512538225435521E-002
2.0649999999999671E+000	-1.2537748692348694E-002
2.0674999999999670E+000	-1.2562767879844894E-002
2.0699999999999670E+000	-1.2587592278169302E-002
2.0724999999999669E+000	-1.2612218615113302E-002
2.0749999999999669E+000	-1.2636643697437888E-002
2.0774999999999668E+000	-1.2660864743018752E-002
2.0799999999999668E+000	-1.2684879297716445E-002
2.0824999999999667E+000	-1.2708685129578012E-002
2.0849999999999667E+000	-1.2732282220827007E-002
2.0874999999999666E+000	-1.2755671222098308E-002
2.0899999999999666E+000	-1.2778846384726816E-002
2.0924999999999665E+000	-1.2801806225084644E-002
2.0949999999999664E+000	-1.2824892595296844E-002
2.0974999999999664E+000	-1.2847930751202497E-002
2.0999999999999663E+000	-1.2870218140323075E-002
2.1024999999999663E+000	-1.2892286840506806E-002
2.1049999999999662E+000	-1.2914137103909762E-002
2.1074999999999662E+000	-1.2935768118168323E-002
2.1099999999999661E+000	-1.2957178646072487E-002
2.1124999999999661E+000	-1.2978367760017151E-002
2.1149999999999660E+000	-1.2999334837130005E-002
2.1174999999999660E+000	-1.3020079372769278E-002
2.1199999999999659E+000	-1.3040601031527488E-002
2.1224999999999659E+000	-1.3060899541933790E-002
2.1249999999999658E+000	-1.3080974715367621E-002
2.1274999999999658E+000	-1.3100826439728319E-002
2.1299999999999657E+000	-1.3120454708682727E-002
2.1324999999999656E+000	-1.3139859599187842E-002
2.1349999999999656E+000	-1.3159041309176334E-002
2.1374999999999655E+000	-1.3178000138824641E-002
2.1399999999999655E+000	-1.3196736537519516E-002
2.1424999999999654E+000	-1.3215250934497602E-002
2.1449999999999654E+000	-1.3233539581678833E-002
2.1474999999999653E+000	-1.3251604889874535E-002
2.1499999999999653E+000	-1.3269452792000092E-002
2.1524999999999652E+000	-1.3287083187910054E-002
2.1549999999999652E+000	-1.3304495300686670E-002
2.1574999999999651E+000	-1.3321689620950705E-002
2.1599999999999651E+000	-1.3338667180167518E-002
2.1624999999999650E+000	-1.3355429103161787E-002
2.1649999999999650E+000	-1.3371742344066240E-002
2.1674999999999649E+000	-1.3388117371839647E-002
2.1699999999999648E+000	-1.3404270443884259E-002
2.1724999999999648E+000	-1.3420202995837238E-002
2.1749999999999647E+000	-1.3435921967543840E-002
2.1774999999999647E+000	-1.3451429397719816E-002
2.1799999999999646E+000	-1.3466726694605580E-002
2.1824999999999646E+000	-1.3481816078847797E-002
2.1849999999999645E+000	-1.3496699003676005E-002
2.1874999999999645E+000	-1.3511378180264266E-002
2.1899999999999644E+000	-1.3525856694794558E-002
2.1924999999999644E+000	-1.3540137311985778E-002
2.1949999999999643E+000	-1.3554222597467747E-002
2.1974999999999643E+000	-1.3568115069228726E-002
2.1999999999999642E+000	-1.3581817240521210E-002
2.2024999999999642E+000	-1.3595331657233922E-002
2.2049999999999641E+000	-1.3608660874551259E-002
2.2074999999999640E+000	-1.3621807512794626E-002
2.2099999999999640E+000	-1.3634774209142941E-002
2.2124999999999639E+000	-1.3647563587548373E-002
2.2149999999999639E+000	-1.3660178278984580E-002
2.2174999999999638E+000	-1.3672620976424410E-002
2.2199999999999638E+000	-1.3684894335041498E-002
2.2224999999999637E+000	-1.3697000803656878E-002
2.2249999999999637E+000	-1.3708942966310422E-002
2.2274999999999636E+000	-1.3720723402926849E-002
2.2299999999999636E+000	-1.3732344701514076E-002
2.2324999999999635E+000	-1.3743809241368754E-002
2.2349999999999635E+000	-1.3755119601808086E-002
2.2374999999999634E+000	-1.3766278356215800E-002
2.2399999999999634E+000	-1.3777288206100025E-002
2.2424999999999633E+000	-1.3788151825640971E-002
2.2449999999999632E+000	-1.3798871941578583E-002
2.2474999999999632E+000	-1.3809451297554176E-002
2.2499999999999631E+000	-1.3819892684474921E-002
2.2524999999999631E+000	-1.3830198899023038E-002
2.2549999999999630E+000	-1.3840372797507494E-002
2.2574999999999630E+000	-1.3850417228464584E-002
2.2599999999999629E+000	-1.3860334973849420E-002
2.2624999999999629E+000	-1.3870128813732396E-002
2.2649999999999628E+000	-1.3879801611019094E-002
2.2674999999999628E+000	-1.3889356230746830E-002
2.2699999999999627E+000	-1.3898883513112192E-002
2.2724999999999627E+000	-1.3908322865739953E-002
2.2749999999999626E+000	-1.3917645998363870E-002
2.2774999999999626E+000	-1.3926861635872645E-002
2.2799999999999625E+000	-1.3935974617029889E-002
2.2824999999999624E+000	-1.3944985306253987E-002
2.2849999999999624E+000	-1.3953895428418850E-002
2.2874999999999623E+000	-1.4009159286009099E-002
2.2899999999999623E+000	-1.4056947290004729E-002
2.2924999999999622E+000	-1.4042441654432802E-002
2.2949999999999622E+000	-1.4034857038172754E-002
2.2974999999999621E+000	-1.4035787591010873E-002
2.2999999999999621E+000	-1.4040508171760613E-002
2.3024999999999620E+000	-1.4147233417977523E-002
2.3049999999999620E+000	-1.4107204340758628E-002
2.3074999999999619E+000	-1.4093015958319355E-002
2.3099999999999619E+000	-1.4172423271484491E-002
2.3124999999999618E+000	-1.4131804498958234E-002
2.3149999999999618E+000	-1.4188916462697931E-002
2.3174999999999617E+000	-1.4147826239088723E-002
2.3199999999999616E+000	-1.4205068981905433E-002
2.3224999999999616E+000	-1.4276150295299828E-002
2.3249999999999615E+000	-1.4221150198967858E-002
2.3274999999999615E+000	-1.4292136932592236E-002
2.3299999999999614E+000	-1.4303719548511173E-002
2.3324999999999614E+000	-1.4303181463560688E-002
2.3349999999999613E+000	-1.4303918059901832E-002
2.3374999999999613E+000	-1.4306559526324980E-002
2.3399999999999612E+000	-1.4310062202990470E-002
2.3424999999999612E+000	-1.4314115209567602E-002
2.3449999999999611E+000	-1.4318471378317654E-002
2.3474999999999611E+000	-1.4323422337162106E-002
2.3499999999999610E+000	-1.4328259658969222E-002
2.3524999999999610E+000	-1.4333324487027843E-002
2.3549999999999609E+000	-1.4338616831673590E-002
2.3574999999999608E+000	-1.4344142335424248E-002
2.3599999999999608E+000	-1.4349896109790206E-002
2.3624999999999607E+000	-1.4355854713014704E-002
2.3649999999999607E+000	-1.4362010900561328E-002
2.3674999999999606E+000	-1.4368349715761952E-002

 
