Grouping:(1, 0)-Ainit
# x 	 y
0.0000000000000000E+000	2.8844660487694108E-003
2.5000000000000001E-003	3.4293398077117074E-003
5.0000000000000001E-003	4.1513723993262912E-003
7.4999999999999997E-003	4.5864552721591508E-003
1.0000000000000000E-002	4.6063343520170675E-003
1.2500000000000001E-002	4.6160399055597701E-003
1.5000000000000001E-002	4.6939550561079079E-003
1.7500000000000002E-002	5.0132824692243850E-003
2.0000000000000000E-002	4.8602355871394292E-003
2.2499999999999999E-002	4.7124014536863061E-003
2.4999999999999998E-002	4.8554891183230581E-003
2.7499999999999997E-002	4.5762028348768887E-003
2.9999999999999995E-002	4.5639591809746366E-003
3.2499999999999994E-002	3.7765223022858153E-003
3.4999999999999996E-002	4.8841544550161375E-003
3.7499999999999999E-002	4.7397428571960198E-003
4.0000000000000001E-002	4.6144412512183651E-003
4.2500000000000003E-002	4.4645438489152207E-003
4.5000000000000005E-002	4.3630598935305515E-003
4.7500000000000007E-002	4.2970762641779802E-003
5.0000000000000010E-002	4.1889000132984185E-003
5.2500000000000012E-002	4.1276219698567476E-003
5.5000000000000014E-002	4.0950103102094567E-003
5.7500000000000016E-002	4.0777706302264514E-003
6.0000000000000019E-002	4.0600607130471048E-003
6.2500000000000014E-002	4.0406720236616919E-003
6.5000000000000016E-002	4.0112513794237446E-003
6.7500000000000018E-002	3.9633047623810298E-003
7.0000000000000021E-002	3.8885371438978564E-003
7.2500000000000023E-002	3.7834832794963716E-003
7.5000000000000025E-002	3.6433000317573952E-003
7.7500000000000027E-002	3.4853867694596766E-003
8.0000000000000029E-002	3.1813125065762423E-003
8.2500000000000032E-002	2.4242730597703963E-003
8.5000000000000034E-002	1.5687744780170450E-003
8.7500000000000036E-002	1.3216527574651292E-003
9.0000000000000038E-002	1.5582284271653717E-003
9.2500000000000041E-002	4.5301509221043453E-003
9.5000000000000043E-002	6.1106005469292453E-004
9.7500000000000045E-002	9.4169840523781654E-004
1.0000000000000005E-001	4.0513334520920542E-004
1.0250000000000005E-001	4.8950260569537664E-005
1.0500000000000005E-001	1.8163575059657118E-003
1.0750000000000005E-001	1.4437237855991557E-003
1.1000000000000006E-001	1.0796506639414081E-003
1.1250000000000006E-001	6.8511381475598045E-004
1.1500000000000006E-001	2.5714746353181720E-004
1.1750000000000006E-001	-2.0290011957344731E-004
1.2000000000000006E-001	-6.9445390454843695E-004
1.2250000000000007E-001	-1.2172948965112887E-003
1.2500000000000006E-001	-1.7711724679311137E-003
1.2750000000000006E-001	-2.3557920353810017E-003
1.3000000000000006E-001	-2.9710507420803323E-003
1.3250000000000006E-001	-3.8136040417381190E-003
1.3500000000000006E-001	-4.4197257913374151E-003
1.3750000000000007E-001	-4.9362856318169645E-003
1.4000000000000007E-001	-5.4695395528338514E-003
1.4250000000000007E-001	-6.0150738664413615E-003
1.4500000000000007E-001	-6.5678099453703644E-003
1.4750000000000008E-001	-7.1245686087390700E-003
1.5000000000000008E-001	-7.6831609468717846E-003
1.5250000000000008E-001	-8.2417008579677258E-003
1.5500000000000008E-001	-8.7987316757324029E-003
1.5750000000000008E-001	-9.3528998006558294E-003
1.6000000000000009E-001	-9.8836749206832157E-003
1.6250000000000009E-001	-1.0431748272380038E-002
1.6500000000000009E-001	-1.0973512691010701E-002
1.6750000000000009E-001	-1.1508375772481084E-002
1.7000000000000010E-001	-1.2035776235382642E-002
1.7250000000000010E-001	-1.2556161891181116E-002
1.7500000000000010E-001	-1.3069142414160920E-002
1.7750000000000010E-001	-1.2132644492726875E-002
1.8000000000000010E-001	-1.2547740536922775E-002
1.8250000000000011E-001	-1.3419025486859505E-002
1.8500000000000011E-001	-1.3536254165260745E-002
1.8750000000000011E-001	-1.4304068279654277E-002
1.9000000000000011E-001	-1.3684182613332202E-002
1.9250000000000012E-001	-1.6583061811134805E-002
1.9500000000000012E-001	-1.6600021562578570E-002
1.9750000000000012E-001	-1.6672580681383012E-002
2.0000000000000012E-001	-1.6505816698256764E-002
2.0250000000000012E-001	-1.5750545036645830E-002
2.0500000000000013E-001	-1.9185914147408382E-002
2.0750000000000013E-001	-1.9549354022695906E-002
2.1000000000000013E-001	-1.9911025657868890E-002
2.1250000000000013E-001	-2.0257678257737347E-002
2.1500000000000014E-001	-2.0593921473625779E-002
2.1750000000000014E-001	-2.0925065019041122E-002
2.2000000000000014E-001	-2.1183474898822937E-002
2.2250000000000014E-001	-2.1512642282317015E-002
2.2500000000000014E-001	-2.1732361447581790E-002
2.2750000000000015E-001	-2.1988959759028870E-002
2.3000000000000015E-001	-2.2045703583919173E-002
2.3250000000000015E-001	-2.1686761315530170E-002
2.3500000000000015E-001	-2.3684699186059237E-002
2.3750000000000016E-001	-2.4047113909887844E-002
2.4000000000000016E-001	-2.4250301167251642E-002
2.4250000000000016E-001	-2.3014593812682369E-002
2.4500000000000016E-001	-2.2948348241301351E-002
2.4750000000000016E-001	-2.3557151621285754E-002
2.5000000000000017E-001	-2.3748410644767584E-002
2.5250000000000017E-001	-2.4068669952166520E-002
2.5500000000000017E-001	-2.4238099856119626E-002
2.5750000000000017E-001	-2.4469248589503050E-002
2.6000000000000018E-001	-2.4769614238748308E-002
2.6250000000000018E-001	-2.4899577075555856E-002
2.6500000000000018E-001	-2.5097618735779099E-002
2.6750000000000018E-001	-2.5373944035332722E-002
2.7000000000000018E-001	-2.5454392948971633E-002
2.7250000000000019E-001	-2.5712950522848183E-002
2.7500000000000019E-001	-2.5752147560027271E-002
2.7750000000000019E-001	-2.5876473892446499E-002
2.8000000000000019E-001	-2.6106395842200904E-002
2.8250000000000020E-001	-2.6065273338847374E-002
2.8500000000000020E-001	-2.6274463357129952E-002
2.8750000000000020E-001	-2.6155834345463699E-002
2.9000000000000020E-001	-2.6155352617779411E-002
2.9250000000000020E-001	-2.6336006564057848E-002
2.9500000000000021E-001	-2.6011204446487211E-002
2.9750000000000021E-001	-2.6179408462495255E-002
3.0000000000000021E-001	-2.5996660256500295E-002
3.0250000000000021E-001	-2.7129737820583682E-002
3.0500000000000022E-001	-2.6996219014170656E-002
3.0750000000000022E-001	-2.6850180735884611E-002
3.1000000000000022E-001	-2.6684277585088564E-002
3.1250000000000022E-001	-2.6582273259652713E-002
3.1500000000000022E-001	-2.5389473262261798E-002
3.1750000000000023E-001	-2.7001935379184366E-002
3.2000000000000023E-001	-2.6242667078743922E-002
3.2250000000000023E-001	-2.6565597164717819E-002
3.2500000000000023E-001	-2.7346908598649872E-002
3.2750000000000024E-001	-2.7395447690224752E-002
3.3000000000000024E-001	-2.6176223393566872E-002
3.3250000000000024E-001	-2.6839993546221647E-002
3.3500000000000024E-001	-2.8242659712534673E-002
3.3750000000000024E-001	-2.8241966705613672E-002
3.4000000000000025E-001	-2.7109253586795015E-002
3.4250000000000025E-001	-2.7756428743811894E-002
3.4500000000000025E-001	-2.6393061986436650E-002
3.4750000000000025E-001	-2.6725439578911402E-002
3.5000000000000026E-001	-2.6857123152520767E-002
3.5250000000000026E-001	-2.5402218019111227E-002
3.5500000000000026E-001	-2.7174951830033597E-002
3.5750000000000026E-001	-2.6427203482123709E-002
3.6000000000000026E-001	-2.7050426157966618E-002
3.6250000000000027E-001	-2.6435371745734210E-002
3.6500000000000027E-001	-2.6341072493780582E-002
3.6750000000000027E-001	-2.5550110113890509E-002
3.7000000000000027E-001	-2.4436824689445753E-002
3.7250000000000028E-001	-2.6378232544459135E-002
3.7500000000000028E-001	-2.6098256521624300E-002
3.7750000000000028E-001	-2.6043723626000204E-002
3.8000000000000028E-001	-2.6074192830150379E-002
3.8250000000000028E-001	-2.5774595175349586E-002
3.8500000000000029E-001	-2.5232926725436387E-002
3.8750000000000029E-001	-2.5707192009398156E-002
3.9000000000000029E-001	-2.5209363437355727E-002
3.9250000000000029E-001	-2.4940292219168804E-002
3.9500000000000030E-001	-2.4147733756982818E-002
3.9750000000000030E-001	-2.3485621662223694E-002
4.0000000000000030E-001	-2.3128419883015696E-002
4.0250000000000030E-001	-2.3413680602136309E-002
4.0500000000000030E-001	-2.3452974968992877E-002
4.0750000000000031E-001	-2.3166132136132989E-002
4.1000000000000031E-001	-2.3403258119807178E-002
4.1250000000000031E-001	-2.2850651620669786E-002
4.1500000000000031E-001	-2.2613781439469769E-002
4.1750000000000032E-001	-2.2055172045495772E-002
4.2000000000000032E-001	-2.1710778309938419E-002
4.2250000000000032E-001	-2.1132443710381248E-002
4.2500000000000032E-001	-2.0500362665573695E-002
4.2750000000000032E-001	-1.9443880891025816E-002
4.3000000000000033E-001	-1.9190609439189665E-002
4.3250000000000033E-001	-1.8586636118144505E-002
4.3500000000000033E-001	-1.7453787107479822E-002
4.3750000000000033E-001	-1.6688288730624661E-002
4.4000000000000034E-001	-1.7790306378633970E-002
4.4250000000000034E-001	-1.5839438341170287E-002
4.4500000000000034E-001	-1.7942369999690771E-002
4.4750000000000034E-001	-1.7226327078749746E-002
4.5000000000000034E-001	-1.7024072789186828E-002
4.5250000000000035E-001	-1.6414761136979567E-002
4.5500000000000035E-001	-1.5685673644529056E-002
4.5750000000000035E-001	-1.5280391929967047E-002
4.6000000000000035E-001	-1.4586213848324548E-002
4.6250000000000036E-001	-1.3806423338511339E-002
4.6500000000000036E-001	-1.3280830828736210E-002
4.6750000000000036E-001	-1.3833105727159404E-002
4.7000000000000036E-001	-1.3484085140160378E-002
4.7250000000000036E-001	-1.2964459362870303E-002
4.7500000000000037E-001	-1.2600926510564905E-002
4.7750000000000037E-001	-1.2015826151651371E-002
4.8000000000000037E-001	-1.1440933000537121E-002
4.8250000000000037E-001	-1.0860354022589461E-002
4.8500000000000038E-001	-1.0276175048954807E-002
4.8750000000000038E-001	-9.6923114221848915E-003
4.9000000000000038E-001	-9.1156025431124998E-003
4.9250000000000038E-001	-8.5539825163807454E-003
4.9500000000000038E-001	-8.0091410857927696E-003
4.9750000000000039E-001	-7.4584000471431778E-003
5.0000000000000033E-001	-6.9336308528565350E-003
5.0250000000000028E-001	-6.4137435607033236E-003
5.0500000000000023E-001	-5.8964325286584981E-003
5.0750000000000017E-001	-5.3915736224765774E-003
5.1000000000000012E-001	-4.8959701019758431E-003
5.1250000000000007E-001	-4.3821264685402761E-003
5.1500000000000001E-001	-3.8425332327514552E-003
5.1749999999999996E-001	-3.3096400598034295E-003
5.1999999999999991E-001	-2.8056963311789015E-003
5.2249999999999985E-001	-2.2866225724124975E-003
5.2499999999999980E-001	-1.7849820182441111E-003
5.2749999999999975E-001	-1.2632369156711828E-003
5.2999999999999969E-001	-7.4000944925837705E-004
5.3249999999999964E-001	-2.3448880239496943E-004
5.3499999999999959E-001	2.9371254487592819E-004
5.3749999999999953E-001	8.1843458251490073E-004
5.3999999999999948E-001	1.3476825006163257E-003
5.4249999999999943E-001	1.8760240327877356E-003
5.4499999999999937E-001	2.4050330302806816E-003
5.4749999999999932E-001	2.9355639480651164E-003
5.4999999999999927E-001	3.4651864752239308E-003
5.5249999999999921E-001	3.9954315942461443E-003
5.5499999999999916E-001	4.5260804166124451E-003
5.5749999999999911E-001	5.0411386601106074E-003
5.5999999999999905E-001	5.5720491346458118E-003
5.6249999999999900E-001	6.1175306250330578E-003
5.6499999999999895E-001	6.6479259258842094E-003
5.6749999999999889E-001	7.1780969975037941E-003
5.6999999999999884E-001	7.6935945154239889E-003
5.7249999999999879E-001	8.2953212257790929E-003
5.7499999999999873E-001	8.8505919718038575E-003
5.7749999999999868E-001	9.4950875034604722E-003
5.7999999999999863E-001	1.0028107105840288E-002
5.8249999999999857E-001	1.0546574037873105E-002
5.8499999999999852E-001	1.1063181735936007E-002
5.8749999999999847E-001	1.1418700520994640E-002
5.8999999999999841E-001	1.1973500671941912E-002
5.9249999999999836E-001	1.2628386497042669E-002
5.9499999999999831E-001	1.3156790647757231E-002
5.9749999999999825E-001	1.3672795994856232E-002
5.9999999999999820E-001	1.4183178926432682E-002
6.0249999999999815E-001	1.4686939600654640E-002
6.0499999999999809E-001	1.4996354273725686E-002
6.0749999999999804E-001	1.5545242971203481E-002
6.0999999999999799E-001	1.6205639136407473E-002
6.1249999999999793E-001	1.6723181144864319E-002
6.1499999999999788E-001	1.7230178327575542E-002
6.1749999999999783E-001	1.7728046946080461E-002
6.1999999999999778E-001	1.8221468272040135E-002
6.2249999999999772E-001	1.8708776051657518E-002
6.2499999999999767E-001	1.9188585260557313E-002
6.2749999999999762E-001	1.9669277806553292E-002
6.2999999999999756E-001	2.0147006204429049E-002
6.3249999999999751E-001	2.0624363249160314E-002
6.3499999999999746E-001	2.1097652838981629E-002
6.3749999999999740E-001	2.1567545709696594E-002
6.3999999999999735E-001	2.2029259332903353E-002
6.4249999999999730E-001	2.2485053208323627E-002
6.4499999999999724E-001	2.2946325682050642E-002
6.4749999999999719E-001	2.3408662597299772E-002
6.4999999999999714E-001	2.3864717390163104E-002
6.5249999999999708E-001	2.4309613524357204E-002
6.5499999999999703E-001	2.4758504575149297E-002
6.5749999999999698E-001	2.5203833479114146E-002
6.5999999999999692E-001	2.5655373494899384E-002
6.6249999999999687E-001	2.6095679409015117E-002
6.6499999999999682E-001	2.6531503846412775E-002
6.6749999999999676E-001	2.6948500019574578E-002
6.6999999999999671E-001	2.7377324873772257E-002
6.7249999999999666E-001	2.7801914891145873E-002
6.7499999999999660E-001	2.8236993478250878E-002
6.7749999999999655E-001	2.8655281064250807E-002
6.7999999999999650E-001	2.9067749240323945E-002
6.8249999999999644E-001	2.9457138451220839E-002
6.8499999999999639E-001	2.9862145226386038E-002
6.8749999999999634E-001	3.0296900696942183E-002
6.8999999999999628E-001	3.0691096625750511E-002
6.9249999999999623E-001	3.1100229225248112E-002
6.9499999999999618E-001	3.1493379484005102E-002
6.9749999999999612E-001	3.1880669383585414E-002
6.9999999999999607E-001	3.2262347656887125E-002
7.0249999999999602E-001	3.1953546293732198E-002
7.0499999999999596E-001	3.2311331348264832E-002
7.0749999999999591E-001	3.2663894568040079E-002
7.0999999999999586E-001	3.3012159837487939E-002
7.1249999999999580E-001	3.3383575862948538E-002
7.1499999999999575E-001	3.3725976796642590E-002
7.1749999999999570E-001	3.4055666356438107E-002
7.1999999999999564E-001	3.4343337068773884E-002
7.2249999999999559E-001	3.4660341181886302E-002
7.2499999999999554E-001	3.5003673643757727E-002
7.2749999999999548E-001	3.5310385940110434E-002
7.2999999999999543E-001	3.5579008017958706E-002
7.3249999999999538E-001	3.5895626810169987E-002
7.3499999999999532E-001	3.6221529500687077E-002
7.3749999999999527E-001	3.6508650331731764E-002
7.3999999999999522E-001	3.6761500013758330E-002
7.4249999999999516E-001	3.7043041515312965E-002
7.4499999999999511E-001	3.7350253580321575E-002
7.4749999999999506E-001	3.7594976920625196E-002
7.4999999999999500E-001	3.7898144662568758E-002
7.5249999999999495E-001	3.8169098272314933E-002
7.5499999999999490E-001	3.8409369305358640E-002
7.5749999999999484E-001	3.8840931711532356E-002
7.5999999999999479E-001	3.9125841610155768E-002
7.6249999999999474E-001	3.9381710620393480E-002
7.6499999999999468E-001	3.9592772120578087E-002
7.6749999999999463E-001	3.9853189181201884E-002
7.6999999999999458E-001	4.0109138629630385E-002
7.7249999999999452E-001	4.0360884822325367E-002
7.7499999999999447E-001	4.0608618588611173E-002
7.7749999999999442E-001	4.0895976954361493E-002
7.7999999999999436E-001	4.1137247895339811E-002
7.8249999999999431E-001	4.1376008330259451E-002
7.8499999999999426E-001	4.1608633036256601E-002
7.8749999999999420E-001	4.1738042804944975E-002
7.8999999999999415E-001	4.1965614189005560E-002
7.9249999999999410E-001	4.2247565715248417E-002
7.9499999999999404E-001	4.2466263154783655E-002
7.9749999999999399E-001	4.2712494134982931E-002
7.9999999999999394E-001	4.2921915411149050E-002
8.0249999999999388E-001	4.3130756307063180E-002
8.0499999999999383E-001	4.3335403462536108E-002
8.0749999999999378E-001	4.3500981957807376E-002
8.0999999999999373E-001	4.3700467613268464E-002
8.1249999999999367E-001	4.3894219758683899E-002
8.1499999999999362E-001	4.4086099015926340E-002
8.1749999999999357E-001	4.4274456782667955E-002
8.1999999999999351E-001	4.4492938385011366E-002
8.2249999999999346E-001	4.4675762339943310E-002
8.2499999999999341E-001	4.4855051674495057E-002
8.2749999999999335E-001	4.5031075665339558E-002
8.2999999999999330E-001	4.5173582300478222E-002
8.3249999999999325E-001	4.5346190562739502E-002
8.3499999999999319E-001	4.5516193942360360E-002
8.3749999999999314E-001	4.5684633170359562E-002
8.3999999999999309E-001	4.5885610152680709E-002
8.4249999999999303E-001	4.6091242464587616E-002
8.4499999999999298E-001	4.6290689694967364E-002
8.4749999999999293E-001	4.6473331316345033E-002
8.4999999999999287E-001	4.6630477214195928E-002
8.5249999999999282E-001	4.6775959608716181E-002
8.5499999999999277E-001	4.6915715414770069E-002
8.5749999999999271E-001	4.7053918198369120E-002
8.5999999999999266E-001	4.7188881783855163E-002
8.6249999999999261E-001	4.7318492364844526E-002
8.6499999999999255E-001	4.7441148913810849E-002
8.6749999999999250E-001	4.7575249607797861E-002
8.6999999999999245E-001	4.7674393703044757E-002
8.7249999999999239E-001	4.7770075592792317E-002
8.7499999999999234E-001	4.7853227849088895E-002
8.7749999999999229E-001	4.7967725625318904E-002
8.7999999999999223E-001	4.8038639178258770E-002
8.8249999999999218E-001	4.8109904875256612E-002
8.8499999999999213E-001	4.8180833655290814E-002
8.8749999999999207E-001	4.8285189305597831E-002
8.8999999999999202E-001	4.8447080454123138E-002
8.9249999999999197E-001	4.8684459985961007E-002
8.9499999999999191E-001	4.8983920109362408E-002
8.9749999999999186E-001	4.9319926648540506E-002
8.9999999999999181E-001	4.9628447691470186E-002
9.0249999999999175E-001	4.9915306052770073E-002
9.0499999999999170E-001	5.0186339373505119E-002
9.0749999999999165E-001	5.0442919778255074E-002
9.0999999999999159E-001	5.0686316039006758E-002
9.1249999999999154E-001	5.0917895686438210E-002
9.1499999999999149E-001	5.1138955560345936E-002
9.1749999999999143E-001	5.1350820436840285E-002
9.1999999999999138E-001	5.1554627778235655E-002
9.2249999999999133E-001	5.1753642008765789E-002
9.2499999999999127E-001	5.3060330340605255E-002
9.2749999999999122E-001	5.3222026881469979E-002
9.2999999999999117E-001	5.3164143046675945E-002
9.3249999999999111E-001	5.3284475057003081E-002
9.3499999999999106E-001	5.3413385265899359E-002
9.3749999999999101E-001	5.3538126804300284E-002
9.3999999999999095E-001	5.3662556665545660E-002
9.4249999999999090E-001	5.3780319078318484E-002
9.4499999999999085E-001	5.3894580441205160E-002
9.4749999999999079E-001	5.4006961724875284E-002
9.4999999999999074E-001	5.4119577760720024E-002
9.5249999999999069E-001	5.4230187095218436E-002
9.5499999999999063E-001	5.4338090989814514E-002
9.5749999999999058E-001	5.4445859619301443E-002
9.5999999999999053E-001	5.4545638220672751E-002
9.6249999999999047E-001	5.4651969289039780E-002
9.6499999999999042E-001	5.4758230522047112E-002
9.6749999999999037E-001	5.4861174332085497E-002
9.6999999999999031E-001	5.4967317959744917E-002
9.7249999999999026E-001	5.5079808983661681E-002
9.7499999999999021E-001	5.5196197558241268E-002
9.7749999999999015E-001	5.5318372173639364E-002
9.7999999999999010E-001	5.5436081355599652E-002
9.8249999999999005E-001	5.5553440878557188E-002
9.8499999999998999E-001	5.5670267856164704E-002
9.8749999999998994E-001	5.5786365128071266E-002
9.8999999999998989E-001	5.5901608377036671E-002
9.9249999999998983E-001	5.6015823051064728E-002
9.9499999999998978E-001	5.6128889664022394E-002
9.9749999999998973E-001	5.6240697122999221E-002
9.9999999999998967E-001	5.6351143247740779E-002
1.0024999999999897E+000	5.6460081351768353E-002
1.0049999999999897E+000	5.6567461767304227E-002
1.0074999999999896E+000	5.6673321044961672E-002
1.0099999999999896E+000	5.6777586113060052E-002
1.0124999999999895E+000	5.7376194019467287E-002
1.0149999999999895E+000	5.7314090076001335E-002
1.0174999999999894E+000	5.7359226025293010E-002
1.0199999999999894E+000	5.7421585529927141E-002
1.0224999999999893E+000	5.7489662619800409E-002
1.0249999999999893E+000	5.7560765215464313E-002
1.0274999999999892E+000	5.7634367362785953E-002
1.0299999999999891E+000	5.7708067456689459E-002
1.0324999999999891E+000	5.7782015027225915E-002
1.0349999999999890E+000	5.7855842535021851E-002
1.0374999999999890E+000	5.7929268286003435E-002
1.0399999999999889E+000	5.8001813321960555E-002
1.0424999999999889E+000	5.8073279988642548E-002
1.0449999999999888E+000	5.8143529350889067E-002
1.0474999999999888E+000	5.8212094623941280E-002
1.0499999999999887E+000	5.8278837970556219E-002
1.0524999999999887E+000	5.8343538585981319E-002
1.0549999999999886E+000	5.8405943293606190E-002
1.0574999999999886E+000	5.8465794406808776E-002
1.0599999999999885E+000	5.8522914395490511E-002
1.0624999999999885E+000	5.8576984119388428E-002
1.0649999999999884E+000	5.8627758864038558E-002
1.0674999999999883E+000	5.8675170105268723E-002
1.0699999999999883E+000	5.8718700909102139E-002
1.0724999999999882E+000	5.8758326035230124E-002
1.0749999999999882E+000	5.8793819774543975E-002
1.0774999999999881E+000	5.8825539004191005E-002
1.0799999999999881E+000	5.8855565845891501E-002
1.0824999999999880E+000	5.8918034348727250E-002
1.0849999999999880E+000	5.8928192936745449E-002
1.0874999999999879E+000	5.9019405469025961E-002
1.0899999999999879E+000	5.9006238161982243E-002
1.0924999999999878E+000	5.8985117084062268E-002
1.0949999999999878E+000	5.8969118105678654E-002
1.0974999999999877E+000	5.9942777778026486E-002
1.0999999999999877E+000	5.9871595484259930E-002
1.1024999999999876E+000	6.0271541445839336E-002
1.1049999999999875E+000	6.0498919794706840E-002
1.1074999999999875E+000	6.0682240140774751E-002
1.1099999999999874E+000	6.0843046004682905E-002
1.1124999999999874E+000	6.1102837198949239E-002
1.1149999999999873E+000	6.1238076222830562E-002
1.1174999999999873E+000	6.1542767403480136E-002
1.1199999999999872E+000	6.1401801020027943E-002
1.1224999999999872E+000	6.1847144727364335E-002
1.1249999999999871E+000	6.2141754272860943E-002
1.1274999999999871E+000	6.2305748558983659E-002
1.1299999999999870E+000	6.2465558656005934E-002
1.1324999999999870E+000	6.2715265963835851E-002
1.1349999999999869E+000	6.2898629438500206E-002
1.1374999999999869E+000	6.3128094704097498E-002
1.1399999999999868E+000	6.3613884195119264E-002
1.1424999999999867E+000	6.3761960166460588E-002
1.1449999999999867E+000	6.3863229496507648E-002
1.1474999999999866E+000	6.4157167932578640E-002
1.1499999999999866E+000	6.4381878796002906E-002
1.1524999999999865E+000	6.4545106180078887E-002
1.1549999999999865E+000	6.4399866085258509E-002
1.1574999999999864E+000	6.3991973648043252E-002
1.1599999999999864E+000	6.4333731310156017E-002
1.1624999999999863E+000	6.3424840926553691E-002
1.1649999999999863E+000	6.4239783002165637E-002
1.1674999999999862E+000	6.4607917336357304E-002
1.1699999999999862E+000	6.4889230963785752E-002
1.1724999999999861E+000	6.5136456703854415E-002
1.1749999999999861E+000	6.4972314010929233E-002
1.1774999999999860E+000	6.5348228222812069E-002
1.1799999999999859E+000	6.5536579614751705E-002
1.1824999999999859E+000	6.6031027768911885E-002
1.1849999999999858E+000	6.6526501124039350E-002
1.1874999999999858E+000	6.5833289993468588E-002
1.1899999999999857E+000	6.6549857513329466E-002
1.1924999999999857E+000	6.6804253339318512E-002
1.1949999999999856E+000	6.7246608225081689E-002
1.1974999999999856E+000	6.7523499036080625E-002
1.1999999999999855E+000	6.7858999110465862E-002
1.2024999999999855E+000	6.8093397405364339E-002
1.2049999999999854E+000	6.8643455079649709E-002
1.2074999999999854E+000	6.8930200911314909E-002
1.2099999999999853E+000	6.9221667762517342E-002
1.2124999999999853E+000	6.8869985651945700E-002
1.2149999999999852E+000	6.9532841161263043E-002
1.2174999999999851E+000	7.0735766102986292E-002
1.2199999999999851E+000	7.0701948539793502E-002
1.2224999999999850E+000	7.1271830577637710E-002
1.2249999999999850E+000	7.0773536955517136E-002
1.2274999999999849E+000	7.1129528325432595E-002
1.2299999999999849E+000	7.2444655494595209E-002
1.2324999999999848E+000	7.1920650781902212E-002
1.2349999999999848E+000	7.2083988808784638E-002
1.2374999999999847E+000	7.2278091649074866E-002
1.2399999999999847E+000	7.2622761973834216E-002
1.2424999999999846E+000	7.2760864275394105E-002
1.2449999999999846E+000	7.3246204416644423E-002
1.2474999999999845E+000	7.3395070690860487E-002
1.2499999999999845E+000	7.3585820835231547E-002
1.2524999999999844E+000	7.3780009842147470E-002
1.2549999999999844E+000	7.3973912837192290E-002
1.2574999999999843E+000	7.3192477806346024E-002
1.2599999999999842E+000	7.3230558227501227E-002
1.2624999999999842E+000	7.4043612043367485E-002
1.2649999999999841E+000	7.4295828330756486E-002
1.2674999999999841E+000	7.4564954813050310E-002
1.2699999999999840E+000	7.4888922586612464E-002
1.2724999999999840E+000	7.5100487870990690E-002
1.2749999999999839E+000	7.5132002131054046E-002
1.2774999999999839E+000	7.5371444919438285E-002
1.2799999999999838E+000	7.5633303907589947E-002
1.2824999999999838E+000	7.6610880590016958E-002
1.2849999999999837E+000	7.6749195141991147E-002
1.2874999999999837E+000	7.7031082502303311E-002
1.2899999999999836E+000	7.7081664386091431E-002
1.2924999999999836E+000	7.7548723670700065E-002
1.2949999999999835E+000	7.7707145930218907E-002
1.2974999999999834E+000	7.7881771744323355E-002
1.2999999999999834E+000	7.8245774287803244E-002
1.3024999999999833E+000	7.8402313404529828E-002
1.3049999999999833E+000	7.8596957272185922E-002
1.3074999999999832E+000	7.8749254433575042E-002
1.3099999999999832E+000	7.9118416098146835E-002
1.3124999999999831E+000	7.9143776016148915E-002
1.3149999999999831E+000	7.9790180188299475E-002
1.3174999999999830E+000	7.9898977997954104E-002
1.3199999999999830E+000	8.0174806718454089E-002
1.3224999999999829E+000	8.0349248354653208E-002
1.3249999999999829E+000	8.0454541866950710E-002
1.3274999999999828E+000	8.0619669771156297E-002
1.3299999999999828E+000	8.0826522358794103E-002
1.3324999999999827E+000	8.1215264848565963E-002
1.3349999999999826E+000	8.1511107683198164E-002
1.3374999999999826E+000	8.1696181907461030E-002
1.3399999999999825E+000	8.1903499634009239E-002
1.3424999999999825E+000	8.2279909935479650E-002
1.3449999999999824E+000	8.2472411803051662E-002
1.3474999999999824E+000	8.2712472376466215E-002
1.3499999999999823E+000	8.3081086151613415E-002
1.3524999999999823E+000	8.3313478151861825E-002
1.3549999999999822E+000	8.3525090111949835E-002
1.3574999999999822E+000	8.3886300867160854E-002
1.3599999999999821E+000	8.4126621791692308E-002
1.3624999999999821E+000	8.4341054018122863E-002
1.3649999999999820E+000	8.4695567502875935E-002
1.3674999999999820E+000	8.4942921520076112E-002
1.3699999999999819E+000	8.5167198792158894E-002
1.3724999999999818E+000	8.5460217417935497E-002
1.3749999999999818E+000	8.5741533364847189E-002
1.3774999999999817E+000	8.6014906018529222E-002
1.3799999999999817E+000	8.6291013312378650E-002
1.3824999999999816E+000	8.6564919807860380E-002
1.3849999999999816E+000	8.6842123433247473E-002
1.3874999999999815E+000	8.7116856658534692E-002
1.3899999999999815E+000	8.7395291081117071E-002
1.3924999999999814E+000	8.7670992578893270E-002
1.3949999999999814E+000	8.7950821040642502E-002
1.3974999999999813E+000	8.8227637903795814E-002
1.3999999999999813E+000	8.8509028571350401E-002
1.4024999999999812E+000	8.8787115083738072E-002
1.4049999999999812E+000	8.9070236368491554E-002
1.4074999999999811E+000	8.9349750256184746E-002
1.4099999999999810E+000	8.9634771147153403E-002
1.4124999999999810E+000	8.9915868022685530E-002
1.4149999999999809E+000	9.0202955765026016E-002
1.4174999999999809E+000	9.0485792153713010E-002
1.4199999999999808E+000	9.0788268689410576E-002
1.4224999999999808E+000	9.1134279577156002E-002
1.4249999999999807E+000	9.1448834948103894E-002
1.4274999999999807E+000	9.1750884822638226E-002
1.4299999999999806E+000	9.2047034864267491E-002
1.4324999999999806E+000	9.2340713155493331E-002
1.4349999999999805E+000	9.2633434523630750E-002
1.4374999999999805E+000	9.2925960095315022E-002
1.4399999999999804E+000	9.3218660630030203E-002
1.4424999999999804E+000	9.3511732462237762E-002
1.4449999999999803E+000	9.3805268956633936E-002
1.4474999999999802E+000	9.4099253150562515E-002
1.4499999999999802E+000	9.4393480525907916E-002
1.4524999999999801E+000	9.4687172073704071E-002
1.4549999999999801E+000	9.4974581474523298E-002
1.4574999999999800E+000	9.5266350874253378E-002
1.4599999999999800E+000	9.5560090339420423E-002
1.4624999999999799E+000	9.5859897045428008E-002
1.4649999999999799E+000	9.6161838341316863E-002
1.4674999999999798E+000	9.6466756550567023E-002
1.4699999999999798E+000	9.6773395112225519E-002
1.4724999999999797E+000	9.7081213783018455E-002
1.4749999999999797E+000	9.7390299612663503E-002
1.4774999999999796E+000	9.7701727451155393E-002
1.4799999999999796E+000	9.8012795025415503E-002
1.4824999999999795E+000	9.8326164339330627E-002
1.4849999999999794E+000	9.8640415818102234E-002
1.4874999999999794E+000	9.8982981371082454E-002
1.4899999999999793E+000	9.9343479821975458E-002
1.4924999999999793E+000	9.9707135746529951E-002
1.4949999999999792E+000	1.0006081719227670E-001
1.4974999999999792E+000	1.0040005271997456E-001
1.4999999999999791E+000	1.0073129027371287E-001
1.5024999999999791E+000	1.0105819752370662E-001
1.5049999999999790E+000	1.0138269790180274E-001
1.5074999999999790E+000	1.0170591324878105E-001
1.5099999999999789E+000	1.0202848908041728E-001
1.5124999999999789E+000	1.0235085690436047E-001
1.5149999999999788E+000	1.0267330811912795E-001
1.5174999999999788E+000	1.0299604138792313E-001
1.5199999999999787E+000	1.0331919162520407E-001
1.5224999999999786E+000	1.0364284883622946E-001
1.5249999999999786E+000	1.0396711991027033E-001
1.5274999999999785E+000	1.0429170829950428E-001
1.5299999999999785E+000	1.0461763504460557E-001
1.5324999999999784E+000	1.0494385567484585E-001
1.5349999999999784E+000	1.0527013078511435E-001
1.5374999999999783E+000	1.0559675354611306E-001
1.5399999999999783E+000	1.0592380059172507E-001
1.5424999999999782E+000	1.0625366623423121E-001
1.5449999999999782E+000	1.0658278246704372E-001
1.5474999999999781E+000	1.0691221866710625E-001
1.5499999999999781E+000	1.0724203308408931E-001
1.5524999999999780E+000	1.0757223372409451E-001
1.5549999999999780E+000	1.0790281629200252E-001
1.5574999999999779E+000	1.0823377082544923E-001
1.5599999999999778E+000	1.0856508372277122E-001
1.5624999999999778E+000	1.0889747071559547E-001
1.5649999999999777E+000	1.0923039370104240E-001
1.5674999999999777E+000	1.0956320913601993E-001
1.5699999999999776E+000	1.0989615957224871E-001
1.5724999999999776E+000	1.1022928585660477E-001
1.5749999999999775E+000	1.1056260190027763E-001
1.5774999999999775E+000	1.1089610926934855E-001
1.5799999999999774E+000	1.1122979838240560E-001
1.5824999999999774E+000	1.1156365441380468E-001
1.5849999999999773E+000	1.1189766002622004E-001
1.5874999999999773E+000	1.1223179973248620E-001
1.5899999999999772E+000	1.1256605619427629E-001
1.5924999999999772E+000	1.1290041254970905E-001
1.5949999999999771E+000	1.1323593823903749E-001
1.5974999999999770E+000	1.1357098179870931E-001
1.5999999999999770E+000	1.1390578746189231E-001
1.6024999999999769E+000	1.1424061734135833E-001
1.6049999999999769E+000	1.1457544196346585E-001
1.6074999999999768E+000	1.1491025123477819E-001
1.6099999999999768E+000	1.1535912706731699E-001
1.6124999999999767E+000	1.1567025398024476E-001
1.6149999999999767E+000	1.1600348381633489E-001
1.6174999999999766E+000	1.1635749099533214E-001
1.6199999999999766E+000	1.1670145285199710E-001
1.6224999999999765E+000	1.1703807116716394E-001
1.6249999999999765E+000	1.1737881754310639E-001
1.6274999999999764E+000	1.1768830061903809E-001
1.6299999999999764E+000	1.1801378464957968E-001
1.6324999999999763E+000	1.1836423898694458E-001
1.6349999999999763E+000	1.1871921264566256E-001
1.6374999999999762E+000	1.1902804613017295E-001
1.6399999999999761E+000	1.1934866480128897E-001
1.6424999999999761E+000	1.1974471728090862E-001
1.6449999999999760E+000	1.2003000091435041E-001
1.6474999999999760E+000	1.2041114891269694E-001
1.6499999999999759E+000	1.2072147780570661E-001
1.6524999999999759E+000	1.2107675489697839E-001
1.6549999999999758E+000	1.2139377829697370E-001
1.6574999999999758E+000	1.2173691981328555E-001
1.6599999999999757E+000	1.2207258465382749E-001
1.6624999999999757E+000	1.2240247727394482E-001
1.6649999999999756E+000	1.2272893706000342E-001
1.6674999999999756E+000	1.2305338102425466E-001
1.6699999999999755E+000	1.2337663334631778E-001
1.6724999999999755E+000	1.2369918686486550E-001
1.6749999999999754E+000	1.2402134554233153E-001
1.6774999999999753E+000	1.2434330051873765E-001
1.6799999999999753E+000	1.2466517242732236E-001
1.6824999999999752E+000	1.2498748957841725E-001
1.6849999999999752E+000	1.2530988722903205E-001
1.6874999999999751E+000	1.2563232754994944E-001
1.6899999999999751E+000	1.2595482360666113E-001
1.6924999999999750E+000	1.2628075719689044E-001
1.6949999999999750E+000	1.2660354786656894E-001
1.6974999999999749E+000	1.2692638293953026E-001
1.6999999999999749E+000	1.2724924229804321E-001
1.7024999999999748E+000	1.2757212538512908E-001
1.7049999999999748E+000	1.2789501149143104E-001
1.7074999999999747E+000	1.2821788636302617E-001
1.7099999999999747E+000	1.2854073690602894E-001
1.7124999999999746E+000	1.2886356856061371E-001
1.7149999999999745E+000	1.2918630920083041E-001
1.7174999999999745E+000	1.2950897823482260E-001
1.7199999999999744E+000	1.2983156099094975E-001
1.7224999999999744E+000	1.3015403200813386E-001
1.7249999999999743E+000	1.3047639583198553E-001
1.7274999999999743E+000	1.3079864269661126E-001
1.7299999999999742E+000	1.3112075391660546E-001
1.7324999999999742E+000	1.3144271887172426E-001
1.7349999999999741E+000	1.3176452647278336E-001
1.7374999999999741E+000	1.3208616548609858E-001
1.7399999999999740E+000	1.3240762506472686E-001
1.7424999999999740E+000	1.3272889479432901E-001
1.7449999999999739E+000	1.3304996446504236E-001
1.7474999999999739E+000	1.3337082453881074E-001
1.7499999999999738E+000	1.3369146585485969E-001
1.7524999999999737E+000	1.3401188039482737E-001
1.7549999999999737E+000	1.3433205276509610E-001
1.7574999999999736E+000	1.3465250140692550E-001
1.7599999999999736E+000	1.3497220834092907E-001
1.7624999999999735E+000	1.3529166145772104E-001
1.7649999999999735E+000	1.3561083349056124E-001
1.7674999999999734E+000	1.3592972329975411E-001
1.7699999999999734E+000	1.3624832477320772E-001
1.7724999999999733E+000	1.3656662998110217E-001
1.7749999999999733E+000	1.3688463238046680E-001
1.7774999999999732E+000	1.3720232545408978E-001
1.7799999999999732E+000	1.3751970354786905E-001
1.7824999999999731E+000	1.3783676097639638E-001
1.7849999999999731E+000	1.3815349248084874E-001
1.7874999999999730E+000	1.3846989122084050E-001
1.7899999999999729E+000	1.3878595201156962E-001
1.7924999999999729E+000	1.3910166930994772E-001
1.7949999999999728E+000	1.3941703748851272E-001
1.7974999999999728E+000	1.3973205119894694E-001
1.7999999999999727E+000	1.4004670485707274E-001
1.8024999999999727E+000	1.4036099286752354E-001
1.8049999999999726E+000	1.4067490981367956E-001
1.8074999999999726E+000	1.4098845006628885E-001
1.8099999999999725E+000	1.4130160802207917E-001
1.8124999999999725E+000	1.4161437797427767E-001
1.8149999999999724E+000	1.4192675422080384E-001
1.8174999999999724E+000	1.4223873145019642E-001
1.8199999999999723E+000	1.4255030433027549E-001
1.8224999999999723E+000	1.4309133479166466E-001
1.8249999999999722E+000	1.4335759014826072E-001
1.8274999999999721E+000	1.4360423365731395E-001
1.8299999999999721E+000	1.4391273737970331E-001
1.8324999999999720E+000	1.4421990463917045E-001
1.8349999999999720E+000	1.4452426056180712E-001
1.8374999999999719E+000	1.4482685656321423E-001
1.8399999999999719E+000	1.4512834918054296E-001
1.8424999999999718E+000	1.4542912046416495E-001
1.8449999999999718E+000	1.4572940611971671E-001
1.8474999999999717E+000	1.4602935406859921E-001
1.8499999999999717E+000	1.4632905570475374E-001
1.8524999999999716E+000	1.4662856433654289E-001
1.8549999999999716E+000	1.4692790746869724E-001
1.8574999999999715E+000	1.4722709653613689E-001
1.8599999999999715E+000	1.4752612649389676E-001
1.8624999999999714E+000	1.4782498963489152E-001
1.8649999999999713E+000	1.4812367174092880E-001
1.8674999999999713E+000	1.4842215506081477E-001
1.8699999999999712E+000	1.4872042009980024E-001
1.8724999999999712E+000	1.4901844630535038E-001
1.8749999999999711E+000	1.4931621270591713E-001
1.8774999999999711E+000	1.4961369845742714E-001
1.8799999999999710E+000	1.4991088301337957E-001
1.8824999999999710E+000	1.5020774624255270E-001
1.8849999999999709E+000	1.5050426880390841E-001
1.8874999999999709E+000	1.5080043213706221E-001
1.8899999999999708E+000	1.5109621845067561E-001
1.8924999999999708E+000	1.5139161095455683E-001
1.8949999999999707E+000	1.5168659370126530E-001
1.8974999999999707E+000	1.5198115111490415E-001
1.8999999999999706E+000	1.5247683803217160E-001
1.9024999999999705E+000	1.5272914566473980E-001
1.9049999999999705E+000	1.5294613062461168E-001
1.9074999999999704E+000	1.5323805430823975E-001
1.9099999999999704E+000	1.5352910607700762E-001
1.9124999999999703E+000	1.5381755545664616E-001
1.9149999999999703E+000	1.5410438091939410E-001
1.9174999999999702E+000	1.5439014766720943E-001
1.9199999999999702E+000	1.5467515650677377E-001
1.9224999999999701E+000	1.5495955925628829E-001
1.9249999999999701E+000	1.5524349101887683E-001
1.9274999999999700E+000	1.5552702508193625E-001
1.9299999999999700E+000	1.5581019174982699E-001
1.9324999999999699E+000	1.5609299918922165E-001
1.9349999999999699E+000	1.5637544636699580E-001
1.9374999999999698E+000	1.5665752655107906E-001
1.9399999999999697E+000	1.5693922717276793E-001
1.9424999999999697E+000	1.5722053142490169E-001
1.9449999999999696E+000	1.5750141946396168E-001
1.9474999999999696E+000	1.5778187099113947E-001
1.9499999999999695E+000	1.5806186618447005E-001
1.9524999999999695E+000	1.5834138741209888E-001
1.9549999999999694E+000	1.5862041701020152E-001
1.9574999999999694E+000	1.5889893773668751E-001
1.9599999999999693E+000	1.5917693288711318E-001
1.9624999999999693E+000	1.5963434768039514E-001
1.9649999999999692E+000	1.5987069991871228E-001
1.9674999999999692E+000	1.6006381337106754E-001
1.9699999999999691E+000	1.6034078237695443E-001
1.9724999999999691E+000	1.6061641045289768E-001
1.9749999999999690E+000	1.6088914109886163E-001
1.9774999999999689E+000	1.6116010707819259E-001
1.9799999999999689E+000	1.6142989848412304E-001
1.9824999999999688E+000	1.6169880577753898E-001
1.9849999999999688E+000	1.6196699185873764E-001
1.9874999999999687E+000	1.6223455399831901E-001
1.9899999999999687E+000	1.6250151786925840E-001
1.9924999999999686E+000	1.6276794705680125E-001
1.9949999999999686E+000	1.6303386570202683E-001
1.9974999999999685E+000	1.6329927293484664E-001
1.9999999999999685E+000	1.6356416063882145E-001
2.0024999999999684E+000	1.6382851889206279E-001
2.0049999999999684E+000	1.6409233648110599E-001
2.0074999999999683E+000	1.6435560021106957E-001
2.0099999999999683E+000	1.6461829566805247E-001
2.0124999999999682E+000	1.6488040769384602E-001
2.0149999999999681E+000	1.6514192039196121E-001
2.0174999999999681E+000	1.6540281968414933E-001
2.0199999999999680E+000	1.6566309831530082E-001
2.0224999999999680E+000	1.6592273522862552E-001
2.0249999999999679E+000	1.6618171669308121E-001
2.0274999999999679E+000	1.6644003079970107E-001
2.0299999999999678E+000	1.6669766516254073E-001
2.0324999999999678E+000	1.6695460760203970E-001
2.0349999999999677E+000	1.6721085592940119E-001
2.0374999999999677E+000	1.6746639268540772E-001
2.0399999999999676E+000	1.6772119145808451E-001
2.0424999999999676E+000	1.6797525154708837E-001
2.0449999999999675E+000	1.6822856536788316E-001
2.0474999999999675E+000	1.6848112270056653E-001
2.0499999999999674E+000	1.6873291445128633E-001
2.0524999999999674E+000	1.6898397734340725E-001
2.0549999999999673E+000	1.6923426689798354E-001
2.0574999999999672E+000	1.6948378647535994E-001
2.0599999999999672E+000	1.6973253151623116E-001
2.0624999999999671E+000	1.6998049283293815E-001
2.0649999999999671E+000	1.7022765897055783E-001
2.0674999999999670E+000	1.7047402076043969E-001
2.0699999999999670E+000	1.7071957098682702E-001
2.0724999999999669E+000	1.7096430268952340E-001
2.0749999999999669E+000	1.7120820888434676E-001
2.0774999999999668E+000	1.7145128272190607E-001
2.0799999999999668E+000	1.7169351773027772E-001
2.0824999999999667E+000	1.7193490773638836E-001
2.0849999999999667E+000	1.7217544419658970E-001
2.0874999999999666E+000	1.7241511576506507E-001
2.0899999999999666E+000	1.7265392296457330E-001
2.0924999999999665E+000	1.7289186011104118E-001
2.0949999999999664E+000	1.7312845115192338E-001
2.0974999999999664E+000	1.7336393290196878E-001
2.0999999999999663E+000	1.7359924655953374E-001
2.1024999999999663E+000	1.7383366932689262E-001
2.1049999999999662E+000	1.7406719752532668E-001
2.1074999999999662E+000	1.7429982635548097E-001
2.1099999999999661E+000	1.7453155160334796E-001
2.1124999999999661E+000	1.7476236946877785E-001
2.1149999999999660E+000	1.7499227640761045E-001
2.1174999999999660E+000	1.7522126905915880E-001
2.1199999999999659E+000	1.7544934404365967E-001
2.1224999999999659E+000	1.7567649810429292E-001
2.1249999999999658E+000	1.7590272813447536E-001
2.1274999999999658E+000	1.7612803118522111E-001
2.1299999999999657E+000	1.7635240435632757E-001
2.1324999999999656E+000	1.7657584482401290E-001
2.1349999999999656E+000	1.7679834986635654E-001
2.1374999999999655E+000	1.7701991683528534E-001
2.1399999999999655E+000	1.7724054299549677E-001
2.1424999999999654E+000	1.7746022587063631E-001
2.1449999999999654E+000	1.7767897501097024E-001
2.1474999999999653E+000	1.7789678428426658E-001
2.1499999999999653E+000	1.7811364056749454E-001
2.1524999999999652E+000	1.7832954241690721E-001
2.1549999999999652E+000	1.7854448989492419E-001
2.1574999999999651E+000	1.7875848143289352E-001
2.1599999999999651E+000	1.7897151502756076E-001
2.1624999999999650E+000	1.7918358880162619E-001
2.1649999999999650E+000	1.7939535296173847E-001
2.1674999999999649E+000	1.7960538868128931E-001
2.1699999999999648E+000	1.7981448304497705E-001
2.1724999999999648E+000	1.8002263723456940E-001
2.1749999999999647E+000	1.8022984004468787E-001
2.1774999999999647E+000	1.8043608847770914E-001
2.1799999999999646E+000	1.8064138106920422E-001
2.1824999999999646E+000	1.8084571555995815E-001
2.1849999999999645E+000	1.8104909558657450E-001
2.1874999999999645E+000	1.8125151407729856E-001
2.1899999999999644E+000	1.8145296887636944E-001
2.1924999999999644E+000	1.8165345905689215E-001
2.1949999999999643E+000	1.8185298367160041E-001
2.1974999999999643E+000	1.8205154186215858E-001
2.1999999999999642E+000	1.8224913287408073E-001
2.2024999999999642E+000	1.8244575631029894E-001
2.2049999999999641E+000	1.8264141199111755E-001
2.2074999999999640E+000	1.8283610012086038E-001
2.2099999999999640E+000	1.8302982117153332E-001
2.2124999999999639E+000	1.8322257574116554E-001
2.2149999999999639E+000	1.8341436454452803E-001
2.2174999999999638E+000	1.8360518857288263E-001
2.2199999999999638E+000	1.8379504894561927E-001
2.2224999999999637E+000	1.8398394652434555E-001
2.2249999999999637E+000	1.8417188248658203E-001
2.2274999999999636E+000	1.8435885783491482E-001
2.2299999999999636E+000	1.8454487392340976E-001
2.2324999999999635E+000	1.8472993194333465E-001
2.2349999999999635E+000	1.8491403352121499E-001
2.2374999999999634E+000	1.8509718040342069E-001
2.2399999999999634E+000	1.8527937480901163E-001
2.2424999999999633E+000	1.8546061906250411E-001
2.2449999999999632E+000	1.8564091564947369E-001
2.2474999999999632E+000	1.8582026726968096E-001
2.2499999999999631E+000	1.8599867677995954E-001
2.2524999999999631E+000	1.8617614728998125E-001
2.2549999999999630E+000	1.8635268213888459E-001
2.2574999999999630E+000	1.8652828483703981E-001
2.2599999999999629E+000	1.8670295899938061E-001
2.2624999999999629E+000	1.8687670836961451E-001
2.2649999999999628E+000	1.8704953692529711E-001
2.2674999999999628E+000	1.8722144886003869E-001
2.2699999999999627E+000	1.8739241343439758E-001
2.2724999999999627E+000	1.8756246132357723E-001
2.2749999999999626E+000	1.8773159017665927E-001
2.2774999999999626E+000	1.8789979459463288E-001
2.2799999999999625E+000	1.8806708414228174E-001
2.2824999999999624E+000	1.8823347145857189E-001
2.2849999999999624E+000	1.8839896619739618E-001
2.2874999999999623E+000	1.8886944514991066E-001
2.2899999999999623E+000	1.8898308588392379E-001
2.2924999999999622E+000	1.8901247399460983E-001
2.2949999999999622E+000	1.8915392449480797E-001
2.2974999999999621E+000	1.8930196231619731E-001
2.2999999999999621E+000	1.8945198597175733E-001
2.3024999999999620E+000	1.8976960999522555E-001
2.3049999999999620E+000	1.8995050628005020E-001
2.3074999999999619E+000	1.8997196797287338E-001
2.3099999999999619E+000	1.9024237079024395E-001
2.3124999999999618E+000	1.9042076879979822E-001
2.3149999999999618E+000	1.9055271448699887E-001
2.3174999999999617E+000	1.9072975187383448E-001
2.3199999999999616E+000	1.9085987210283833E-001
2.3224999999999616E+000	1.9097932485549335E-001
2.3249999999999615E+000	1.9116421943248263E-001
2.3274999999999615E+000	1.9128283714031633E-001
2.3299999999999614E+000	1.9127974679583531E-001
2.3324999999999614E+000	1.9139735637828656E-001
2.3349999999999613E+000	1.9152786353588855E-001
2.3374999999999613E+000	1.9166259128464086E-001
2.3399999999999612E+000	1.9179924028982784E-001
2.3424999999999612E+000	1.9193671723427630E-001
2.3449999999999611E+000	1.9207456679681062E-001
2.3474999999999611E+000	1.9221242344115741E-001
2.3499999999999610E+000	1.9235046690858587E-001
2.3524999999999610E+000	1.9248848768858465E-001
2.3549999999999609E+000	1.9262643541395774E-001
2.3574999999999608E+000	1.9276423787719882E-001
2.3599999999999608E+000	1.9290186954882679E-001
2.3624999999999607E+000	1.9303930577788456E-001
2.3649999999999607E+000	1.9317650226543692E-001
2.3674999999999606E+000	1.9331342417323252E-001

 
