Grouping:(8, 0)-Ainit
# x 	 y
0.0000000000000000E+000	-8.8793150785420431E-003
2.5000000000000001E-003	1.3199992564147294E-002
5.0000000000000001E-003	2.9788061437508388E-002
7.4999999999999997E-003	4.4153958295756239E-002
1.0000000000000000E-002	5.5655154343474976E-002
1.2500000000000001E-002	6.6288183553245936E-002
1.5000000000000001E-002	7.7282078796684861E-002
1.7500000000000002E-002	8.7023125975087892E-002
2.0000000000000000E-002	9.4451780174940936E-002
2.2499999999999999E-002	1.0197816605397490E-001
2.4999999999999998E-002	1.0900955080634993E-001
2.7499999999999997E-002	1.1504510745823680E-001
2.9999999999999995E-002	1.2141592147539575E-001
3.2499999999999994E-002	1.2193905704782129E-001
3.4999999999999996E-002	1.4043903418346673E-001
3.7499999999999999E-002	1.4519331395198207E-001
4.0000000000000001E-002	1.4988325896661187E-001
4.2500000000000003E-002	1.5438025502987662E-001
4.5000000000000005E-002	1.5951201139342913E-001
4.7500000000000007E-002	1.6666356227839252E-001
5.0000000000000010E-002	1.7070389476099676E-001
5.2500000000000012E-002	1.7476045892432382E-001
5.5000000000000014E-002	1.7861791125240323E-001
5.7500000000000016E-002	1.8214286857966519E-001
6.0000000000000019E-002	1.8533345827553699E-001
6.2500000000000014E-002	1.8822768827782382E-001
6.5000000000000016E-002	1.9086205646063809E-001
6.7500000000000018E-002	1.9326237962013662E-001
7.0000000000000021E-002	1.9545340932876598E-001
7.2500000000000023E-002	1.9746012756149278E-001
7.5000000000000025E-002	1.9930257351260688E-001
7.7500000000000027E-002	2.0130162300261320E-001
8.0000000000000029E-002	2.0260305534480841E-001
8.2500000000000032E-002	2.0116086320768861E-001
8.5000000000000034E-002	1.9891026740738679E-001
8.7500000000000036E-002	2.0066418542069431E-001
9.0000000000000038E-002	2.0609350034901408E-001
9.2500000000000041E-002	2.2529900117573290E-001
9.5000000000000043E-002	2.0740899721741959E-001
9.7500000000000045E-002	2.1248532202091136E-001
1.0000000000000005E-001	2.1456219413915778E-001
1.0250000000000005E-001	2.1306425406351012E-001
1.0500000000000005E-001	2.2156704643124858E-001
1.0750000000000005E-001	2.2013740747476210E-001
1.1000000000000006E-001	2.1953728189963953E-001
1.1250000000000006E-001	2.1940096668708411E-001
1.1500000000000006E-001	2.1957892975147794E-001
1.1750000000000006E-001	2.1999641179061846E-001
1.2000000000000006E-001	2.2060861201241122E-001
1.2250000000000007E-001	2.2138622590167642E-001
1.2500000000000006E-001	2.2231006674467033E-001
1.2750000000000006E-001	2.2336741645418831E-001
1.3000000000000006E-001	2.2454975452464745E-001
1.3250000000000006E-001	2.2646085124031978E-001
1.3500000000000006E-001	2.2785598199359478E-001
1.3750000000000007E-001	2.2960933627113353E-001
1.4000000000000007E-001	2.3129261930702605E-001
1.4250000000000007E-001	2.3292037260539322E-001
1.4500000000000007E-001	2.3449710602695356E-001
1.4750000000000008E-001	2.3602576092237587E-001
1.5000000000000008E-001	2.3750783325483851E-001
1.5250000000000008E-001	2.3894438190880773E-001
1.5500000000000008E-001	2.4033575889340172E-001
1.5750000000000008E-001	2.4168266833560198E-001
1.6000000000000009E-001	2.4292047330859681E-001
1.6250000000000009E-001	2.4418356633823898E-001
1.6500000000000009E-001	2.4540197355419466E-001
1.6750000000000009E-001	2.4657666930922517E-001
1.7000000000000010E-001	2.4770856562429278E-001
1.7250000000000010E-001	2.4880142067229680E-001
1.7500000000000010E-001	2.4985607689380143E-001
1.7750000000000010E-001	2.5104793365926303E-001
1.8000000000000010E-001	2.5143078977388877E-001
1.8250000000000011E-001	2.5322335687109937E-001
1.8500000000000011E-001	2.5284869010652378E-001
1.8750000000000011E-001	2.5510004259019647E-001
1.9000000000000011E-001	2.5799713853649797E-001
1.9250000000000012E-001	2.5175678396629930E-001
1.9500000000000012E-001	2.5216372492781236E-001
1.9750000000000012E-001	2.5267295817141155E-001
2.0000000000000012E-001	2.5252559807966429E-001
2.0250000000000012E-001	2.5126985038556660E-001
2.0500000000000013E-001	2.5812882802964898E-001
2.0750000000000013E-001	2.5896004389060762E-001
2.1000000000000013E-001	2.5976019380116128E-001
2.1250000000000013E-001	2.6049176801855911E-001
2.1500000000000014E-001	2.6117591428079301E-001
2.1750000000000014E-001	2.6183586023982724E-001
2.2000000000000014E-001	2.6225861705171200E-001
2.2250000000000014E-001	2.6259088462945496E-001
2.2500000000000014E-001	2.6322763412618300E-001
2.2750000000000015E-001	2.6334354416005534E-001
2.3000000000000015E-001	2.6360551046832142E-001
2.3250000000000015E-001	2.6222396887536131E-001
2.3500000000000015E-001	2.6710992560491631E-001
2.3750000000000016E-001	2.6740773447174337E-001
2.4000000000000016E-001	2.6802840095745445E-001
2.4250000000000016E-001	2.6606852552650928E-001
2.4500000000000016E-001	2.6628114330066444E-001
2.4750000000000016E-001	2.6751785396703004E-001
2.5000000000000017E-001	2.6822368796248935E-001
2.5250000000000017E-001	2.6835884428185447E-001
2.5500000000000017E-001	2.6906524855734737E-001
2.5750000000000017E-001	2.6947294732419330E-001
2.6000000000000018E-001	2.6954917087381486E-001
2.6250000000000018E-001	2.7027339853904425E-001
2.6500000000000018E-001	2.7067051472141201E-001
2.6750000000000018E-001	2.7069864524735970E-001
2.7000000000000018E-001	2.7147532280196973E-001
2.7250000000000019E-001	2.7147696459753268E-001
2.7500000000000019E-001	2.7232127500155290E-001
2.7750000000000019E-001	2.7276945402576908E-001
2.8000000000000019E-001	2.7274221708352880E-001
2.8250000000000020E-001	2.7375902224002363E-001
2.8500000000000020E-001	2.7371823444916665E-001
2.8750000000000020E-001	2.7494475144915698E-001
2.9000000000000020E-001	2.7564657513106700E-001
2.9250000000000020E-001	2.7558096302591606E-001
2.9500000000000021E-001	2.7747633721275156E-001
2.9750000000000021E-001	2.7737477299985042E-001
3.0000000000000021E-001	2.7862603054373891E-001
3.0250000000000021E-001	2.7423516987137286E-001
3.0500000000000022E-001	2.7522755590086034E-001
3.0750000000000022E-001	2.7660739238819199E-001
3.1000000000000022E-001	2.7750112238148272E-001
3.1250000000000022E-001	2.7784478026279336E-001
3.1500000000000022E-001	2.8305369174075629E-001
3.1750000000000023E-001	2.7661198320593439E-001
3.2000000000000023E-001	2.8004137155550568E-001
3.2250000000000023E-001	2.7840658737610119E-001
3.2500000000000023E-001	2.7592965628267158E-001
3.2750000000000024E-001	2.7547707617611544E-001
3.3000000000000024E-001	2.8228586852497495E-001
3.3250000000000024E-001	2.7799862407753567E-001
3.3500000000000024E-001	2.6856696040698746E-001
3.3750000000000024E-001	2.6775263013978312E-001
3.4000000000000025E-001	2.7391299151531961E-001
3.4250000000000025E-001	2.6889879057565835E-001
3.4500000000000025E-001	2.7589723931928523E-001
3.4750000000000025E-001	2.7295438107970466E-001
3.5000000000000026E-001	2.7125685128083571E-001
3.5250000000000026E-001	2.7748870168927492E-001
3.5500000000000026E-001	2.6765226769525613E-001
3.5750000000000026E-001	2.7091463984358977E-001
3.6000000000000026E-001	2.6693296548654727E-001
3.6250000000000027E-001	2.6985343983708654E-001
3.6500000000000027E-001	2.6853559739623134E-001
3.6750000000000027E-001	2.7187494844716276E-001
3.7000000000000027E-001	2.7774407694031722E-001
3.7250000000000028E-001	2.6159719407281751E-001
3.7500000000000028E-001	2.6165734425973997E-001
3.7750000000000028E-001	2.6030887823220844E-001
3.8000000000000028E-001	2.5817246850131037E-001
3.8250000000000028E-001	2.5835061994978170E-001
3.8500000000000029E-001	2.6002599086010519E-001
3.8750000000000029E-001	2.5475073588500818E-001
3.9000000000000029E-001	2.5640173746633194E-001
3.9250000000000029E-001	2.5608825091234866E-001
3.9500000000000030E-001	2.5945794058585109E-001
3.9750000000000030E-001	2.6221066278550070E-001
4.0000000000000030E-001	2.6253185347536445E-001
4.0250000000000030E-001	2.5567304803152641E-001
4.0500000000000030E-001	2.5214931844491129E-001
4.0750000000000031E-001	2.5168678303792830E-001
4.1000000000000031E-001	2.4706929313077194E-001
4.1250000000000031E-001	2.4853663508210905E-001
4.1500000000000031E-001	2.4757709512615342E-001
4.1750000000000032E-001	2.4902884416570287E-001
4.2000000000000032E-001	2.4881041436176224E-001
4.2250000000000032E-001	2.5036952958551817E-001
4.2500000000000032E-001	2.5230880566170000E-001
4.2750000000000032E-001	2.5711237135999221E-001
4.3000000000000033E-001	2.5621513793496226E-001
4.3250000000000033E-001	2.5814086436127143E-001
4.3500000000000033E-001	2.6453438968818627E-001
4.3750000000000033E-001	2.6718472544134514E-001
4.4000000000000034E-001	2.5311020872849332E-001
4.4250000000000034E-001	2.6859275111249059E-001
4.4500000000000034E-001	2.4420823287586646E-001
4.4750000000000034E-001	2.4635761699572772E-001
4.5000000000000034E-001	2.4438417896995485E-001
4.5250000000000035E-001	2.4553952828702069E-001
4.5500000000000035E-001	2.4777120278336956E-001
4.5750000000000035E-001	2.4724518887303912E-001
4.6000000000000035E-001	2.4909626462039280E-001
4.6250000000000036E-001	2.5163915163307538E-001
4.6500000000000036E-001	2.5178811475413843E-001
4.6750000000000036E-001	2.4249658897604406E-001
4.7000000000000036E-001	2.4104813024241878E-001
4.7250000000000036E-001	2.4118904453578732E-001
4.7500000000000037E-001	2.3963948650844408E-001
4.7750000000000037E-001	2.4032726673256014E-001
4.8000000000000037E-001	2.4080122078355035E-001
4.8250000000000037E-001	2.4127658411015795E-001
4.8500000000000038E-001	2.4173604568166374E-001
4.8750000000000038E-001	2.4214708534438570E-001
4.9000000000000038E-001	2.4245453168989298E-001
4.9250000000000038E-001	2.4259567956916622E-001
4.9500000000000038E-001	2.4255998556479644E-001
4.9750000000000039E-001	2.4256443239515257E-001
5.0000000000000033E-001	2.4229258339201001E-001
5.0250000000000028E-001	2.4194737913893030E-001
5.0500000000000023E-001	2.4154772705766631E-001
5.0750000000000017E-001	2.4108128003926352E-001
5.1000000000000012E-001	2.4044048972421031E-001
5.1250000000000007E-001	2.3994309328961572E-001
5.1500000000000001E-001	2.3948244203440938E-001
5.1749999999999996E-001	2.3910500711192051E-001
5.1999999999999991E-001	2.3843668837459941E-001
5.2249999999999985E-001	2.3788787841865575E-001
5.2499999999999980E-001	2.3715776258411889E-001
5.2749999999999975E-001	2.3658981070735224E-001
5.2999999999999969E-001	2.3601384665242697E-001
5.3249999999999964E-001	2.3521611908105311E-001
5.3499999999999959E-001	2.3468261956479955E-001
5.3749999999999953E-001	2.3403664487687983E-001
5.3999999999999948E-001	2.3347522132222376E-001
5.4249999999999943E-001	2.3286329970227848E-001
5.4499999999999937E-001	2.3222233396963496E-001
5.4749999999999932E-001	2.3160818328236243E-001
5.4999999999999927E-001	2.3099142829728389E-001
5.5249999999999921E-001	2.3035913243512834E-001
5.5499999999999916E-001	2.2972011884338661E-001
5.5749999999999911E-001	2.2891273855064287E-001
5.5999999999999905E-001	2.2827035906188700E-001
5.6249999999999900E-001	2.2776926871358302E-001
5.6499999999999895E-001	2.2711244967207520E-001
5.6749999999999889E-001	2.2644942129332274E-001
5.6999999999999884E-001	2.2564347763090667E-001
5.7249999999999879E-001	2.2609489702273466E-001
5.7499999999999873E-001	2.2537569736404364E-001
5.7749999999999868E-001	2.2397687351018469E-001
5.7999999999999863E-001	2.2312733269609919E-001
5.8249999999999857E-001	2.2238666637597079E-001
5.8499999999999852E-001	2.2167754302665513E-001
5.8749999999999847E-001	2.2195555090856392E-001
5.8999999999999841E-001	2.2119052411171106E-001
5.9249999999999836E-001	2.1972384526600250E-001
5.9499999999999831E-001	2.1879671725530569E-001
5.9749999999999825E-001	2.1805933328553853E-001
5.9999999999999820E-001	2.1734619445392350E-001
6.0249999999999815E-001	2.1661776282622633E-001
6.0499999999999809E-001	2.1691641380303373E-001
6.0749999999999804E-001	2.1608616343920745E-001
6.0999999999999799E-001	2.1452024015651094E-001
6.1249999999999793E-001	2.1352457569935229E-001
6.1499999999999788E-001	2.1277244892730998E-001
6.1749999999999783E-001	2.1204548929378469E-001
6.1999999999999778E-001	2.1135287680686929E-001
6.2249999999999772E-001	2.1063055761999161E-001
6.2499999999999767E-001	2.0986049315729768E-001
6.2749999999999762E-001	2.0912967541202990E-001
6.2999999999999756E-001	2.0838961535972242E-001
6.3249999999999751E-001	2.0768322333861178E-001
6.3499999999999746E-001	2.0694474380471731E-001
6.3749999999999740E-001	2.0619547163212701E-001
6.3999999999999735E-001	2.0537446145476917E-001
6.4249999999999730E-001	2.0464727880655487E-001
6.4499999999999724E-001	2.0388250267397934E-001
6.4749999999999719E-001	2.0316440768457827E-001
6.4999999999999714E-001	2.0240112269479635E-001
6.5249999999999708E-001	2.0154568833210587E-001
6.5499999999999703E-001	2.0076453523815863E-001
6.5749999999999698E-001	1.9997360428639738E-001
6.5999999999999692E-001	1.9928047762906204E-001
6.6249999999999687E-001	1.9849920235782950E-001
6.6499999999999682E-001	1.9770476946452858E-001
6.6749999999999676E-001	1.9675599644680047E-001
6.6999999999999671E-001	1.9595018212249674E-001
6.7249999999999666E-001	1.9513049042324282E-001
6.7499999999999660E-001	1.9444412646839412E-001
6.7749999999999655E-001	1.9362557713689099E-001
6.7999999999999650E-001	1.9279078337705094E-001
6.8249999999999644E-001	1.9176032389473641E-001
6.8499999999999639E-001	1.9090348547809394E-001
6.8749999999999634E-001	1.8991470649668724E-001
6.8999999999999628E-001	1.8901597286309224E-001
6.9249999999999623E-001	1.8832556510557283E-001
6.9499999999999618E-001	1.8742715572312915E-001
6.9749999999999612E-001	1.8651154575230819E-001
6.9999999999999607E-001	1.8557923797865411E-001
7.0249999999999602E-001	1.8640862998932495E-001
7.0499999999999596E-001	1.8553426248608562E-001
7.0749999999999591E-001	1.8464727152235119E-001
7.0999999999999586E-001	1.8374998696676137E-001
7.1249999999999580E-001	1.8310747561131410E-001
7.1499999999999575E-001	1.8223180093832378E-001
7.1749999999999570E-001	1.8136610130910175E-001
7.1999999999999564E-001	1.8019833727424645E-001
7.2249999999999559E-001	1.7936203262396552E-001
7.2499999999999554E-001	1.7881741222686176E-001
7.2749999999999548E-001	1.7799538997673434E-001
7.2999999999999543E-001	1.7687971414475062E-001
7.3249999999999538E-001	1.7614430998665623E-001
7.3499999999999532E-001	1.7561876834912826E-001
7.3749999999999527E-001	1.7482163286997232E-001
7.3999999999999522E-001	1.7376449630234969E-001
7.4249999999999516E-001	1.7298874943650128E-001
7.4499999999999511E-001	1.7246640226175880E-001
7.4749999999999506E-001	1.7144611114654620E-001
7.4999999999999500E-001	1.7095782178395247E-001
7.5249999999999495E-001	1.7022962283065751E-001
7.5499999999999490E-001	1.6926857045831040E-001
7.5749999999999484E-001	1.6919063222615829E-001
7.5999999999999479E-001	1.6860222748233383E-001
7.6249999999999474E-001	1.6799182335403365E-001
7.6499999999999468E-001	1.6697843330360662E-001
7.6749999999999463E-001	1.6637944252173695E-001
7.6999999999999458E-001	1.6575824412926626E-001
7.7249999999999452E-001	1.6512155057336150E-001
7.7499999999999447E-001	1.6447292621833121E-001
7.7749999999999442E-001	1.6417978249793888E-001
7.7999999999999436E-001	1.6352148970988561E-001
7.8249999999999431E-001	1.6285385449026918E-001
7.8499999999999426E-001	1.6216779591837258E-001
7.8749999999999420E-001	1.6131318247887225E-001
7.8999999999999415E-001	1.6062326099131249E-001
7.9249999999999410E-001	1.5973234046177509E-001
7.9499999999999404E-001	1.5901357774120556E-001
7.9749999999999399E-001	1.5862081689054516E-001
7.9999999999999394E-001	1.5788805617059742E-001
8.0249999999999388E-001	1.5712760724328956E-001
8.0499999999999383E-001	1.5635298846735229E-001
8.0749999999999378E-001	1.5527815019319993E-001
8.0999999999999373E-001	1.5449748663778537E-001
8.1249999999999367E-001	1.5369585084203677E-001
8.1499999999999362E-001	1.5288424028478681E-001
8.1749999999999357E-001	1.5205899972381554E-001
8.1999999999999351E-001	1.5149179902005719E-001
8.2249999999999346E-001	1.5064923416582793E-001
8.2499999999999341E-001	1.4979141093086981E-001
8.2749999999999335E-001	1.4891987777008300E-001
8.2999999999999330E-001	1.4779074815513138E-001
8.3249999999999325E-001	1.4691425921565701E-001
8.3499999999999319E-001	1.4602641198090371E-001
8.3749999999999314E-001	1.4513221674968452E-001
8.3999999999999309E-001	1.4448267121876007E-001
8.4249999999999303E-001	1.4366225540499877E-001
8.4499999999999298E-001	1.4292849358285398E-001
8.4749999999999293E-001	1.4219474397319823E-001
8.4999999999999287E-001	1.4138922048985125E-001
8.5249999999999282E-001	1.4052216661750397E-001
8.5499999999999277E-001	1.3961512960649605E-001
8.5749999999999271E-001	1.3866853387480024E-001
8.5999999999999266E-001	1.3767873801857947E-001
8.6249999999999261E-001	1.3664596561362688E-001
8.6499999999999255E-001	1.3556962776678583E-001
8.6749999999999250E-001	1.3438743991699698E-001
8.6999999999999245E-001	1.3323523373099988E-001
8.7249999999999239E-001	1.3205822105114454E-001
8.7499999999999234E-001	1.3080250404973104E-001
8.7749999999999229E-001	1.2976801272669009E-001
8.7999999999999223E-001	1.2846331088177099E-001
8.8249999999999218E-001	1.2717428827509264E-001
8.8499999999999213E-001	1.2589761726203352E-001
8.8749999999999207E-001	1.2482473755867247E-001
8.8999999999999202E-001	1.2407298619308411E-001
8.9249999999999197E-001	1.2372223347316631E-001
8.9499999999999191E-001	1.2368827501571431E-001
8.9749999999999186E-001	1.2383088746719828E-001
8.9999999999999181E-001	1.2384838963852116E-001
9.0249999999999175E-001	1.2374660096300000E-001
9.0499999999999170E-001	1.2354839159142994E-001
9.0749999999999165E-001	1.2326329337196285E-001
9.0999999999999159E-001	1.2290075719202465E-001
9.1249999999999154E-001	1.2246986075493638E-001
9.1499999999999149E-001	1.2197866923596619E-001
9.1749999999999143E-001	1.2143480503188714E-001
9.1999999999999138E-001	1.2084507191960767E-001
9.2249999999999133E-001	1.2020897442752804E-001
9.2499999999999127E-001	1.2388331282463537E-001
9.2749999999999122E-001	1.2322310420179609E-001
9.2999999999999117E-001	1.2158332361828980E-001
9.3249999999999111E-001	1.2059162793445319E-001
9.3499999999999106E-001	1.1967824058539850E-001
9.3749999999999101E-001	1.1876282475874765E-001
9.3999999999999095E-001	1.1784368807705459E-001
9.4249999999999090E-001	1.1689725551386843E-001
9.4499999999999085E-001	1.1592958811324866E-001
9.4749999999999079E-001	1.1494539630966950E-001
9.4999999999999074E-001	1.1395275244375726E-001
9.5249999999999069E-001	1.1294119465979652E-001
9.5499999999999063E-001	1.1191612132276163E-001
9.5749999999999058E-001	1.1088419723867765E-001
9.5999999999999053E-001	1.0983200197291887E-001
9.6249999999999047E-001	1.0878823766561145E-001
9.6499999999999042E-001	1.0774925075895808E-001
9.6749999999999037E-001	1.0671155824404135E-001
9.6999999999999031E-001	1.0568841395290259E-001
9.7249999999999026E-001	1.0469755492378266E-001
9.7499999999999021E-001	1.0375624582412651E-001
9.7749999999999015E-001	1.0287283729727123E-001
9.7999999999999010E-001	1.0195999357413309E-001
9.8249999999999005E-001	1.0104816381985320E-001
9.8499999999998999E-001	1.0013569023746442E-001
9.8749999999998994E-001	9.9221030657824172E-002
9.8999999999998989E-001	9.8302694037398261E-002
9.9249999999998983E-001	9.7379639335260518E-002
9.9499999999998978E-001	9.6450939180947340E-002
9.9749999999998973E-001	9.5515823082032700E-002
9.9999999999998967E-001	9.4573662205298822E-002
1.0024999999999897E+000	9.3623429753522766E-002
1.0049999999999897E+000	9.2664530735686063E-002
1.0074999999999896E+000	9.1696651355009304E-002
1.0099999999999896E+000	9.0720265303974909E-002
1.0124999999999895E+000	8.8951089808957301E-002
1.0149999999999895E+000	8.7386213340204785E-002
1.0174999999999894E+000	8.6154840687196074E-002
1.0199999999999894E+000	8.5027833067087957E-002
1.0224999999999893E+000	8.3942193942038293E-002
1.0249999999999893E+000	8.2874933483108218E-002
1.0274999999999892E+000	8.1821797530635065E-002
1.0299999999999891E+000	8.0769246158019531E-002
1.0324999999999891E+000	7.9719979844506919E-002
1.0349999999999890E+000	7.8673244172417237E-002
1.0374999999999890E+000	7.7628603927592521E-002
1.0399999999999889E+000	7.6585786975538084E-002
1.0424999999999889E+000	7.5544212833898811E-002
1.0449999999999888E+000	7.4504450184569276E-002
1.0474999999999888E+000	7.3464737751662096E-002
1.0499999999999887E+000	7.2424677594189371E-002
1.0524999999999887E+000	7.1383516461160562E-002
1.0549999999999886E+000	7.0340331169118211E-002
1.0574999999999886E+000	6.9293654988405132E-002
1.0599999999999885E+000	6.8243015803718096E-002
1.0624999999999885E+000	6.7186722576917324E-002
1.0649999999999884E+000	6.6123583723328758E-002
1.0674999999999883E+000	6.5053419015125055E-002
1.0699999999999883E+000	6.3973382444592525E-002
1.0724999999999882E+000	6.2883306874856854E-002
1.0749999999999882E+000	6.1781760528273534E-002
1.0774999999999881E+000	6.0670474115272287E-002
1.0799999999999881E+000	5.9560239927910437E-002
1.0824999999999880E+000	5.8619259641144214E-002
1.0849999999999880E+000	5.7479755469901445E-002
1.0874999999999879E+000	5.6722622532189106E-002
1.0899999999999879E+000	5.5548249354850712E-002
1.0924999999999878E+000	5.4272817718316817E-002
1.0949999999999878E+000	5.2980702368754226E-002
1.0974999999999877E+000	5.4459063678842796E-002
1.0999999999999877E+000	5.3160808323368135E-002
1.1024999999999876E+000	5.3373470179605538E-002
1.1049999999999875E+000	5.3045212481099169E-002
1.1074999999999875E+000	5.2567334664216529E-002
1.1099999999999874E+000	5.1957738840355240E-002
1.1124999999999874E+000	5.1568150308833792E-002
1.1149999999999873E+000	5.0827906901601008E-002
1.1174999999999873E+000	5.0705441108549118E-002
1.1199999999999872E+000	4.8998622129664778E-002
1.1224999999999872E+000	4.9263445102909906E-002
1.1249999999999871E+000	4.8911946495830312E-002
1.1274999999999871E+000	4.8220938981255172E-002
1.1299999999999870E+000	4.7492580886011562E-002
1.1324999999999870E+000	4.7019932970410731E-002
1.1349999999999869E+000	4.6302668260198417E-002
1.1374999999999869E+000	4.5664573806440886E-002
1.1399999999999868E+000	4.4042537261810420E-002
1.1424999999999867E+000	4.3190450635391064E-002
1.1449999999999867E+000	4.2133514555834278E-002
1.1474999999999866E+000	4.1652381951541854E-002
1.1499999999999866E+000	4.0946133190128915E-002
1.1524999999999865E+000	4.0023361609363962E-002
1.1549999999999865E+000	3.9862764344326271E-002
1.1574999999999864E+000	3.7661879477293159E-002
1.1599999999999864E+000	3.6861468316648015E-002
1.1624999999999863E+000	3.4584056428294221E-002
1.1649999999999863E+000	3.4765053915474499E-002
1.1674999999999862E+000	3.4284929926733078E-002
1.1699999999999862E+000	3.3671409171435240E-002
1.1724999999999861E+000	3.2998609331450969E-002
1.1749999999999861E+000	3.1843346906885846E-002
1.1774999999999860E+000	3.0112535667789112E-002
1.1799999999999859E+000	2.8406540802942040E-002
1.1824999999999859E+000	2.8071532266431221E-002
1.1849999999999858E+000	2.8573558337626922E-002
1.1874999999999858E+000	2.8357190180421654E-002
1.1899999999999857E+000	2.6772142720861959E-002
1.1924999999999857E+000	2.8165009794015757E-002
1.1949999999999856E+000	2.8275108278261549E-002
1.1974999999999856E+000	2.7641040532251610E-002
1.1999999999999855E+000	2.7600647155936745E-002
1.2024999999999855E+000	2.6889634547164223E-002
1.2049999999999854E+000	2.5915214353371269E-002
1.2074999999999854E+000	2.5655249039056017E-002
1.2099999999999853E+000	2.5277887685921180E-002
1.2124999999999853E+000	2.4344760805107699E-002
1.2149999999999852E+000	2.5286015293560532E-002
1.2174999999999851E+000	3.0564950700075436E-002
1.2199999999999851E+000	2.8181344152330021E-002
1.2224999999999850E+000	3.0099284753327925E-002
1.2249999999999850E+000	2.7681821505017693E-002
1.2274999999999849E+000	2.6463890912158162E-002
1.2299999999999849E+000	3.3748426216934628E-002
1.2324999999999848E+000	2.6903604114156172E-002
1.2349999999999848E+000	2.5558213060459183E-002
1.2374999999999847E+000	2.4532371956340136E-002
1.2399999999999847E+000	2.5604374284773562E-002
1.2424999999999846E+000	2.3968175261847066E-002
1.2449999999999846E+000	2.3353979615343728E-002
1.2474999999999845E+000	2.2109173438578388E-002
1.2499999999999845E+000	2.1259372784919212E-002
1.2524999999999844E+000	2.0487849436012111E-002
1.2549999999999844E+000	1.9751908489776496E-002
1.2574999999999843E+000	1.7040071244996933E-002
1.2599999999999842E+000	1.6313074433727055E-002
1.2624999999999842E+000	1.5633456395774500E-002
1.2649999999999841E+000	1.5352814119089234E-002
1.2674999999999841E+000	1.4944165667666355E-002
1.2699999999999840E+000	1.4329903641556594E-002
1.2724999999999840E+000	1.3820656765967393E-002
1.2749999999999839E+000	1.3186492690838285E-002
1.2774999999999839E+000	1.2732307174133699E-002
1.2799999999999838E+000	1.2474084412338418E-002
1.2824999999999838E+000	1.6768567804368639E-002
1.2849999999999837E+000	1.6438437546116156E-002
1.2874999999999837E+000	1.7807951696664635E-002
1.2899999999999836E+000	1.7836216520461527E-002
1.2924999999999836E+000	1.8294231743416319E-002
1.2949999999999835E+000	1.7564231639257938E-002
1.2974999999999834E+000	1.6917217115292059E-002
1.2999999999999834E+000	1.3315508190256835E-002
1.3024999999999833E+000	1.2479623097960944E-002
1.3049999999999833E+000	1.3568412447677005E-002
1.3074999999999832E+000	1.3619089277745832E-002
1.3099999999999832E+000	1.3858645833950771E-002
1.3124999999999831E+000	1.3567303886241241E-002
1.3149999999999831E+000	1.1020716263291385E-002
1.3174999999999830E+000	1.0609942885378436E-002
1.3199999999999830E+000	1.1777015299081700E-002
1.3224999999999829E+000	1.2022921714707443E-002
1.3249999999999829E+000	1.0457274138638834E-002
1.3274999999999828E+000	1.0023923117356693E-002
1.3299999999999828E+000	9.5570189528879287E-003
1.3324999999999827E+000	9.9240511955464641E-003
1.3349999999999826E+000	1.0111929240520592E-002
1.3374999999999826E+000	9.9462920066019228E-003
1.3399999999999825E+000	9.4921081436812396E-003
1.3424999999999825E+000	9.8122905846315528E-003
1.3449999999999824E+000	9.7248641219873158E-003
1.3474999999999824E+000	9.5197408100936107E-003
1.3499999999999823E+000	9.8146947898529110E-003
1.3524999999999823E+000	1.0040940329835810E-002
1.3549999999999822E+000	9.6250934584422281E-003
1.3574999999999822E+000	9.8950640083059725E-003
1.3599999999999821E+000	1.0198795644197595E-002
1.3624999999999821E+000	9.7979288715557018E-003
1.3649999999999820E+000	1.0043612684622042E-002
1.3674999999999820E+000	1.0418061252366917E-002
1.3699999999999819E+000	1.0107933513068231E-002
1.3724999999999818E+000	1.0345362764520307E-002
1.3749999999999818E+000	1.0541092316181670E-002
1.3774999999999817E+000	1.0615655442064722E-002
1.3799999999999817E+000	1.0741402176952269E-002
1.3824999999999816E+000	1.0824115937525431E-002
1.3849999999999816E+000	1.0957759673543659E-002
1.3874999999999815E+000	1.1047531334457097E-002
1.3899999999999815E+000	1.1187239548536881E-002
1.3924999999999814E+000	1.1282373952730466E-002
1.3949999999999814E+000	1.1426346406175479E-002
1.3974999999999813E+000	1.1525064130906272E-002
1.3999999999999813E+000	1.1671497753492343E-002
1.4024999999999812E+000	1.1772054136839951E-002
1.4049999999999812E+000	1.1919246519784934E-002
1.4074999999999811E+000	1.2019990144456552E-002
1.4099999999999810E+000	1.2166356023205980E-002
1.4124999999999810E+000	1.2265755421766953E-002
1.4149999999999809E+000	1.2409849316082794E-002
1.4174999999999809E+000	1.2506509394887904E-002
1.4199999999999808E+000	1.2893342328662691E-002
1.4224999999999808E+000	1.3097343327286187E-002
1.4249999999999807E+000	1.3290876684864533E-002
1.4274999999999807E+000	1.3459762962860342E-002
1.4299999999999806E+000	1.3613334105893871E-002
1.4324999999999806E+000	1.3756192230873302E-002
1.4349999999999805E+000	1.3890143142219067E-002
1.4374999999999805E+000	1.4015853797412822E-002
1.4399999999999804E+000	1.4133854760596799E-002
1.4424999999999804E+000	1.4244719420083018E-002
1.4449999999999803E+000	1.4349108707781125E-002
1.4474999999999802E+000	1.4447773958923053E-002
1.4499999999999802E+000	1.4541623276477490E-002
1.4524999999999801E+000	1.4632081177266157E-002
1.4549999999999801E+000	1.4723922006145673E-002
1.4574999999999800E+000	1.4818257349847446E-002
1.4599999999999800E+000	1.4914599557410993E-002
1.4624999999999799E+000	1.5013598810746360E-002
1.4649999999999799E+000	1.5109660993760198E-002
1.4674999999999798E+000	1.5198554961289428E-002
1.4699999999999798E+000	1.5278871811889031E-002
1.4724999999999797E+000	1.5351972340086235E-002
1.4749999999999797E+000	1.5418290219117260E-002
1.4774999999999796E+000	1.5477461883221353E-002
1.4799999999999796E+000	1.5531751886283671E-002
1.4824999999999795E+000	1.5578870378121588E-002
1.4849999999999794E+000	1.5621675966275082E-002
1.4874999999999794E+000	1.5093777373400639E-002
1.4899999999999793E+000	1.4936610282283738E-002
1.4924999999999793E+000	1.5055204580121478E-002
1.4949999999999792E+000	1.5142821119476096E-002
1.4974999999999792E+000	1.5201933534577571E-002
1.4999999999999791E+000	1.5250274290927046E-002
1.5024999999999791E+000	1.5293756238428085E-002
1.5049999999999790E+000	1.5333242641182911E-002
1.5074999999999790E+000	1.5368796616295437E-002
1.5099999999999789E+000	1.5400321909551333E-002
1.5124999999999789E+000	1.5427982801751852E-002
1.5149999999999788E+000	1.5452054800858483E-002
1.5174999999999788E+000	1.5472851839182436E-002
1.5199999999999787E+000	1.5490686026021482E-002
1.5224999999999786E+000	1.5505848707102447E-002
1.5249999999999786E+000	1.5519033025460078E-002
1.5274999999999785E+000	1.5527302077159064E-002
1.5299999999999785E+000	1.5540200660690739E-002
1.5324999999999784E+000	1.5548284250005559E-002
1.5349999999999784E+000	1.5550174587554155E-002
1.5374999999999783E+000	1.5548736553034435E-002
1.5399999999999783E+000	1.5544848154780461E-002
1.5424999999999782E+000	1.5558148687744263E-002
1.5449999999999782E+000	1.5559133338309395E-002
1.5474999999999781E+000	1.5557301154865751E-002
1.5499999999999781E+000	1.5553622836078591E-002
1.5524999999999780E+000	1.5548478945158976E-002
1.5549999999999780E+000	1.5542057845823716E-002
1.5574999999999779E+000	1.5534466157875838E-002
1.5599999999999778E+000	1.5525771975525557E-002
1.5624999999999778E+000	1.5522195729086577E-002
1.5649999999999777E+000	1.5518987527604217E-002
1.5674999999999777E+000	1.5511742808769253E-002
1.5699999999999776E+000	1.5502754295607843E-002
1.5724999999999776E+000	1.5492480732056314E-002
1.5749999999999775E+000	1.5481213157317257E-002
1.5774999999999775E+000	1.5469120762457661E-002
1.5799999999999774E+000	1.5456277804737661E-002
1.5824999999999774E+000	1.5442718556466782E-002
1.5849999999999773E+000	1.5428417133153498E-002
1.5874999999999773E+000	1.5413383238548406E-002
1.5899999999999772E+000	1.5397573684130616E-002
1.5924999999999772E+000	1.5380973508229078E-002
1.5949999999999771E+000	1.5372168082451633E-002
1.5974999999999770E+000	1.5357155217629665E-002
1.5999999999999770E+000	1.5340159210797942E-002
1.6024999999999769E+000	1.5322640260256766E-002
1.6049999999999769E+000	1.5304572312723412E-002
1.6074999999999768E+000	1.5285974068230847E-002
1.6099999999999768E+000	1.4933324349477186E-002
1.6124999999999767E+000	1.4883193200257562E-002
1.6149999999999767E+000	1.5063513799867975E-002
1.6174999999999766E+000	1.5144706545501357E-002
1.6199999999999766E+000	1.5171347672745736E-002
1.6224999999999765E+000	1.5177807309925111E-002
1.6249999999999765E+000	1.4775199637608625E-002
1.6274999999999764E+000	1.4721620959937296E-002
1.6299999999999764E+000	1.4912137995348761E-002
1.6324999999999763E+000	1.4996379989746044E-002
1.6349999999999763E+000	1.4661869311777147E-002
1.6374999999999762E+000	1.4605067431258863E-002
1.6399999999999761E+000	1.4799211197644385E-002
1.6424999999999761E+000	1.4586975667081862E-002
1.6449999999999760E+000	1.4507553407968015E-002
1.6474999999999760E+000	1.4517996566676527E-002
1.6499999999999759E+000	1.4462543842434309E-002
1.6524999999999759E+000	1.4445393291361833E-002
1.6549999999999758E+000	1.4647132173344660E-002
1.6574999999999758E+000	1.4734525907073978E-002
1.6599999999999757E+000	1.4760013944945742E-002
1.6624999999999757E+000	1.4761500552060408E-002
1.6649999999999756E+000	1.4752708085042839E-002
1.6674999999999756E+000	1.4738442290832628E-002
1.6699999999999755E+000	1.4720507736830351E-002
1.6724999999999755E+000	1.4699736755171701E-002
1.6749999999999754E+000	1.4676644444069742E-002
1.6774999999999753E+000	1.4651618305861059E-002
1.6799999999999753E+000	1.4624970648223662E-002
1.6824999999999752E+000	1.4598397927051485E-002
1.6849999999999752E+000	1.4571268063752939E-002
1.6874999999999751E+000	1.4543641962365505E-002
1.6899999999999751E+000	1.4515595306221180E-002
1.6924999999999750E+000	1.4479429410220519E-002
1.6949999999999750E+000	1.4450321102390565E-002
1.6974999999999749E+000	1.4420937339120015E-002
1.6999999999999749E+000	1.4391379071069058E-002
1.7024999999999748E+000	1.4361707092493075E-002
1.7049999999999748E+000	1.4331858444647178E-002
1.7074999999999747E+000	1.4301797943883929E-002
1.7099999999999747E+000	1.4271518970408665E-002
1.7124999999999746E+000	1.4241026800077491E-002
1.7149999999999745E+000	1.4210313219315105E-002
1.7174999999999745E+000	1.4179368650282418E-002
1.7199999999999744E+000	1.4148188659843446E-002
1.7224999999999744E+000	1.4116852466090095E-002
1.7249999999999743E+000	1.4085395729291017E-002
1.7274999999999743E+000	1.4053717237231369E-002
1.7299999999999742E+000	1.4021820493694421E-002
1.7324999999999742E+000	1.3989706638146209E-002
1.7349999999999741E+000	1.3957376818259617E-002
1.7374999999999741E+000	1.3924831824131038E-002
1.7399999999999740E+000	1.3892074517880862E-002
1.7424999999999740E+000	1.3859109739505044E-002
1.7449999999999739E+000	1.3825943395153082E-002
1.7474999999999739E+000	1.3792582391050023E-002
1.7499999999999738E+000	1.3759034924435169E-002
1.7524999999999737E+000	1.3725230459436216E-002
1.7549999999999737E+000	1.3691129122017353E-002
1.7574999999999736E+000	1.3656363992675360E-002
1.7599999999999736E+000	1.3621857805420174E-002
1.7624999999999735E+000	1.3587118181934097E-002
1.7649999999999735E+000	1.3552141488403457E-002
1.7674999999999734E+000	1.3517002086860023E-002
1.7699999999999734E+000	1.3481736393361291E-002
1.7724999999999733E+000	1.3446361733076997E-002
1.7749999999999733E+000	1.3410896768609570E-002
1.7774999999999732E+000	1.3375363608452175E-002
1.7799999999999732E+000	1.3339780978753577E-002
1.7824999999999731E+000	1.3304165692220669E-002
1.7849999999999731E+000	1.3268531305578880E-002
1.7874999999999730E+000	1.3232899537767379E-002
1.7899999999999729E+000	1.3197283940318133E-002
1.7924999999999729E+000	1.3161699968254517E-002
1.7949999999999728E+000	1.3126162658539289E-002
1.7974999999999728E+000	1.3090686796063775E-002
1.7999999999999727E+000	1.3055286273070701E-002
1.8024999999999727E+000	1.3019974558655178E-002
1.8049999999999726E+000	1.2984765001612409E-002
1.8074999999999726E+000	1.2949670030830035E-002
1.8099999999999725E+000	1.2914701540977333E-002
1.8124999999999725E+000	1.2879870653645660E-002
1.8149999999999724E+000	1.2845187366975494E-002
1.8174999999999724E+000	1.2810662171792987E-002
1.8199999999999723E+000	1.2776305536239258E-002
1.8224999999999723E+000	1.2513668942673122E-002
1.8249999999999722E+000	1.2201996793724188E-002
1.8274999999999721E+000	1.2431799642614467E-002
1.8299999999999721E+000	1.2529614582140469E-002
1.8324999999999720E+000	1.2559214949964219E-002
1.8349999999999720E+000	1.2560039086458658E-002
1.8374999999999719E+000	1.2547104607092088E-002
1.8399999999999719E+000	1.2526822220117960E-002
1.8424999999999718E+000	1.2502198695731850E-002
1.8449999999999718E+000	1.2474821853286423E-002
1.8474999999999717E+000	1.2445648545931080E-002
1.8499999999999717E+000	1.2415317644367790E-002
1.8524999999999716E+000	1.2384280942063553E-002
1.8549999999999716E+000	1.2352865221581542E-002
1.8574999999999715E+000	1.2321302896146497E-002
1.8599999999999715E+000	1.2289787487393599E-002
1.8624999999999714E+000	1.2258443920856231E-002
1.8649999999999713E+000	1.2227368843672169E-002
1.8674999999999713E+000	1.2196629116775418E-002
1.8699999999999712E+000	1.2166270195884954E-002
1.8724999999999712E+000	1.2136321459697607E-002
1.8749999999999711E+000	1.2106801237540304E-002
1.8774999999999711E+000	1.2077718615324294E-002
1.8799999999999710E+000	1.2049076496134077E-002
1.8824999999999710E+000	1.2020873085348693E-002
1.8849999999999709E+000	1.1993103486834650E-002
1.8874999999999709E+000	1.1965759921407873E-002
1.8899999999999708E+000	1.1938834707279817E-002
1.8924999999999708E+000	1.1912319951423384E-002
1.8949999999999707E+000	1.1886209386405491E-002
1.8974999999999707E+000	1.1860497053984110E-002
1.8999999999999706E+000	1.1579312413508902E-002
1.9024999999999705E+000	1.1302965829625242E-002
1.9049999999999705E+000	1.1521570780135416E-002
1.9074999999999704E+000	1.1625266254971388E-002
1.9099999999999704E+000	1.1663893916762241E-002
1.9124999999999703E+000	1.1674413640769805E-002
1.9149999999999703E+000	1.1671130785680828E-002
1.9174999999999702E+000	1.1660414072060596E-002
1.9199999999999702E+000	1.1645397852959821E-002
1.9224999999999701E+000	1.1627795443796307E-002
1.9249999999999701E+000	1.1608656125754050E-002
1.9274999999999700E+000	1.1588656630408966E-002
1.9299999999999700E+000	1.1568240075890862E-002
1.9324999999999699E+000	1.1547713487840222E-002
1.9349999999999699E+000	1.1527299652284866E-002
1.9374999999999698E+000	1.1507155110233428E-002
1.9399999999999697E+000	1.1487386952476628E-002
1.9424999999999697E+000	1.1468067648803430E-002
1.9449999999999696E+000	1.1449238639551499E-002
1.9474999999999696E+000	1.1430916388956753E-002
1.9499999999999695E+000	1.1413104854915826E-002
1.9524999999999695E+000	1.1395787730338417E-002
1.9549999999999694E+000	1.1378946415590988E-002
1.9574999999999694E+000	1.1362554728188583E-002
1.9599999999999693E+000	1.1346591390356963E-002
1.9624999999999693E+000	1.1079663768012022E-002
1.9649999999999692E+000	1.0827397628744580E-002
1.9674999999999692E+000	1.1033346441087654E-002
1.9699999999999691E+000	1.1144265867354610E-002
1.9724999999999691E+000	1.1192007499994876E-002
1.9749999999999690E+000	1.1211950768635586E-002
1.9774999999999689E+000	1.1217897276818463E-002
1.9799999999999689E+000	1.1216173533122584E-002
1.9824999999999688E+000	1.1209974901337030E-002
1.9849999999999688E+000	1.1201053135456860E-002
1.9874999999999687E+000	1.1190447279657952E-002
1.9899999999999687E+000	1.1178846606938551E-002
1.9924999999999686E+000	1.1166736230147264E-002
1.9949999999999686E+000	1.1154423703083399E-002
1.9974999999999685E+000	1.1142096178900551E-002
1.9999999999999685E+000	1.1129881869625225E-002
2.0024999999999684E+000	1.1117872794517515E-002
2.0049999999999684E+000	1.1106127984645687E-002
2.0074999999999683E+000	1.1094679990569276E-002
2.0099999999999683E+000	1.1083546810817664E-002
2.0124999999999682E+000	1.1072734231765578E-002
2.0149999999999681E+000	1.1062243403493800E-002
2.0174999999999681E+000	1.1052146813836773E-002
2.0199999999999680E+000	1.1042445027862578E-002
2.0224999999999680E+000	1.1033073439683733E-002
2.0249999999999679E+000	1.1023997810876894E-002
2.0274999999999679E+000	1.1015200714582800E-002
2.0299999999999678E+000	1.1006664515442887E-002
2.0324999999999678E+000	1.0998368605548375E-002
2.0349999999999677E+000	1.0990372825344765E-002
2.0374999999999677E+000	1.0982624303533134E-002
2.0399999999999676E+000	1.0975034886428366E-002
2.0424999999999676E+000	1.0967604754064171E-002
2.0449999999999675E+000	1.0960334088951400E-002
2.0474999999999675E+000	1.0953210236208197E-002
2.0499999999999674E+000	1.0946219933599144E-002
2.0524999999999674E+000	1.0939248504944328E-002
2.0549999999999673E+000	1.0932482269035365E-002
2.0574999999999672E+000	1.0925903877610344E-002
2.0599999999999672E+000	1.0919453513838422E-002
2.0624999999999671E+000	1.0913080330187060E-002
2.0649999999999671E+000	1.0906751255819353E-002
2.0674999999999670E+000	1.0900446470309976E-002
2.0699999999999670E+000	1.0894152574251555E-002
2.0724999999999669E+000	1.0887860571579802E-002
2.0749999999999669E+000	1.0881564662971507E-002
2.0774999999999668E+000	1.0875261246705450E-002
2.0799999999999668E+000	1.0868947896731608E-002
2.0824999999999667E+000	1.0862622968005145E-002
2.0849999999999667E+000	1.0856211997556681E-002
2.0874999999999666E+000	1.0849707285430082E-002
2.0899999999999666E+000	1.0843159611888312E-002
2.0924999999999665E+000	1.0836585974676405E-002
2.0949999999999664E+000	1.0831320258789613E-002
2.0974999999999664E+000	1.0826681100057828E-002
2.0999999999999663E+000	1.0819904932569896E-002
2.1024999999999663E+000	1.0813038928101600E-002
2.1049999999999662E+000	1.0806081710545977E-002
2.1074999999999662E+000	1.0799041478398625E-002
2.1099999999999661E+000	1.0791926929514492E-002
2.1124999999999661E+000	1.0784746121300334E-002
2.1149999999999660E+000	1.0777506480611534E-002
2.1174999999999660E+000	1.0770214666120386E-002
2.1199999999999659E+000	1.0762876845316523E-002
2.1224999999999659E+000	1.0755498059756893E-002
2.1249999999999658E+000	1.0748082607931754E-002
2.1274999999999658E+000	1.0740633869967179E-002
2.1299999999999657E+000	1.0733154527986144E-002
2.1324999999999656E+000	1.0725646527448958E-002
2.1349999999999656E+000	1.0718110987032023E-002
2.1374999999999655E+000	1.0710548252531938E-002
2.1399999999999655E+000	1.0702958399045946E-002
2.1424999999999654E+000	1.0695339854936861E-002
2.1449999999999654E+000	1.0687760457421253E-002
2.1474999999999653E+000	1.0680245229938073E-002
2.1499999999999653E+000	1.0672732339453367E-002
2.1524999999999652E+000	1.0665186440995011E-002
2.1549999999999652E+000	1.0657596854270538E-002
2.1574999999999651E+000	1.0649957089107234E-002
2.1599999999999651E+000	1.0642259495050330E-002
2.1624999999999650E+000	1.0634495521062914E-002
2.1649999999999650E+000	1.0625223904048254E-002
2.1674999999999649E+000	1.0617530031515294E-002
2.1699999999999648E+000	1.0609769325030922E-002
2.1724999999999648E+000	1.0601936124820077E-002
2.1749999999999647E+000	1.0593979162080045E-002
2.1774999999999647E+000	1.0585877415118310E-002
2.1799999999999646E+000	1.0577623154415634E-002
2.1824999999999646E+000	1.0569206732702625E-002
2.1849999999999645E+000	1.0560631832973127E-002
2.1874999999999645E+000	1.0551861367854104E-002
2.1899999999999644E+000	1.0542882866206521E-002
2.1924999999999644E+000	1.0533688862387376E-002
2.1949999999999643E+000	1.0524269586832107E-002
2.1974999999999643E+000	1.0514614381858769E-002
2.1999999999999642E+000	1.0504712507548640E-002
2.2024999999999642E+000	1.0494552915741617E-002
2.2049999999999641E+000	1.0484124697121216E-002
2.2074999999999640E+000	1.0473416660543822E-002
2.2099999999999640E+000	1.0462417709818650E-002
2.2124999999999639E+000	1.0451116821548322E-002
2.2149999999999639E+000	1.0439502775945604E-002
2.2174999999999638E+000	1.0427564443233421E-002
2.2199999999999638E+000	1.0415291084934643E-002
2.2224999999999637E+000	1.0402669886298463E-002
2.2249999999999637E+000	1.0389689885552679E-002
2.2274999999999636E+000	1.0376340697744480E-002
2.2299999999999636E+000	1.0362611162596371E-002
2.2324999999999635E+000	1.0348488819530592E-002
2.2349999999999635E+000	1.0333962245062139E-002
2.2374999999999634E+000	1.0319020476072823E-002
2.2399999999999634E+000	1.0303652619936449E-002
2.2424999999999633E+000	1.0287848160917783E-002
2.2449999999999632E+000	1.0271596411516450E-002
2.2474999999999632E+000	1.0254885845529388E-002
2.2499999999999631E+000	1.0237705404215924E-002
2.2524999999999631E+000	1.0220044213354084E-002
2.2549999999999630E+000	1.0201892056970941E-002
2.2574999999999630E+000	1.0183239316641626E-002
2.2599999999999629E+000	1.0164076056407045E-002
2.2624999999999629E+000	1.0144392522505674E-002
2.2649999999999628E+000	1.0124179487096450E-002
2.2674999999999628E+000	1.0103427839836676E-002
2.2699999999999627E+000	1.0082159152316963E-002
2.2724999999999627E+000	1.0060356770191120E-002
2.2749999999999626E+000	1.0037890717563995E-002
2.2774999999999626E+000	1.0014735701356118E-002
2.2799999999999625E+000	9.9909516906446453E-003
2.2824999999999624E+000	9.9665845939144269E-003
2.2849999999999624E+000	9.9416455301643333E-003
2.2874999999999623E+000	1.0314525434226006E-002
2.2899999999999623E+000	1.0049541495910811E-002
2.2924999999999622E+000	9.8774296557137872E-003
2.2949999999999622E+000	9.8676575562545357E-003
2.2974999999999621E+000	9.8487592495110615E-003
2.2999999999999621E+000	9.8252351079852005E-003
2.3024999999999620E+000	1.0252127963300202E-002
2.3049999999999620E+000	9.9265312566247342E-003
2.3074999999999619E+000	9.7381859093912913E-003
2.3099999999999619E+000	1.0193249345830172E-002
2.3124999999999618E+000	9.8677312630460617E-003
2.3149999999999618E+000	1.0156587190587900E-002
2.3174999999999617E+000	9.8306979748078414E-003
2.3199999999999616E+000	1.0120409427403526E-002
2.3224999999999616E+000	1.0446548751594247E-002
2.3249999999999615E+000	1.0084812733969434E-002
2.3274999999999615E+000	1.0411723408114741E-002
2.3299999999999614E+000	1.0271724218395879E-002
2.3324999999999614E+000	1.0273127889417007E-002
2.3349999999999613E+000	1.0260007740914800E-002
2.3374999999999613E+000	1.0238487328673307E-002
2.3399999999999612E+000	1.0211077829719487E-002
2.3424999999999612E+000	1.0178063884577291E-002
2.3449999999999611E+000	1.0140275499408925E-002
2.3474999999999611E+000	1.0097168294125268E-002
2.3499999999999610E+000	1.0050879687227107E-002
2.3524999999999610E+000	1.0000676545092917E-002
2.3549999999999609E+000	9.9467611792494835E-003
2.3574999999999608E+000	9.8893579622213179E-003
2.3599999999999608E+000	9.8287608151232178E-003
2.3624999999999607E+000	9.7651343694068540E-003
2.3649999999999607E+000	9.6987302123495919E-003
2.3674999999999606E+000	9.6297648870806475E-003

 
