Grouping:BoSSS--Ainit
# x 	 y
0.0000000000000000E+000	1.0280495672983487E+000
5.0000000000000001E-003	1.0280722255926258E+000
1.0000000000000000E-002	1.0278202679044188E+000
1.4999999999999999E-002	1.0268067162345988E+000
2.0000000000000000E-002	1.0260133920189742E+000
2.5000000000000001E-002	1.0251217563120900E+000
3.0000000000000002E-002	1.0241705004418793E+000
3.5000000000000003E-002	1.0231686567433098E+000
4.0000000000000001E-002	1.0221242736454141E+000
4.4999999999999998E-002	1.0210474111285663E+000
4.9999999999999996E-002	1.0199470050363892E+000
5.4999999999999993E-002	1.0188287808255678E+000
5.9999999999999991E-002	1.0176976708411876E+000
6.4999999999999988E-002	1.0165577171451639E+000
6.9999999999999993E-002	1.0154120992934281E+000
7.4999999999999997E-002	1.0142635198480088E+000
8.0000000000000002E-002	1.0152172371579518E+000
8.5000000000000006E-002	1.0141507480977408E+000
9.0000000000000011E-002	1.0130832782243229E+000
9.5000000000000015E-002	1.0120164911738492E+000
1.0000000000000002E-001	1.0109519084887739E+000
1.0500000000000002E-001	1.0098909553891671E+000
1.1000000000000003E-001	1.0088353987086722E+000
1.1500000000000003E-001	1.0077868386058833E+000
1.2000000000000004E-001	1.0067466478107794E+000
1.2500000000000003E-001	1.0057160101933662E+000
1.3000000000000003E-001	1.0046960174863770E+000
1.3500000000000004E-001	1.0036875716208402E+000
1.4000000000000004E-001	1.0026914833955580E+000
1.4500000000000005E-001	1.0017085003002082E+000
1.5000000000000005E-001	1.0007392958251764E+000
1.5500000000000005E-001	9.9978450455356949E-001
1.6000000000000006E-001	9.9884453771509829E-001
1.6500000000000006E-001	9.9791981112856409E-001
1.7000000000000007E-001	9.9701069826402611E-001
1.7500000000000007E-001	9.9611755693240078E-001
1.8000000000000008E-001	9.9524066987626569E-001
1.8500000000000008E-001	9.9438027231046411E-001
1.9000000000000009E-001	9.9353656831516601E-001
1.9500000000000009E-001	9.9270972975752481E-001
2.0000000000000009E-001	9.9189989542330270E-001
2.0500000000000010E-001	9.9110717563441408E-001
2.1000000000000010E-001	9.9033165225047159E-001
2.1500000000000011E-001	9.8957333026691785E-001
2.2000000000000011E-001	9.8883226129014856E-001
2.2500000000000012E-001	9.8810847285248493E-001
2.3000000000000012E-001	9.8740228015426768E-001
2.3500000000000013E-001	9.8671379575325679E-001
2.4000000000000013E-001	9.8604293381173735E-001
2.4500000000000013E-001	9.8293961100935090E-001
2.5000000000000011E-001	9.8235498662864162E-001
2.5500000000000012E-001	9.8207408006349250E-001
2.6000000000000012E-001	9.8152373072086530E-001
2.6500000000000012E-001	9.8099219009395955E-001
2.7000000000000013E-001	9.8047735160559313E-001
2.7500000000000013E-001	9.7997308545811768E-001
2.8000000000000014E-001	9.7947670845148049E-001
2.8500000000000014E-001	9.7899770393117691E-001
2.9000000000000015E-001	9.7853796815538452E-001
2.9500000000000015E-001	9.7809500956870266E-001
3.0000000000000016E-001	9.7766691487872559E-001
3.0500000000000016E-001	9.7725305569766030E-001
3.1000000000000016E-001	9.7685317089057311E-001
3.1500000000000017E-001	9.7646696394878907E-001
3.2000000000000017E-001	9.7609411726061546E-001
3.2500000000000018E-001	9.7573435769580141E-001
3.3000000000000018E-001	9.7538745191935150E-001
3.3500000000000019E-001	9.7505318628715065E-001
3.4000000000000019E-001	9.7473135035403446E-001
3.4500000000000020E-001	9.7442173618144223E-001
3.5000000000000020E-001	9.7412414214922705E-001
3.5500000000000020E-001	9.7383837222648217E-001
3.6000000000000021E-001	9.7356423134200387E-001
3.6500000000000021E-001	9.7330152362189204E-001
3.7000000000000022E-001	9.7305005689167745E-001
3.7500000000000022E-001	9.7280964563895567E-001
3.8000000000000023E-001	9.7258010372662462E-001
3.8500000000000023E-001	9.7236125068720269E-001
3.9000000000000024E-001	9.7215290466731741E-001
3.9500000000000024E-001	9.7195493712528269E-001
4.0000000000000024E-001	9.7176714774106010E-001
4.0500000000000025E-001	9.7158934109722439E-001
4.1000000000000025E-001	9.7142134172793648E-001
4.1500000000000026E-001	9.7126298338097228E-001
4.2000000000000026E-001	9.7111409281583749E-001
4.2500000000000027E-001	9.7097449765047306E-001
4.3000000000000027E-001	9.7084402726214691E-001
4.3500000000000028E-001	9.7072251023649292E-001
4.4000000000000028E-001	9.7060978130999809E-001
4.4500000000000028E-001	9.7050567309327684E-001
4.5000000000000029E-001	9.7041001916432201E-001
4.5500000000000029E-001	9.7032265308177701E-001
4.6000000000000030E-001	9.7024341229659417E-001
4.6500000000000030E-001	9.7017213234004096E-001
4.7000000000000031E-001	9.7010865648461642E-001
4.7500000000000031E-001	9.7005282969967865E-001
4.8000000000000032E-001	9.7000449392047328E-001
4.8500000000000032E-001	9.6996349779459812E-001
4.9000000000000032E-001	9.6992969341738022E-001
4.9500000000000033E-001	9.6990293753463708E-001
5.0000000000000033E-001	9.6988308427106706E-001
5.0500000000000034E-001	9.6986998746788711E-001
5.1000000000000034E-001	9.6986350019732404E-001
5.1500000000000035E-001	9.6986347902069392E-001
5.2000000000000035E-001	9.6986978371312871E-001
5.2500000000000036E-001	9.6988227329718235E-001
5.3000000000000036E-001	9.6990081597673816E-001
5.3500000000000036E-001	9.6992527332484035E-001
5.4000000000000037E-001	9.6995551784874823E-001
5.4500000000000037E-001	9.6999142510972736E-001
5.5000000000000038E-001	9.7003286084177454E-001
5.5500000000000038E-001	9.7007969240899672E-001
5.6000000000000039E-001	9.7013179150252804E-001
5.6500000000000039E-001	9.7018903068776385E-001
5.7000000000000040E-001	9.7025128433151497E-001
5.7500000000000040E-001	9.7031842926456047E-001
5.8000000000000040E-001	9.7039034155990977E-001
5.8500000000000041E-001	9.7046690253040824E-001
5.9000000000000041E-001	9.7054799158609217E-001
5.9500000000000042E-001	9.7063349050777847E-001
6.0000000000000042E-001	9.7072328554641341E-001
6.0500000000000043E-001	9.7081726293976955E-001
6.1000000000000043E-001	9.7091531278004450E-001
6.1500000000000044E-001	9.7101732803830010E-001
6.2000000000000044E-001	9.7112319853807594E-001
6.2500000000000044E-001	9.7123282395281252E-001
6.3000000000000045E-001	9.7134608201752770E-001
6.3500000000000045E-001	9.7146284912393388E-001
6.4000000000000046E-001	9.7158302637162186E-001
6.4500000000000046E-001	9.7170654615923313E-001
6.5000000000000047E-001	9.7183331147331953E-001
6.5500000000000047E-001	9.7196322185874995E-001
6.6000000000000048E-001	9.7209617719811381E-001
6.6500000000000048E-001	9.7223207829101765E-001
6.7000000000000048E-001	9.7237082812633080E-001
6.7500000000000049E-001	9.7251233516443603E-001
6.8000000000000049E-001	9.7265650452562225E-001
6.8500000000000050E-001	9.7280324819468111E-001
6.9000000000000050E-001	9.7295247631532611E-001
6.9500000000000051E-001	9.7310410273939940E-001
7.0000000000000051E-001	9.7325804234242086E-001
7.0500000000000052E-001	9.7341420970608672E-001
7.1000000000000052E-001	9.7357252281898532E-001
7.1500000000000052E-001	9.7373289915544792E-001
7.2000000000000053E-001	9.7389525943649013E-001
7.2500000000000053E-001	9.7405952441188437E-001
7.3000000000000054E-001	9.7422561685447862E-001
7.3500000000000054E-001	9.7439345996723170E-001
7.4000000000000055E-001	9.7456297975655648E-001
7.4500000000000055E-001	9.7473410332023680E-001
7.5000000000000056E-001	9.7490675787890102E-001
7.5500000000000056E-001	9.7508087264640109E-001
7.6000000000000056E-001	9.7525637884312544E-001
7.6500000000000057E-001	9.7543320837780145E-001
7.7000000000000057E-001	9.7561129297161431E-001
7.7500000000000058E-001	9.7579056865917302E-001
7.8000000000000058E-001	9.7597096977928621E-001
7.8500000000000059E-001	9.7615243446941680E-001
7.9000000000000059E-001	9.7633490052404615E-001
7.9500000000000060E-001	9.7651830651876304E-001
8.0000000000000060E-001	9.7670259439089246E-001
8.0500000000000060E-001	9.7688770401889491E-001
8.1000000000000061E-001	9.7707357923818638E-001
8.1500000000000061E-001	9.7726016285535089E-001
8.2000000000000062E-001	9.7744739930919167E-001
8.2500000000000062E-001	9.7763523550124409E-001
8.3000000000000063E-001	9.7782361877124269E-001
8.3500000000000063E-001	9.7801249706594628E-001
8.4000000000000064E-001	9.7820182056666738E-001
8.4500000000000064E-001	9.7839153931652723E-001
8.5000000000000064E-001	9.7858160544636030E-001
8.5500000000000065E-001	9.7877197114887626E-001
8.6000000000000065E-001	9.7896259094976479E-001
8.6500000000000066E-001	9.7915341900169950E-001
8.7000000000000066E-001	9.7934441166242436E-001
8.7500000000000067E-001	9.7953552643760644E-001
8.8000000000000067E-001	9.7972671861259553E-001
8.8500000000000068E-001	9.7991794917278652E-001
8.9000000000000068E-001	9.8010917723691993E-001
8.9500000000000068E-001	9.8030036273008458E-001
9.0000000000000069E-001	9.8049146744164428E-001
9.0500000000000069E-001	9.8068245345725025E-001
9.1000000000000070E-001	9.8087328440764010E-001
9.1500000000000070E-001	9.8106392415735111E-001
9.2000000000000071E-001	9.8125433738416246E-001
9.2500000000000071E-001	9.8144449034785386E-001
9.3000000000000071E-001	9.8163434904105373E-001
9.3500000000000072E-001	9.8182388164628787E-001
9.4000000000000072E-001	9.8201305589409327E-001
9.4500000000000073E-001	9.8220184125991361E-001
9.5000000000000073E-001	9.8239020736691662E-001
9.5500000000000074E-001	9.8257812527276145E-001
9.6000000000000074E-001	9.8276556699905571E-001
9.6500000000000075E-001	9.8295250285189151E-001
9.7000000000000075E-001	9.8313890764196077E-001
9.7500000000000075E-001	9.8332475425514099E-001
9.8000000000000076E-001	9.8351001664187332E-001
9.8500000000000076E-001	9.8369467072678207E-001
9.9000000000000077E-001	9.8387869074113632E-001
9.9500000000000077E-001	9.8406205475312258E-001
1.0000000000000007E+000	9.8424473811271018E-001
1.0050000000000006E+000	9.8442671930714920E-001
1.0100000000000005E+000	9.8460797721634019E-001
1.0150000000000003E+000	9.8478525852957977E-001
1.0200000000000002E+000	9.8496004323377873E-001
1.0250000000000001E+000	9.8513341082126504E-001
1.0300000000000000E+000	9.8530578614569286E-001
1.0349999999999999E+000	9.8547728398517420E-001
1.0399999999999998E+000	9.8564794892142638E-001
1.0449999999999997E+000	9.8581780232413729E-001
1.0499999999999996E+000	9.8598684903258427E-001
1.0549999999999995E+000	9.8615508747914493E-001
1.0599999999999994E+000	9.8632251894026168E-001
1.0649999999999993E+000	9.8648914089134487E-001
1.0699999999999992E+000	9.8665494867170500E-001
1.0749999999999991E+000	9.8681993317852523E-001
1.0799999999999990E+000	9.8698408545984173E-001
1.0849999999999989E+000	9.8714739491721226E-001
1.0899999999999987E+000	9.8730985131317073E-001
1.0949999999999986E+000	9.8747144185899804E-001
1.0999999999999985E+000	9.8763215610056754E-001
1.1049999999999984E+000	9.8779198227773013E-001
1.1099999999999983E+000	9.8795090915182793E-001
1.1149999999999982E+000	9.8810892509705406E-001
1.1199999999999981E+000	9.8826601896746169E-001
1.1249999999999980E+000	9.8842217934583920E-001
1.1299999999999979E+000	9.8857739592320470E-001
1.1349999999999978E+000	9.8873164837028860E-001
1.1399999999999977E+000	9.8888492935867167E-001
1.1449999999999976E+000	9.8903723529777243E-001
1.1499999999999975E+000	9.8918856127453836E-001
1.1549999999999974E+000	9.8933889636327188E-001
1.1599999999999973E+000	9.8948823137425579E-001
1.1649999999999971E+000	9.8963655850246623E-001
1.1699999999999970E+000	9.8978386917086314E-001
1.1749999999999969E+000	9.8993015584032251E-001
1.1799999999999968E+000	9.9007541118459730E-001
1.1849999999999967E+000	9.9021962896150550E-001
1.1899999999999966E+000	9.9036280232667528E-001
1.1949999999999965E+000	9.9050492576564164E-001
1.1999999999999964E+000	9.9064599291006283E-001
1.2049999999999963E+000	9.9078599966116576E-001
1.2099999999999962E+000	9.9092494091548167E-001
1.2149999999999961E+000	9.9106281218131254E-001
1.2199999999999960E+000	9.9119960974021326E-001
1.2249999999999959E+000	9.9133532996608087E-001
1.2299999999999958E+000	9.9146997027088224E-001
1.2349999999999957E+000	9.9160352691565512E-001
1.2399999999999956E+000	9.9173599844611138E-001
1.2449999999999954E+000	9.9186738159606602E-001
1.2499999999999953E+000	9.9199767620700752E-001
1.2549999999999952E+000	9.9212688061090559E-001
1.2599999999999951E+000	9.9225499412291063E-001
1.2649999999999950E+000	9.9238201530876458E-001
1.2699999999999949E+000	9.9250794469279646E-001
1.2749999999999948E+000	9.9263278222605589E-001
1.2799999999999947E+000	9.9275652692632543E-001
1.2849999999999946E+000	9.9287985455803518E-001
1.2899999999999945E+000	9.9300194859325241E-001
1.2949999999999944E+000	9.9312248716472840E-001
1.2999999999999943E+000	9.9324170932922207E-001
1.3049999999999942E+000	9.9335970264340645E-001
1.3099999999999941E+000	9.9347779937773606E-001
1.3149999999999940E+000	9.9359479711400978E-001
1.3199999999999938E+000	9.9371079738182355E-001
1.3249999999999937E+000	9.9382561968455996E-001
1.3299999999999936E+000	9.9393922463113338E-001
1.3349999999999935E+000	9.9405157729524674E-001
1.3399999999999934E+000	9.9416275560459422E-001
1.3449999999999933E+000	9.9427275447904939E-001
1.3499999999999932E+000	9.9438158307645097E-001
1.3549999999999931E+000	9.9448928151178229E-001
1.3599999999999930E+000	9.9459587794376958E-001
1.3649999999999929E+000	9.9470136167967560E-001
1.3699999999999928E+000	9.9480535730377873E-001
1.3749999999999927E+000	9.9490795878888094E-001
1.3799999999999926E+000	9.9500933374217060E-001
1.3849999999999925E+000	9.9511038755421877E-001
1.3899999999999924E+000	9.9521137360502587E-001
1.3949999999999922E+000	9.9531663104982293E-001
1.3999999999999921E+000	9.9541651705257606E-001
1.4049999999999920E+000	9.9551514809070096E-001
1.4099999999999919E+000	9.9561198825493979E-001
1.4149999999999918E+000	9.9570732489617120E-001
1.4199999999999917E+000	9.9580151479355850E-001
1.4249999999999916E+000	9.9589466037356222E-001
1.4299999999999915E+000	9.9598675670731840E-001
1.4349999999999914E+000	9.9607779316765310E-001
1.4399999999999913E+000	9.9616777391408928E-001
1.4449999999999912E+000	9.9625670372255626E-001
1.4499999999999911E+000	9.9634458685573013E-001
1.4549999999999910E+000	9.9643142693316045E-001
1.4599999999999909E+000	9.9651722655865560E-001
1.4649999999999908E+000	9.9660199020186346E-001
1.4699999999999906E+000	9.9668572113109932E-001
1.4749999999999905E+000	9.9676842309795610E-001
1.4799999999999904E+000	9.9685010113880446E-001
1.4849999999999903E+000	9.9693075896313854E-001
1.4899999999999902E+000	9.9701040095848104E-001
1.4949999999999901E+000	9.9708903219599576E-001
1.4999999999999900E+000	9.9716665768541501E-001
1.5049999999999899E+000	9.9724328172815024E-001
1.5099999999999898E+000	9.9731891070444278E-001
1.5149999999999897E+000	9.9739355006925012E-001
1.5199999999999896E+000	9.9746720475545059E-001
1.5249999999999895E+000	9.9753988062137844E-001
1.5299999999999894E+000	9.9761158406306871E-001
1.5349999999999893E+000	9.9768232086726627E-001
1.5399999999999892E+000	9.9775209688828803E-001
1.5449999999999890E+000	9.9782091815885332E-001
1.5499999999999889E+000	9.9788879165637800E-001
1.5549999999999888E+000	9.9795572344369776E-001
1.5599999999999887E+000	9.9802171974286980E-001
1.5649999999999886E+000	9.9808678771955806E-001
1.5699999999999885E+000	9.9815093321799830E-001
1.5749999999999884E+000	9.9821416435550403E-001
1.5799999999999883E+000	9.9827648561846882E-001
1.5849999999999882E+000	9.9833790595427763E-001
1.5899999999999881E+000	9.9839843192156608E-001
1.5949999999999880E+000	9.9845806981277208E-001
1.5999999999999879E+000	9.9851682739846015E-001
1.6049999999999878E+000	9.9857471161112277E-001
1.6099999999999877E+000	9.9863172908501863E-001
1.6149999999999876E+000	9.9868788707919209E-001
1.6199999999999875E+000	9.9874319303871428E-001
1.6249999999999873E+000	9.9879765413125643E-001
1.6299999999999872E+000	9.9885127740033441E-001
1.6349999999999871E+000	9.9890407011625948E-001
1.6399999999999870E+000	9.9895603956538581E-001
1.6449999999999869E+000	9.9900719314861264E-001
1.6499999999999868E+000	9.9905753757342297E-001
1.6549999999999867E+000	9.9910708091559597E-001
1.6599999999999866E+000	9.9915583052121315E-001
1.6649999999999865E+000	9.9920379300052453E-001
1.6699999999999864E+000	9.9925097603820456E-001
1.6749999999999863E+000	9.9929738716692218E-001
1.6799999999999862E+000	9.9934303403856106E-001
1.6849999999999861E+000	9.9938792406633348E-001
1.6899999999999860E+000	9.9943206375826310E-001
1.6949999999999859E+000	9.9947546148860988E-001
1.6999999999999857E+000	9.9951812420972519E-001
1.7049999999999856E+000	9.9956005889729849E-001
1.7099999999999855E+000	9.9960127350959715E-001
1.7149999999999854E+000	9.9964177554560929E-001
1.7199999999999853E+000	9.9968157146865311E-001
1.7249999999999852E+000	9.9972066963176931E-001
1.7299999999999851E+000	9.9975907695872623E-001
1.7349999999999850E+000	9.9979680019107620E-001
1.7399999999999849E+000	9.9983384722095292E-001
1.7449999999999848E+000	9.9987083398956678E-001
1.7499999999999847E+000	9.9990859427501810E-001
1.7549999999999846E+000	9.9994647881237508E-001
1.7599999999999845E+000	9.9998382242430317E-001
1.7649999999999844E+000	1.0000204312718615E+000
1.7699999999999843E+000	1.0000563531382722E+000
1.7749999999999841E+000	1.0000917689140323E+000
1.7799999999999840E+000	1.0001265289205037E+000
1.7849999999999839E+000	1.0001608356741998E+000
1.7899999999999838E+000	1.0001944189264649E+000
1.7949999999999837E+000	1.0002272218230823E+000
1.7999999999999836E+000	1.0002593389604595E+000
1.8049999999999835E+000	1.0002908351783724E+000
1.8099999999999834E+000	1.0003217254650814E+000
1.8149999999999833E+000	1.0003520126395202E+000
1.8199999999999832E+000	1.0003816995521342E+000
1.8249999999999831E+000	1.0004107916184641E+000
1.8299999999999830E+000	1.0004394225416049E+000
1.8349999999999829E+000	1.0004672773161261E+000
1.8399999999999828E+000	1.0004944630586960E+000
1.8449999999999827E+000	1.0005213608130330E+000
1.8499999999999825E+000	1.0005477155548526E+000
1.8549999999999824E+000	1.0005734134524311E+000
1.8599999999999823E+000	1.0005978942283149E+000
1.8649999999999822E+000	1.0006213200102749E+000
1.8699999999999821E+000	1.0006440407694255E+000
1.8749999999999820E+000	1.0006661967874870E+000
1.8799999999999819E+000	1.0006878122414238E+000
1.8849999999999818E+000	1.0007088908726074E+000
1.8899999999999817E+000	1.0007294443434904E+000
1.8949999999999816E+000	1.0007496116258092E+000
1.8999999999999815E+000	1.0007690817354002E+000
1.9049999999999814E+000	1.0007879770465677E+000
1.9099999999999813E+000	1.0008066685498549E+000
1.9149999999999812E+000	1.0008249003042913E+000
1.9199999999999811E+000	1.0008425633884197E+000
1.9249999999999809E+000	1.0008597107962978E+000
1.9299999999999808E+000	1.0008763929642215E+000
1.9349999999999807E+000	1.0008926279230452E+000
1.9399999999999806E+000	1.0009084239302926E+000
1.9449999999999805E+000	1.0009237892515972E+000
1.9499999999999804E+000	1.0009387305761186E+000
1.9549999999999803E+000	1.0009532537534178E+000
1.9599999999999802E+000	1.0009673628979741E+000
1.9649999999999801E+000	1.0009811936807527E+000
1.9699999999999800E+000	1.0009944279689234E+000
1.9749999999999799E+000	1.0010071996417937E+000
1.9799999999999798E+000	1.0010198604915419E+000
1.9849999999999797E+000	1.0010321450695976E+000
1.9899999999999796E+000	1.0010439422399915E+000
1.9949999999999795E+000	1.0010553073505337E+000
1.9999999999999793E+000	1.0010662916771795E+000
2.0049999999999795E+000	1.0010769158676687E+000
2.0099999999999794E+000	1.0010871864129500E+000
2.0149999999999793E+000	1.0010971064628644E+000
2.0199999999999791E+000	1.0011066805193836E+000
2.0249999999999790E+000	1.0011159143858941E+000
2.0299999999999789E+000	1.0011248134481461E+000
2.0349999999999788E+000	1.0011333839622290E+000
2.0399999999999787E+000	1.0011417523897799E+000
2.0449999999999786E+000	1.0011496093514887E+000
2.0499999999999785E+000	1.0011570902485576E+000
2.0549999999999784E+000	1.0011645342806925E+000
2.0599999999999783E+000	1.0011716786629199E+000
2.0649999999999782E+000	1.0011784161238784E+000
2.0699999999999781E+000	1.0011848013338924E+000
2.0749999999999780E+000	1.0011908852616047E+000
2.0799999999999779E+000	1.0011966835353447E+000
2.0849999999999778E+000	1.0012021992214053E+000
2.0899999999999777E+000	1.0012074399109867E+000
2.0949999999999775E+000	1.0012124150162640E+000
2.0999999999999774E+000	1.0012171299426884E+000
2.1049999999999773E+000	1.0012215875611346E+000
2.1099999999999772E+000	1.0012257911788784E+000
2.1149999999999771E+000	1.0012297449824601E+000
2.1199999999999770E+000	1.0012335763875888E+000
2.1249999999999769E+000	1.0012371918443153E+000
2.1299999999999768E+000	1.0012407383821560E+000
2.1349999999999767E+000	1.0012439342487287E+000
2.1399999999999766E+000	1.0012467327571719E+000
2.1449999999999765E+000	1.0012492387242253E+000
2.1499999999999764E+000	1.0012515188545397E+000
2.1549999999999763E+000	1.0012535853320637E+000
2.1599999999999762E+000	1.0012554353030263E+000
2.1649999999999761E+000	1.0012570761129971E+000
2.1699999999999759E+000	1.0012585170398176E+000
2.1749999999999758E+000	1.0012597640640544E+000
2.1799999999999757E+000	1.0012608196856472E+000
2.1849999999999756E+000	1.0012616863785080E+000
2.1899999999999755E+000	1.0012623674016428E+000
2.1949999999999754E+000	1.0012628664398222E+000
2.1999999999999753E+000	1.0012631882135661E+000
2.2049999999999752E+000	1.0012636428751143E+000
2.2099999999999751E+000	1.0012641154908017E+000
2.2149999999999750E+000	1.0012642167759156E+000
2.2199999999999749E+000	1.0012639014230906E+000
2.2249999999999748E+000	1.0012633163719760E+000
2.2299999999999747E+000	1.0012625661297845E+000
2.2349999999999746E+000	1.0012616731962569E+000
2.2399999999999745E+000	1.0012606304701857E+000
2.2449999999999743E+000	1.0012594350011768E+000
2.2499999999999742E+000	1.0012580923081797E+000
2.2549999999999741E+000	1.0012566089338160E+000
2.2599999999999740E+000	1.0012549949361405E+000
2.2649999999999739E+000	1.0012532548073008E+000
2.2699999999999738E+000	1.0012513927755826E+000
2.2749999999999737E+000	1.0012494086052179E+000
2.2799999999999736E+000	1.0012473034222471E+000
2.2849999999999735E+000	1.0012450796436601E+000
2.2899999999999734E+000	1.0012430525407021E+000
2.2949999999999733E+000	1.0012411011859248E+000
2.2999999999999732E+000	1.0012388341784630E+000
2.3049999999999731E+000	1.0012362065768796E+000
2.3099999999999730E+000	1.0012333636314925E+000
2.3149999999999729E+000	1.0012304093466287E+000
2.3199999999999728E+000	1.0012273654311992E+000
2.3249999999999726E+000	1.0012242246751251E+000
2.3299999999999725E+000	1.0012209841345963E+000
2.3349999999999724E+000	1.0012176512905067E+000
2.3399999999999723E+000	1.0012142364159486E+000
2.3449999999999722E+000	1.0012107419544634E+000
2.3499999999999721E+000	1.0012071686144139E+000
2.3549999999999720E+000	1.0012035162052930E+000
2.3599999999999719E+000	1.0011997870224798E+000
2.3649999999999718E+000	1.0011959834892608E+000
2.3699999999999717E+000	1.0011921081838435E+000
2.3749999999999716E+000	1.0011881629298007E+000
2.3799999999999715E+000	1.0011844534498651E+000
2.3849999999999714E+000	1.0011808571724052E+000
2.3899999999999713E+000	1.0011769947931508E+000
2.3949999999999712E+000	1.0011728229114603E+000
2.3999999999999710E+000	1.0011684841073487E+000
2.4049999999999709E+000	1.0011640795976460E+000
2.4099999999999708E+000	1.0011596303027877E+000
2.4149999999999707E+000	1.0011551274312209E+000
2.4199999999999706E+000	1.0011505677403831E+000
2.4249999999999705E+000	1.0011459541278764E+000
2.4299999999999704E+000	1.0011412925285741E+000
2.4349999999999703E+000	1.0011365871411859E+000
2.4399999999999702E+000	1.0011318441473263E+000
2.4449999999999701E+000	1.0011270684125788E+000
2.4499999999999700E+000	1.0011222606357855E+000
2.4549999999999699E+000	1.0011174206983680E+000
2.4599999999999698E+000	1.0011125475715263E+000
2.4649999999999697E+000	1.0011076421919225E+000
2.4699999999999696E+000	1.0011027063486910E+000
2.4749999999999694E+000	1.0010980452911806E+000
2.4799999999999693E+000	9.9970613950967135E-001
2.4849999999999692E+000	9.9970627525348565E-001
2.4899999999999691E+000	9.9970595768919335E-001
2.4949999999999690E+000	9.9970539096842215E-001
2.4999999999999689E+000	9.9970474386224872E-001
2.5049999999999688E+000	9.9970406052142269E-001
2.5099999999999687E+000	9.9970333281699153E-001
2.5149999999999686E+000	9.9970255500353389E-001
2.5199999999999685E+000	9.9970173240099858E-001
2.5249999999999684E+000	9.9970088104757227E-001
2.5299999999999683E+000	9.9970000891013111E-001
2.5349999999999682E+000	9.9969911669398503E-001
2.5399999999999681E+000	9.9969820174320867E-001
2.5449999999999680E+000	9.9969726280220761E-001
2.5499999999999678E+000	9.9969630042966384E-001
2.5549999999999677E+000	9.9969531657226773E-001
2.5599999999999676E+000	9.9969431281011745E-001
2.5649999999999675E+000	9.9969329050803513E-001
2.5699999999999674E+000	9.9969225103520987E-001
2.5749999999999673E+000	9.9969152576539977E-001
2.5799999999999672E+000	9.9969120508156395E-001
2.5849999999999671E+000	9.9969062667802899E-001
2.5899999999999670E+000	9.9968963785459275E-001
2.5949999999999669E+000	9.9968843680191311E-001
2.5999999999999668E+000	9.9968718606352835E-001
2.6049999999999667E+000	9.9968592722640359E-001
2.6099999999999666E+000	9.9968465176272803E-001
2.6149999999999665E+000	9.9968335383053186E-001
2.6199999999999664E+000	9.9968203779836884E-001
2.6249999999999662E+000	9.9968071049217377E-001
2.6299999999999661E+000	9.9967937655134875E-001
2.6349999999999660E+000	9.9967803844178460E-001
2.6399999999999659E+000	9.9967669793669101E-001
2.6449999999999658E+000	9.9967536377526334E-001
2.6499999999999657E+000	9.9967404165041585E-001
2.6549999999999656E+000	9.9967363052100411E-001
2.6599999999999655E+000	9.9967394610391880E-001
2.6649999999999654E+000	9.9967450285763038E-001
2.6699999999999653E+000	9.9967510169925700E-001
2.6749999999999652E+000	9.9967602967769342E-001
2.6799999999999651E+000	9.9967737259074352E-001
2.6849999999999650E+000	9.9967848877974497E-001
2.6899999999999649E+000	9.9967922109385188E-001
2.6949999999999648E+000	9.9967975198074777E-001
2.6999999999999647E+000	9.9968023190189559E-001
2.7049999999999645E+000	9.9968069767775880E-001
2.7099999999999644E+000	9.9968113846898254E-001
2.7149999999999643E+000	9.9968154687150157E-001
2.7199999999999642E+000	9.9968193306411401E-001
2.7249999999999641E+000	9.9968230682741033E-001
2.7299999999999640E+000	9.9968266936062089E-001
2.7349999999999639E+000	9.9968301727767617E-001
2.7399999999999638E+000	9.9968334835288664E-001
2.7449999999999637E+000	9.9968366236750494E-001
2.7499999999999636E+000	9.9968396044688768E-001
2.7549999999999635E+000	9.9968424335667128E-001
2.7599999999999634E+000	9.9968451229552713E-001
2.7649999999999633E+000	9.9968476801783923E-001
2.7699999999999632E+000	9.9968501140404986E-001
2.7749999999999631E+000	9.9968555869159670E-001
2.7799999999999629E+000	9.9968647667626098E-001
2.7849999999999628E+000	9.9968715670275032E-001
2.7899999999999627E+000	9.9968745964359818E-001
2.7949999999999626E+000	9.9968756892808663E-001
2.7999999999999625E+000	9.9968763456286203E-001
2.8049999999999624E+000	9.9968769494117371E-001
2.8099999999999623E+000	9.9968774187523302E-001
2.8149999999999622E+000	9.9968776974984697E-001
2.8199999999999621E+000	9.9968778253597135E-001
2.8249999999999620E+000	9.9968778619766807E-001
2.8299999999999619E+000	9.9968778505443778E-001
2.8349999999999618E+000	9.9968778109271927E-001
2.8399999999999617E+000	9.9968777584784441E-001
2.8449999999999616E+000	9.9968777775464979E-001
2.8499999999999615E+000	9.9968779231577587E-001
2.8549999999999613E+000	9.9968781840876719E-001
2.8599999999999612E+000	9.9968785216695366E-001
2.8649999999999611E+000	9.9968789078205300E-001
2.8699999999999610E+000	9.9968793385009136E-001
2.8749999999999609E+000	9.9968829634460199E-001
2.8799999999999608E+000	9.9968903377733365E-001
2.8849999999999607E+000	9.9968955480750465E-001
2.8899999999999606E+000	9.9968972468842376E-001
2.8949999999999605E+000	9.9968972193648820E-001
2.8999999999999604E+000	9.9968969187854251E-001
2.9049999999999603E+000	9.9968967131840170E-001
2.9099999999999602E+000	9.9968965191708370E-001
2.9149999999999601E+000	9.9968962794320748E-001
2.9199999999999600E+000	9.9968961030982606E-001
2.9249999999999599E+000	9.9968960901630988E-001
2.9299999999999597E+000	9.9968962558401753E-001
2.9349999999999596E+000	9.9968965666979259E-001
2.9399999999999595E+000	9.9968969984889244E-001
2.9449999999999594E+000	9.9968975479486966E-001
2.9499999999999593E+000	9.9968982228594938E-001
2.9549999999999592E+000	9.9968990283197368E-001
2.9599999999999591E+000	9.9968999717976281E-001
2.9649999999999590E+000	9.9969010561533556E-001
2.9699999999999589E+000	9.9969022853072942E-001
2.9749999999999588E+000	9.9969067598597139E-001
2.9799999999999587E+000	9.9969148662281893E-001
2.9849999999999586E+000	9.9969209202599196E-001
2.9899999999999585E+000	9.9969236591615562E-001
2.9949999999999584E+000	9.9969248186318516E-001
2.9999999999999583E+000	9.9969258050264420E-001
3.0049999999999581E+000	9.9969269690032703E-001
3.0099999999999580E+000	9.9969282300005857E-001
3.0149999999999579E+000	9.9969295247209022E-001
3.0199999999999578E+000	9.9969308861076556E-001
3.0249999999999577E+000	9.9969323684712508E-001
3.0299999999999576E+000	9.9969340031890752E-001
3.0349999999999575E+000	9.9969358064604474E-001
3.0399999999999574E+000	9.9969377865844622E-001
3.0449999999999573E+000	9.9969399489741595E-001
3.0499999999999572E+000	9.9969423706225080E-001
3.0549999999999571E+000	9.9969451012316735E-001
3.0599999999999570E+000	9.9969481248432090E-001
3.0649999999999569E+000	9.9969513927720910E-001
3.0699999999999568E+000	9.9969548741186842E-001
3.0749999999999567E+000	9.9969582141087110E-001
3.0799999999999566E+000	9.9969669071255829E-001
3.0849999999999564E+000	9.9969754861723437E-001
3.0899999999999563E+000	9.9969815752004709E-001
3.0949999999999562E+000	9.9969858040203885E-001
3.0999999999999561E+000	9.9969894181773866E-001
3.1049999999999560E+000	9.9969931171742665E-001
3.1099999999999559E+000	9.9969970318717805E-001
3.1149999999999558E+000	9.9970011058260377E-001
3.1199999999999557E+000	9.9970053226445632E-001
3.1249999999999556E+000	9.9970097708529670E-001
3.1299999999999555E+000	9.9970145054844894E-001
3.1349999999999554E+000	9.9970195215003266E-001
3.1399999999999553E+000	9.9970247802810719E-001
3.1449999999999552E+000	9.9970302550842471E-001
3.1499999999999551E+000	9.9970359340886561E-001
3.1549999999999550E+000	9.9970418199158928E-001
3.1599999999999548E+000	9.9970479131686474E-001
3.1649999999999547E+000	9.9970542154028108E-001
3.1699999999999546E+000	9.9970607270410916E-001
3.1749999999999545E+000	9.9970671946348677E-001
3.1799999999999544E+000	9.9970749845466822E-001
3.1849999999999543E+000	9.9970842971349594E-001
3.1899999999999542E+000	9.9970932499685738E-001
3.1949999999999541E+000	9.9971013226871297E-001
3.1999999999999540E+000	9.9971085336415699E-001
3.2049999999999539E+000	9.9971153520952760E-001
3.2099999999999538E+000	9.9971222379185321E-001
3.2149999999999537E+000	9.9971293507997605E-001
3.2199999999999536E+000	9.9971366652211202E-001
3.2249999999999535E+000	9.9971441474576905E-001
3.2299999999999534E+000	9.9971518046668506E-001
3.2349999999999532E+000	9.9971596509431038E-001
3.2399999999999531E+000	9.9971677011844995E-001
3.2449999999999530E+000	9.9971759541273342E-001
3.2499999999999529E+000	9.9971844129826726E-001
3.2549999999999528E+000	9.9971930939207421E-001
3.2599999999999527E+000	9.9972019930546852E-001
3.2649999999999526E+000	9.9972111718741707E-001
3.2699999999999525E+000	9.9972206536788677E-001
3.2749999999999524E+000	9.9972304173998516E-001
3.2799999999999523E+000	9.9972401755280249E-001
3.2849999999999522E+000	9.9972511580397139E-001
3.2899999999999521E+000	9.9972636007002913E-001
3.2949999999999520E+000	9.9972756976138399E-001
3.2999999999999519E+000	9.9972869427119482E-001
3.3049999999999518E+000	9.9972973487460925E-001
3.3099999999999516E+000	9.9973073691126180E-001
3.3149999999999515E+000	9.9973174465204395E-001
3.3199999999999514E+000	9.9973277342382616E-001
3.3249999999999513E+000	9.9973382116525444E-001
3.3299999999999512E+000	9.9973489311817409E-001
3.3349999999999511E+000	9.9973599210338748E-001
3.3399999999999510E+000	9.9973711707758617E-001
3.3449999999999509E+000	9.9973826409195332E-001
3.3499999999999508E+000	9.9973943034493162E-001
3.3549999999999507E+000	9.9974061449356810E-001
3.3599999999999506E+000	9.9974181621412073E-001
3.3649999999999505E+000	9.9974303561445588E-001
3.3699999999999504E+000	9.9974427250225750E-001
3.3749999999999503E+000	9.9974552634575886E-001
3.3799999999999502E+000	9.9974679722776516E-001
3.3849999999999500E+000	9.9974807125142107E-001
3.3899999999999499E+000	9.9972397106949096E-001
3.3949999999999498E+000	9.9969986450802140E-001
3.3999999999999497E+000	9.9970141457694695E-001
3.4049999999999496E+000	9.9970279457245481E-001
3.4099999999999495E+000	9.9969761175100658E-001
3.4149999999999494E+000	9.9969894085063959E-001
3.4199999999999493E+000	9.9970028615476370E-001
3.4249999999999492E+000	9.9969516898625843E-001
3.4299999999999491E+000	9.9969653842175221E-001
3.4349999999999490E+000	9.9969791730511737E-001
3.4399999999999489E+000	9.9969930851975830E-001
3.4449999999999488E+000	9.9970071345464007E-001
3.4499999999999487E+000	9.9970213246212003E-001
3.4549999999999486E+000	9.9970356589929532E-001
3.4599999999999485E+000	9.9970501353292029E-001
3.4649999999999483E+000	9.9970356208727162E-001
3.4699999999999482E+000	9.9970504833910556E-001
3.4749999999999481E+000	9.9970656048268425E-001
3.4799999999999480E+000	9.9970809560266827E-001
3.4849999999999479E+000	9.9970964923214756E-001
3.4899999999999478E+000	9.9971149471462661E-001
3.4949999999999477E+000	9.9971363033581251E-001
3.4999999999999476E+000	9.9971507412150273E-001
3.5049999999999475E+000	9.9971675408797989E-001
3.5099999999999474E+000	9.9971542600066443E-001
3.5149999999999473E+000	9.9971695973856034E-001
3.5199999999999472E+000	9.9971850768713821E-001
3.5249999999999471E+000	9.9972006772255417E-001
3.5299999999999470E+000	9.9972163886550613E-001
3.5349999999999469E+000	9.9972322404260083E-001
3.5399999999999467E+000	9.9972432208770901E-001
3.5449999999999466E+000	9.9972593362212125E-001
3.5499999999999465E+000	9.9972755601316488E-001
3.5549999999999464E+000	9.9972918916962838E-001
3.5599999999999463E+000	9.9972899214122202E-001
3.5649999999999462E+000	9.9973064884586016E-001
3.5699999999999461E+000	9.9973048498872541E-001
3.5749999999999460E+000	9.9973216428577771E-001
3.5799999999999459E+000	9.9973385436547679E-001
3.5849999999999458E+000	9.9973555503107192E-001
3.5899999999999457E+000	9.9973738181538274E-001
3.5949999999999456E+000	9.9973922587422848E-001
3.5999999999999455E+000	9.9974130413969520E-001
3.6049999999999454E+000	9.9974327502554183E-001
3.6099999999999453E+000	9.9974505494866928E-001
3.6149999999999451E+000	9.9974675002493707E-001
3.6199999999999450E+000	9.9974843547263803E-001
3.6249999999999449E+000	9.9975012475995828E-001
3.6299999999999448E+000	9.9975181307331695E-001
3.6349999999999447E+000	9.9975153537792205E-001
3.6399999999999446E+000	9.9975322412442502E-001
3.6449999999999445E+000	9.9975491788137993E-001
3.6499999999999444E+000	9.9975661851674569E-001
3.6549999999999443E+000	9.9975832664667030E-001
3.6599999999999442E+000	9.9976004265435137E-001
3.6649999999999441E+000	9.9976176699207453E-001
3.6699999999999440E+000	9.9976349979904466E-001
3.6749999999999439E+000	9.9976329866063995E-001
3.6799999999999438E+000	9.9976505611532251E-001
3.6849999999999437E+000	9.9976683378525522E-001
3.6899999999999435E+000	9.9976863003387662E-001
3.6949999999999434E+000	9.9977054985630165E-001
3.6999999999999433E+000	9.9977248762918391E-001
3.7049999999999432E+000	9.9977464808919303E-001
3.7099999999999431E+000	9.9977670090587556E-001
3.7149999999999430E+000	9.9977856737821935E-001
3.7199999999999429E+000	9.9978034984455622E-001
3.7249999999999428E+000	9.9978212112003817E-001
3.7299999999999427E+000	9.9978390021616526E-001
3.7349999999999426E+000	9.9978429296729310E-001
3.7399999999999425E+000	9.9978608722004636E-001
3.7449999999999424E+000	9.9978788660324613E-001
3.7499999999999423E+000	9.9978969011536734E-001
3.7549999999999422E+000	9.9979149809956924E-001
3.7599999999999421E+000	9.9979193004768185E-001
3.7649999999999419E+000	9.9979374817745759E-001
3.7699999999999418E+000	9.9979557184980572E-001
3.7749999999999417E+000	9.9979740049272248E-001
3.7799999999999416E+000	9.9979923446754693E-001
3.7849999999999415E+000	9.9980107368507398E-001
3.7899999999999414E+000	9.9980291801374710E-001
3.7949999999999413E+000	9.9980476716156552E-001
3.7999999999999412E+000	9.9980689113164312E-001
3.8049999999999411E+000	9.9980926332909859E-001
3.8099999999999410E+000	9.9981145996635157E-001
3.8149999999999409E+000	9.9981339334648633E-001
3.8199999999999408E+000	9.9981519897788984E-001
3.8249999999999407E+000	9.9981625677646124E-001
3.8299999999999406E+000	9.9981804812070729E-001
3.8349999999999405E+000	9.9981983825617893E-001
3.8399999999999403E+000	9.9982162215603099E-001
3.8449999999999402E+000	9.9982267943156189E-001
3.8499999999999401E+000	9.9982445980701251E-001
3.8549999999999400E+000	9.9982624251769381E-001
3.8599999999999399E+000	9.9982802810107929E-001
3.8649999999999398E+000	9.9982981740365084E-001
3.8699999999999397E+000	9.9983160999228438E-001
3.8749999999999396E+000	9.9983340647233465E-001
3.8799999999999395E+000	9.9983520704770501E-001
3.8849999999999394E+000	9.9983701181847673E-001
3.8899999999999393E+000	9.9983882274451319E-001
3.8949999999999392E+000	9.9984064543922102E-001
3.8999999999999391E+000	9.9809171766882854E-001
3.9049999999999390E+000	9.9809928902100853E-001
3.9099999999999389E+000	9.9810769498740759E-001
3.9149999999999388E+000	9.9811608741494862E-001
3.9199999999999386E+000	9.9812406903291706E-001
3.9249999999999385E+000	9.9813171087844432E-001
3.9299999999999384E+000	9.9813919474308532E-001
3.9349999999999383E+000	9.9814663044490248E-001
3.9399999999999382E+000	9.9815405695132786E-001
3.9449999999999381E+000	9.9816147826153268E-001
3.9499999999999380E+000	9.9816888660606606E-001
3.9549999999999379E+000	9.9817627608248549E-001
3.9599999999999378E+000	9.9818364536324178E-001
3.9649999999999377E+000	9.9819099551262203E-001
3.9699999999999376E+000	9.9819832797572317E-001
3.9749999999999375E+000	9.9820564384856891E-001
3.9799999999999374E+000	9.9821294362589508E-001
3.9849999999999373E+000	9.9822022752286821E-001
3.9899999999999372E+000	9.9822749571728941E-001
3.9949999999999370E+000	9.9823474844569726E-001
3.9999999999999369E+000	9.9824198579583256E-001

 
