Grouping:surfaceEnergy J686
# x 	 y
0.0000000000000000E+000	4.3878137171203591E-001
5.0000000000000001E-003	4.3878819204067332E-001
1.0000000000000000E-002	4.3766657075555493E-001
1.4999999999999999E-002	4.3551364155536376E-001
2.0000000000000000E-002	4.3241083567437455E-001
2.5000000000000001E-002	4.2843839406656992E-001
3.0000000000000002E-002	4.2366975850523447E-001
3.5000000000000003E-002	4.1816949945391979E-001
4.0000000000000001E-002	4.1199486037463950E-001
4.4999999999999998E-002	4.0519495862487220E-001
4.9999999999999996E-002	3.9779894040247443E-001
5.4999999999999993E-002	3.8988654561815617E-001
5.9999999999999991E-002	3.8149599254547129E-001
6.4999999999999988E-002	3.7264090436782293E-001
6.9999999999999993E-002	3.6337357382177027E-001
7.4999999999999997E-002	3.5371786705571484E-001
8.0000000000000002E-002	3.4370878207868039E-001
8.5000000000000006E-002	3.3339160405554358E-001
9.0000000000000011E-002	3.2281077588453000E-001
9.5000000000000015E-002	3.1200691698883221E-001
1.0000000000000002E-001	3.0101684140057250E-001
1.0500000000000002E-001	2.8987640278785554E-001
1.1000000000000003E-001	2.7859595554305994E-001
1.1500000000000003E-001	2.6727689267034016E-001
1.2000000000000004E-001	2.5591464725334134E-001
1.2500000000000003E-001	2.4450779515324328E-001
1.3000000000000003E-001	2.3318082432197684E-001
1.3500000000000004E-001	2.2184207196824390E-001
1.4000000000000004E-001	2.1060359394322781E-001
1.4500000000000005E-001	1.9947861416327495E-001
1.5000000000000005E-001	1.8850572502942198E-001
1.5500000000000005E-001	1.7769698384574362E-001
1.6000000000000006E-001	1.6708709317959292E-001
1.6500000000000006E-001	1.5668106176234398E-001
1.7000000000000007E-001	1.4656203801184420E-001
1.7500000000000007E-001	1.3669124243708319E-001
1.8000000000000008E-001	1.2714260455292514E-001
1.8500000000000008E-001	1.1782753389716394E-001
1.9000000000000009E-001	1.0890486599619154E-001
1.9500000000000009E-001	1.0028458762375703E-001
2.0000000000000009E-001	9.2094578807913940E-002
2.0500000000000010E-001	8.4324444711342927E-002
2.1000000000000010E-001	7.6964333618256386E-002
2.1500000000000011E-001	7.0018906557183680E-002
2.2000000000000011E-001	6.3495866910816989E-002
2.2500000000000012E-001	5.7406294983096018E-002
2.3000000000000012E-001	5.1752523847744758E-002
2.3500000000000013E-001	4.6538466070585205E-002
2.4000000000000013E-001	4.1773105968106794E-002
2.4500000000000013E-001	3.7033736282674479E-002
2.5000000000000011E-001	3.3115771250333825E-002
2.5500000000000012E-001	2.9604093282343591E-002
2.6000000000000012E-001	2.6477426791618797E-002
2.6500000000000012E-001	2.3879662990063277E-002
2.7000000000000013E-001	2.1725930119687487E-002
2.7500000000000013E-001	1.9977867273764272E-002
2.8000000000000014E-001	1.8356847401541199E-002
2.8500000000000014E-001	1.6939449619961966E-002
2.9000000000000015E-001	1.6241550385200920E-002
2.9500000000000015E-001	1.6058433247700954E-002
3.0000000000000016E-001	1.6210141394522370E-002
3.0500000000000016E-001	1.6742600151191223E-002
3.1000000000000016E-001	1.7711814808381465E-002
3.1500000000000017E-001	1.9035444786563271E-002
3.2000000000000017E-001	2.0719639132083856E-002
3.2500000000000018E-001	2.2763918613725842E-002
3.3000000000000018E-001	2.4832874593622822E-002
3.3500000000000019E-001	2.7421793445387976E-002
3.4000000000000019E-001	3.0118814365057034E-002
3.4500000000000020E-001	3.3069282884096829E-002
3.5000000000000020E-001	3.6267961674408600E-002
3.5500000000000020E-001	3.9682380235654513E-002
3.6000000000000021E-001	4.3215663584917685E-002
3.6500000000000021E-001	4.6829421227523760E-002
3.7000000000000022E-001	5.0497072618375327E-002
3.7500000000000022E-001	5.4186427485827249E-002
3.8000000000000023E-001	5.7864595016013265E-002
3.8500000000000023E-001	6.1456763506301471E-002
3.9000000000000024E-001	6.4911852208555665E-002
3.9500000000000024E-001	6.8291438731097109E-002
4.0000000000000024E-001	7.1622552355376179E-002
4.0500000000000025E-001	7.4793716718249748E-002
4.1000000000000025E-001	7.7770655957085655E-002
4.1500000000000026E-001	8.0533255263853576E-002
4.2000000000000026E-001	8.2981480653747219E-002
4.2500000000000027E-001	8.5289024871077146E-002
4.3000000000000027E-001	8.7333813851897979E-002
4.3500000000000028E-001	8.9088698802497923E-002
4.4000000000000028E-001	9.0543562156345292E-002
4.4500000000000028E-001	9.1694209167464180E-002
4.5000000000000029E-001	9.2541831294542298E-002
4.5500000000000029E-001	9.3089931519950042E-002
4.6000000000000030E-001	9.3343832224411116E-002
4.6500000000000030E-001	9.3310169829979195E-002
4.7000000000000031E-001	9.2997477273162765E-002
4.7500000000000031E-001	9.2416248711373772E-002
4.8000000000000032E-001	9.1577466705211830E-002
4.8500000000000032E-001	9.0493739430953291E-002
4.9000000000000032E-001	8.9179151176666416E-002
4.9500000000000033E-001	8.7648961459978469E-002
5.0000000000000033E-001	8.5919724180770096E-002
5.0500000000000034E-001	8.4011845169011501E-002
5.1000000000000034E-001	8.1939652759701609E-002
5.1500000000000035E-001	7.9690352285969546E-002
5.2000000000000035E-001	7.7094784526505311E-002
5.2500000000000036E-001	7.4537949618060928E-002
5.3000000000000036E-001	7.2121778062584241E-002
5.3500000000000036E-001	6.9281764783048150E-002
5.4000000000000037E-001	6.6542317891249869E-002
5.4500000000000037E-001	6.3796310409398149E-002
5.5000000000000038E-001	6.1031182801913886E-002
5.5500000000000038E-001	5.8249904144650255E-002
5.6000000000000039E-001	5.5462113524933354E-002
5.6500000000000039E-001	5.2534350957657683E-002
5.7000000000000040E-001	4.9733590597345056E-002
5.7500000000000040E-001	4.6916892446017044E-002
5.8000000000000040E-001	4.4216314939129475E-002
5.8500000000000041E-001	4.1575952855441134E-002
5.9000000000000041E-001	3.8999326159152581E-002
5.9500000000000042E-001	3.6491890230918589E-002
6.0000000000000042E-001	3.4058282438796272E-002
6.0500000000000043E-001	3.1707413323401212E-002
6.1000000000000043E-001	2.9446304397399814E-002
6.1500000000000044E-001	2.7281532475949444E-002
6.2000000000000044E-001	2.5218752492623953E-002
6.2500000000000044E-001	2.3082134702859580E-002
6.3000000000000045E-001	2.1216346195322977E-002
6.3500000000000045E-001	1.9501203112291421E-002
6.4000000000000046E-001	1.7908199455405782E-002
6.4500000000000046E-001	1.6444243740495690E-002
6.5000000000000047E-001	1.5114195224660509E-002
6.5500000000000047E-001	1.3905856192810262E-002
6.6000000000000048E-001	1.2819103076522342E-002
6.6500000000000048E-001	1.1854302005407380E-002
6.7000000000000048E-001	1.1014936367447881E-002
6.7500000000000049E-001	1.0081347200080693E-002
6.8000000000000049E-001	9.4660479895560812E-003
6.8500000000000050E-001	8.9722318678617796E-003
6.9000000000000050E-001	8.5811912876163632E-003
6.9500000000000051E-001	8.2871663190773326E-003
7.0000000000000051E-001	8.1198047871473555E-003
7.0500000000000052E-001	8.0341399846148853E-003
7.1000000000000052E-001	7.8958292152315757E-003
7.1500000000000052E-001	7.9860617286722224E-003
7.2000000000000053E-001	8.1094381375801383E-003
7.2500000000000053E-001	8.3562432663293329E-003
7.3000000000000054E-001	8.6067583992259777E-003
7.3500000000000054E-001	9.0079588750038297E-003
7.4000000000000055E-001	9.4650894442733779E-003
7.4500000000000055E-001	9.9619040615799292E-003
7.5000000000000056E-001	1.0493483725803276E-002
7.5500000000000056E-001	1.1056345702907588E-002
7.6000000000000056E-001	1.1646245854118664E-002
7.6500000000000057E-001	1.2258515397929770E-002
7.7000000000000057E-001	1.2889096967341640E-002
7.7500000000000058E-001	1.3531524690010510E-002
7.8000000000000058E-001	1.4180437164310611E-002
7.8500000000000059E-001	1.4577398137449293E-002
7.9000000000000059E-001	1.5280355524459832E-002
7.9500000000000060E-001	1.5837252487398423E-002
8.0000000000000060E-001	1.6522507788640617E-002
8.0500000000000060E-001	1.7164671254946029E-002
8.1000000000000061E-001	1.7773912422465177E-002
8.1500000000000061E-001	1.8349152914322708E-002
8.2000000000000062E-001	1.8888523869307949E-002
8.2500000000000062E-001	1.9390407527162701E-002
8.3000000000000063E-001	1.9851971744854424E-002
8.3500000000000063E-001	2.0272396963254113E-002
8.4000000000000064E-001	2.0648893754439790E-002
8.4500000000000064E-001	2.0979762717716621E-002
8.5000000000000064E-001	2.1263590765398188E-002
8.5500000000000065E-001	2.1499249004802046E-002
8.6000000000000065E-001	2.1685802822387412E-002
8.6500000000000066E-001	2.1822619777216445E-002
8.7000000000000066E-001	2.1909341604247956E-002
8.7500000000000067E-001	2.1945860255046856E-002
8.8000000000000067E-001	2.1932360474202550E-002
8.8500000000000068E-001	2.1869302629265341E-002
8.9000000000000068E-001	2.1757407846325627E-002
8.9500000000000068E-001	2.1597653916176629E-002
9.0000000000000069E-001	2.1391238850882122E-002
9.0500000000000069E-001	2.1139857750991364E-002
9.1000000000000070E-001	2.0844818808065213E-002
9.1500000000000070E-001	2.0507889307146421E-002
9.2000000000000071E-001	2.0130691675186441E-002
9.2500000000000071E-001	1.9715467441807188E-002
9.3000000000000071E-001	1.9264620377036579E-002
9.3500000000000072E-001	1.8780623001497965E-002
9.4000000000000072E-001	1.8266008705652315E-002
9.4500000000000073E-001	1.7723849534241332E-002
9.5000000000000073E-001	1.7156568284933282E-002
9.5500000000000074E-001	1.6566988598549770E-002
9.6000000000000074E-001	1.5957961334799542E-002
9.6500000000000075E-001	1.5332257790516834E-002
9.7000000000000075E-001	1.4691934333482148E-002
9.7500000000000075E-001	1.3619582301390043E-002
9.8000000000000076E-001	1.2996578294032002E-002
9.8500000000000076E-001	1.2377078507366690E-002
9.9000000000000077E-001	1.1736829887658562E-002
9.9500000000000077E-001	1.1093270603276029E-002
1.0000000000000007E+000	1.0450097133046121E-002
1.0050000000000006E+000	9.6402615554307403E-003
1.0100000000000005E+000	9.0616645548182717E-003
1.0150000000000003E+000	8.4613333834839821E-003
1.0200000000000002E+000	7.8660679352422491E-003
1.0250000000000001E+000	7.2800137564383860E-003
1.0300000000000000E+000	6.7053548796884854E-003
1.0349999999999999E+000	6.1443218172709813E-003
1.0399999999999998E+000	5.5986424388838607E-003
1.0449999999999997E+000	5.0710157696198799E-003
1.0499999999999996E+000	4.5667170254581890E-003
1.0549999999999995E+000	3.8710855862640337E-003
1.0599999999999994E+000	3.4753109372616109E-003
1.0649999999999993E+000	3.0803542552830798E-003
1.0699999999999992E+000	2.7085227743652851E-003
1.0749999999999991E+000	2.3625683893051530E-003
1.0799999999999990E+000	2.0437884654924687E-003
1.0849999999999989E+000	1.7530770661569051E-003
1.0899999999999987E+000	1.4912988405297867E-003
1.0949999999999986E+000	1.2590578729283486E-003
1.0999999999999985E+000	1.0566265552842680E-003
1.1049999999999984E+000	8.8397322206867912E-004
1.1099999999999983E+000	7.4078024402712828E-004
1.1149999999999982E+000	6.2654128815475829E-004
1.1199999999999981E+000	5.4056940846569645E-004
1.1249999999999980E+000	4.8200650900520614E-004
1.1299999999999979E+000	4.4984271516046448E-004
1.1349999999999978E+000	4.4291509661498196E-004
1.1399999999999977E+000	4.5992955140627956E-004
1.1449999999999976E+000	4.9948105254227215E-004
1.1499999999999975E+000	5.5901265646607357E-004
1.1549999999999974E+000	6.2993686564061235E-004
1.1599999999999973E+000	4.6498573986530900E-004
1.1649999999999971E+000	5.5760594899867399E-004
1.1699999999999970E+000	7.0532976725301566E-004
1.1749999999999969E+000	6.7311173793038748E-004
1.1799999999999968E+000	7.8289162171829574E-004
1.1849999999999967E+000	9.3232130739728802E-004
1.1899999999999966E+000	1.0965319088649395E-003
1.1949999999999965E+000	1.2682542959612242E-003
1.1999999999999964E+000	1.4440594639570925E-003
1.2049999999999963E+000	1.6223852100201164E-003
1.2099999999999962E+000	1.8017696830705532E-003
1.2149999999999961E+000	1.9806362222456464E-003
1.2199999999999960E+000	2.1573847342901686E-003
1.2249999999999959E+000	2.3304810275215360E-003
1.2299999999999958E+000	2.4984819135247527E-003
1.2349999999999957E+000	2.7034894031747747E-003
1.2399999999999956E+000	2.8090530190829632E-003
1.2449999999999954E+000	2.9436222407914769E-003
1.2499999999999953E+000	3.0782563020510523E-003
1.2549999999999952E+000	3.2057295586107593E-003
1.2599999999999951E+000	3.3236047879863229E-003
1.2649999999999950E+000	3.4306645036501493E-003
1.2699999999999949E+000	3.5967902808473617E-003
1.2749999999999948E+000	3.6843365447554177E-003
1.2799999999999947E+000	3.7007801447916933E-003
1.2849999999999946E+000	3.7457991014111514E-003
1.2899999999999945E+000	3.7885530724603989E-003
1.2949999999999944E+000	3.8225409754173434E-003
1.2999999999999943E+000	3.8455335526990098E-003
1.3049999999999942E+000	3.8568845818898190E-003
1.3099999999999941E+000	3.8566076201371757E-003
1.3149999999999940E+000	3.8449913212978970E-003
1.3199999999999938E+000	3.8224926651704294E-003
1.3249999999999937E+000	3.7896478433099290E-003
1.3299999999999936E+000	3.7470552906415655E-003
1.3349999999999935E+000	3.6953426102979137E-003
1.3399999999999934E+000	3.6352118931755051E-003
1.3449999999999933E+000	3.5674139522936521E-003
1.3499999999999932E+000	3.4927464323812885E-003
1.3549999999999931E+000	3.4119793228724049E-003
1.3599999999999930E+000	3.3255812480845748E-003
1.3649999999999929E+000	3.3471158691056324E-003
1.3699999999999928E+000	3.1684926800892299E-003
1.3749999999999927E+000	3.0397412687155345E-003
1.3799999999999926E+000	2.9251517570809682E-003
1.3849999999999925E+000	2.8849374158657071E-003
1.3899999999999924E+000	2.6826130134227633E-003
1.3949999999999922E+000	2.5476633036674023E-003
1.3999999999999921E+000	2.4348248978465215E-003
1.4049999999999920E+000	2.3315292795076381E-003
1.4099999999999919E+000	2.2345310080083003E-003
1.4149999999999918E+000	2.3732881432669828E-003
1.4199999999999917E+000	2.3086393849314213E-003
1.4249999999999916E+000	2.1926055077501339E-003
1.4299999999999915E+000	2.1129628208984563E-003
1.4349999999999914E+000	2.0789019772329276E-003
1.4399999999999913E+000	2.0365848159036304E-003
1.4449999999999912E+000	1.9491990673170534E-003
1.4499999999999911E+000	1.8939239082702564E-003
1.4549999999999910E+000	1.8529316004696206E-003
1.4599999999999909E+000	1.8208155943058024E-003
1.4649999999999908E+000	1.7957536342971814E-003
1.4699999999999906E+000	1.7770828432221997E-003
1.4749999999999905E+000	1.7643236986057964E-003
1.4799999999999904E+000	1.7579538411820472E-003
1.4849999999999903E+000	1.7583226211641545E-003
1.4899999999999902E+000	1.7651473605222456E-003
1.4949999999999901E+000	1.7785950087860769E-003
1.4999999999999900E+000	1.7982148206261428E-003
1.5049999999999899E+000	1.8237592483978382E-003
1.5099999999999898E+000	1.8549868782615775E-003
1.5149999999999897E+000	1.8916272787201649E-003
1.5199999999999896E+000	1.9333814988899967E-003
1.5249999999999895E+000	1.9802133757775842E-003
1.5299999999999894E+000	2.0314835360601968E-003
1.5349999999999893E+000	2.0870694580654714E-003
1.5399999999999892E+000	2.1463219315727144E-003
1.5449999999999890E+000	2.2088330739356010E-003
1.5499999999999889E+000	2.2746480152724402E-003
1.5549999999999888E+000	2.3428698896901246E-003
1.5599999999999887E+000	2.4130648035685098E-003
1.5649999999999886E+000	2.4848138492679084E-003
1.5699999999999885E+000	2.5576810939109684E-003
1.5749999999999884E+000	2.6312270168524776E-003
1.5799999999999883E+000	2.7053537265713246E-003
1.5849999999999882E+000	2.7792816944938181E-003
1.5899999999999881E+000	2.8525800999834594E-003
1.5949999999999880E+000	2.9247783905104185E-003
1.5999999999999879E+000	2.9956152436723116E-003
1.6049999999999878E+000	3.0647269675427857E-003
1.6099999999999877E+000	3.1317173903646633E-003
1.6149999999999876E+000	3.1963076450409744E-003
1.6199999999999875E+000	3.2581759040422043E-003
1.6249999999999873E+000	3.3170011373004904E-003
1.6299999999999872E+000	3.3725786247456035E-003
1.6349999999999871E+000	3.4246613790909208E-003
1.6399999999999870E+000	3.4730127810873590E-003
1.6449999999999869E+000	3.5174615195638914E-003
1.6499999999999868E+000	3.5580607684311261E-003
1.6549999999999867E+000	3.5945050515522325E-003
1.6599999999999866E+000	3.6266958559583173E-003
1.6649999999999865E+000	3.6544424167903600E-003
1.6699999999999864E+000	3.6779206073793702E-003
1.6749999999999863E+000	3.6969901990349108E-003
1.6799999999999862E+000	3.7116780001205107E-003
1.6849999999999861E+000	3.7219516296618238E-003
1.6899999999999860E+000	3.7278456776528301E-003
1.6949999999999859E+000	3.7293940424687477E-003
1.6999999999999857E+000	3.7266677998606390E-003
1.7049999999999856E+000	3.7197708061462720E-003
1.7099999999999855E+000	3.7088504656086485E-003
1.7149999999999854E+000	3.6939833074409734E-003
1.7199999999999853E+000	3.6753296889431297E-003
1.7249999999999852E+000	3.6530393410738604E-003
1.7299999999999851E+000	3.6272784359372423E-003
1.7349999999999850E+000	3.5982465152488707E-003
1.7399999999999849E+000	3.5661801897126644E-003
1.7449999999999848E+000	3.5312422305406876E-003
1.7499999999999847E+000	3.4936370076277257E-003
1.7549999999999846E+000	3.4535655975274082E-003
1.7599999999999845E+000	3.4112546034599234E-003
1.7649999999999844E+000	3.3671222513191879E-003
1.7699999999999843E+000	3.3211842124076796E-003
1.7749999999999841E+000	3.2736542140483493E-003
1.7799999999999840E+000	3.2247528072897325E-003
1.7849999999999839E+000	3.1746840244291086E-003
1.7899999999999838E+000	3.1236597632164909E-003
1.7949999999999837E+000	3.0718855949869450E-003
1.7999999999999836E+000	3.0195724006611968E-003
1.8049999999999835E+000	2.9668821901136511E-003
1.8099999999999834E+000	2.9139907953035227E-003
1.8149999999999833E+000	2.8610691674431088E-003
1.8199999999999832E+000	2.8082594196638944E-003
1.8249999999999831E+000	2.7557043846657692E-003
1.8299999999999830E+000	2.7035476940051595E-003
1.8349999999999829E+000	2.6519266343836279E-003
1.8399999999999828E+000	2.6009710366627914E-003
1.8449999999999827E+000	2.5507688204555734E-003
1.8499999999999825E+000	2.5013821731789676E-003
1.8549999999999824E+000	2.4527838458974216E-003
1.8599999999999823E+000	2.4051887405867056E-003
1.8649999999999822E+000	2.3586481750830224E-003
1.8699999999999821E+000	2.3131980080748349E-003
1.8749999999999820E+000	2.2688451259664788E-003
1.8799999999999819E+000	2.2254519201254652E-003
1.8849999999999818E+000	2.1832091744569126E-003
1.8899999999999817E+000	2.1417876844034289E-003
1.8949999999999816E+000	2.1008844412939709E-003
1.8999999999999815E+000	2.0609175833423699E-003
1.9049999999999814E+000	2.0220547064870864E-003
1.9099999999999813E+000	1.9842356978045927E-003
1.9149999999999812E+000	1.9474233017775511E-003
1.9199999999999811E+000	1.9115597000607387E-003
1.9249999999999809E+000	1.8762577890134580E-003
1.9299999999999808E+000	1.8417912340629172E-003
1.9349999999999807E+000	1.8081391718349771E-003
1.9399999999999806E+000	1.7752006468665371E-003
1.9449999999999805E+000	1.7428957840683879E-003
1.9499999999999804E+000	1.7111486214314020E-003
1.9549999999999803E+000	1.6798996046398784E-003
1.9599999999999802E+000	1.6490619342683921E-003
1.9649999999999801E+000	1.6185600967073555E-003
1.9699999999999800E+000	1.5883223969126448E-003
1.9749999999999799E+000	1.5579246831927129E-003
1.9799999999999798E+000	1.5276473571699256E-003
1.9849999999999797E+000	1.4974472925852744E-003
1.9899999999999796E+000	1.4672431171560696E-003
1.9949999999999795E+000	1.4369882781291032E-003
1.9999999999999793E+000	1.4066205862168779E-003
2.0049999999999795E+000	1.3760825386812670E-003
2.0099999999999794E+000	1.3453269673080470E-003
2.0149999999999793E+000	1.3143385688962894E-003
2.0199999999999791E+000	1.2825547801731396E-003
2.0249999999999790E+000	1.2504562985209411E-003
2.0299999999999789E+000	1.2180409693343108E-003
2.0349999999999788E+000	1.1852710607476169E-003
2.0399999999999787E+000	1.1521468471880070E-003
2.0449999999999786E+000	1.1186532276292738E-003
2.0499999999999785E+000	1.0847903003026182E-003
2.0549999999999784E+000	1.0505598670760286E-003
2.0599999999999783E+000	1.0159571176640014E-003
2.0649999999999782E+000	9.8099733740841799E-004
2.0699999999999781E+000	9.4572871699805106E-004
2.0749999999999780E+000	9.1016321336567785E-004
2.0799999999999779E+000	8.7432807105525256E-004
2.0849999999999778E+000	8.3823637533786410E-004
2.0849999999999778E+000	7.5544273490679714E-004
2.0899999999999777E+000	7.4522039061131196E-004
2.0949999999999775E+000	7.2030418421453746E-004
2.0999999999999774E+000	6.7812763350838523E-004
2.1049999999999773E+000	6.4774394791022871E-004
2.1099999999999772E+000	6.2058746608872895E-004
2.1149999999999771E+000	5.1518382477411251E-004
2.1199999999999770E+000	4.9483100551883652E-004
2.1249999999999769E+000	4.6960396476070088E-004
2.1299999999999768E+000	4.4347934806499012E-004
2.1349999999999767E+000	4.1622016970332965E-004
2.1399999999999766E+000	3.1639038353992177E-004
2.1449999999999765E+000	3.0641303884193505E-004
2.1499999999999764E+000	2.8565447079387241E-004
2.1549999999999763E+000	2.6377475620531499E-004
2.1599999999999762E+000	2.4073250109291067E-004
2.1649999999999761E+000	2.1659586585931478E-004
2.1699999999999759E+000	1.9152230199859233E-004
2.1749999999999758E+000	1.6576590194450347E-004
2.1799999999999757E+000	1.3959117050665881E-004
2.1849999999999756E+000	1.1322751060749425E-004
2.1899999999999755E+000	8.7004717860938996E-005
2.1949999999999754E+000	6.0924083371105553E-005
2.1999999999999753E+000	-1.0011525122699538E-004
2.2049999999999752E+000	-1.3807728209025427E-004
2.2099999999999751E+000	-1.3279150818101826E-004
2.2149999999999750E+000	-1.4802548314873931E-004
2.2199999999999749E+000	-1.6242842848424033E-004
2.2249999999999748E+000	-1.7573744887622311E-004
2.2299999999999747E+000	-1.8880286052525008E-004
2.2349999999999746E+000	-2.0205868926481685E-004
2.2399999999999745E+000	-2.1552907543709310E-004
2.2449999999999743E+000	-2.2901265391306325E-004
2.2499999999999742E+000	-2.4231179826239568E-004
2.2549999999999741E+000	-2.5526521987284667E-004
2.2599999999999740E+000	-2.6774630877746119E-004
2.2649999999999739E+000	-2.7966729086292830E-004
2.2699999999999738E+000	-2.9094587068323463E-004
2.2749999999999737E+000	-3.0150676234841356E-004
2.2799999999999736E+000	-3.1129156365139465E-004
2.2849999999999735E+000	-3.2029271925981817E-004
2.2899999999999734E+000	-3.2844625672057148E-004
2.2949999999999733E+000	-3.3573507702344685E-004
2.2999999999999732E+000	-3.4213166472119028E-004
2.3049999999999731E+000	-3.4762156970824520E-004
2.3099999999999730E+000	-3.5219294430133274E-004
2.3149999999999729E+000	-3.5585473124877254E-004
2.3199999999999728E+000	-3.5860862847814090E-004
2.3249999999999726E+000	-3.6046940353084977E-004
2.3299999999999725E+000	-3.6143732587579080E-004
2.3349999999999724E+000	-3.6153232439639638E-004
2.3399999999999723E+000	-3.6195059855570477E-004
2.3449999999999722E+000	-3.6227967280222373E-004
2.3499999999999721E+000	-3.6191338750590774E-004
2.3549999999999720E+000	-3.6054333154345031E-004
2.3599999999999719E+000	-3.5811663128670901E-004
2.3649999999999718E+000	-3.5484853941536443E-004
2.3699999999999717E+000	-3.5077839172537040E-004
2.3749999999999716E+000	-3.4609732972290530E-004
2.3799999999999715E+000	-3.4055269199351201E-004
2.3849999999999714E+000	-3.3420230613767643E-004
2.3899999999999713E+000	-3.2711232679805136E-004
2.3949999999999712E+000	-3.1932005242518713E-004
2.3999999999999710E+000	-3.1086960755466464E-004
2.4049999999999709E+000	-3.0180117441025445E-004
2.4099999999999708E+000	-2.9215192122267197E-004
2.4149999999999707E+000	-2.8194787677415789E-004
2.4199999999999706E+000	-2.7121368049876082E-004
2.4249999999999705E+000	-2.5999182201541515E-004
2.4299999999999704E+000	-2.4828779930974321E-004
2.4349999999999703E+000	-2.3614678914452014E-004
2.4399999999999702E+000	-2.2358846029923996E-004
2.4449999999999701E+000	-2.1063299435564176E-004
2.4499999999999700E+000	-1.9730531315031996E-004
2.4549999999999699E+000	-1.8362856526277227E-004
2.4599999999999698E+000	-1.6963187762586429E-004
2.4649999999999697E+000	-1.5533401969003435E-004
2.4699999999999696E+000	-1.4075231544774525E-004
2.4749999999999694E+000	-1.2590330186101895E-004
2.4799999999999693E+000	-1.1080698750598472E-004
2.4849999999999692E+000	-9.5482013187542236E-005
2.4899999999999691E+000	-7.9948405721452787E-005
2.4949999999999690E+000	-6.4222339045905130E-005
2.4999999999999689E+000	-4.8317139960118993E-005
2.5049999999999688E+000	-3.2246396334034699E-005
2.5099999999999687E+000	-1.6021756736428472E-005
2.5149999999999686E+000	3.4111208790932324E-007
2.5199999999999685E+000	1.6828165770199632E-005
2.5249999999999684E+000	3.3423544563149221E-005
2.5299999999999683E+000	5.0114874910800467E-005
2.5349999999999682E+000	6.6896281778028310E-005
2.5399999999999681E+000	8.3758221590013449E-005
2.5449999999999680E+000	1.0068790508999115E-004
2.5499999999999678E+000	1.1766902032528392E-004
2.5549999999999677E+000	1.3469249210107392E-004
2.5599999999999676E+000	1.5175159443847619E-004
2.5649999999999675E+000	1.6883966451430865E-004
2.5699999999999674E+000	1.8594870123544993E-004
2.5749999999999673E+000	2.0306549924464790E-004
2.5799999999999672E+000	2.2017848580091481E-004
2.5849999999999671E+000	2.3727748792667924E-004
2.5899999999999670E+000	2.5434576008454002E-004
2.5949999999999669E+000	2.7137591667036887E-004
2.5999999999999668E+000	2.8836169351675878E-004
2.6049999999999667E+000	3.0529324912675904E-004
2.6099999999999666E+000	3.2215667860224784E-004
2.6149999999999665E+000	3.3893140747309758E-004
2.6199999999999664E+000	3.5561087026980687E-004
2.6249999999999662E+000	3.7218862674270881E-004
2.6299999999999661E+000	3.8864484822509482E-004
2.6349999999999660E+000	4.0497931049721103E-004
2.6399999999999659E+000	4.2117879184955243E-004
2.6449999999999658E+000	4.3721818999120643E-004
2.6499999999999657E+000	4.5310101561168992E-004
2.6549999999999656E+000	4.6881040367985349E-004
2.6599999999999655E+000	4.8433483651022513E-004
2.6649999999999654E+000	4.9965924256012428E-004
2.6699999999999653E+000	5.1476952929752073E-004
2.6749999999999652E+000	5.2964525477650071E-004
2.6799999999999651E+000	5.4427931550504738E-004
2.6849999999999650E+000	5.5866359522305231E-004
2.6899999999999649E+000	5.7278285748063595E-004
2.6949999999999648E+000	5.8662176589230342E-004
2.6999999999999647E+000	6.0016749009772496E-004
2.7049999999999645E+000	6.1339173964203297E-004
2.7099999999999644E+000	6.2629109437439823E-004
2.7149999999999643E+000	6.3885524667739446E-004
2.7199999999999642E+000	6.5107272230013891E-004
2.7249999999999641E+000	6.6292716512128536E-004
2.7299999999999640E+000	6.7440424901565876E-004
2.7349999999999639E+000	6.8549159514041946E-004
2.7399999999999638E+000	6.9617824726941890E-004
2.7449999999999637E+000	7.0645106433708804E-004
2.7499999999999636E+000	7.1629789018512469E-004
2.7549999999999635E+000	7.2570782249847809E-004
2.7599999999999634E+000	7.3467123203840856E-004
2.7649999999999633E+000	7.4317787569988525E-004
2.7699999999999632E+000	7.5107796952833539E-004
2.7749999999999631E+000	7.5846857130645873E-004
2.7799999999999629E+000	7.6537134268450657E-004
2.7849999999999628E+000	7.7178397173138791E-004
2.7899999999999627E+000	7.7769543631189819E-004
2.7949999999999626E+000	7.8309678769494795E-004
2.7999999999999625E+000	7.8798087473197498E-004
2.8049999999999624E+000	7.9234110790293855E-004
2.8099999999999623E+000	7.9617042980562047E-004
2.8149999999999622E+000	7.9946066276148642E-004
2.8199999999999621E+000	8.0220295783517415E-004
2.8249999999999620E+000	8.0437705359415190E-004
2.8299999999999619E+000	8.0598092489392315E-004
2.8349999999999618E+000	8.0700036931036223E-004
2.8399999999999617E+000	8.0742108750397890E-004
2.8449999999999616E+000	8.0723355610201608E-004
2.8499999999999615E+000	8.0642912609096840E-004
2.8549999999999613E+000	8.0500689836116024E-004
2.8599999999999612E+000	8.0293447865997791E-004
2.8649999999999611E+000	8.0021192489487802E-004
2.8699999999999610E+000	7.9683460312374166E-004
2.8749999999999609E+000	7.9281114344098569E-004
2.8799999999999608E+000	7.8810997649680914E-004
2.8849999999999607E+000	7.8275443926711930E-004
2.8899999999999606E+000	7.7676091729816932E-004
2.8949999999999605E+000	7.7012620714089763E-004
2.8999999999999604E+000	7.6285412310728162E-004
2.9049999999999603E+000	7.5494934998010521E-004
2.9099999999999602E+000	7.4641762902327713E-004
2.9149999999999601E+000	7.3726674216523236E-004
2.9199999999999600E+000	7.2750625613737796E-004
2.9249999999999599E+000	7.1713776651227690E-004
2.9299999999999597E+000	7.0619217390399669E-004
2.9349999999999596E+000	6.9466425205266802E-004
2.9399999999999595E+000	6.8258621260319785E-004
2.9449999999999594E+000	6.6995518967605250E-004
2.9499999999999593E+000	6.5680395756917420E-004
2.9549999999999592E+000	6.4313374259539202E-004
2.9599999999999591E+000	6.2896959329128421E-004
2.9649999999999590E+000	6.1433963399304403E-004
2.9699999999999589E+000	5.9930508969330276E-004
2.9749999999999588E+000	5.8394787278004401E-004
2.9799999999999587E+000	5.6823766115643437E-004
2.9849999999999586E+000	5.5217815996666531E-004
2.9899999999999585E+000	5.3580804003061644E-004
2.9949999999999584E+000	5.1909943400607617E-004
2.9999999999999583E+000	5.0207341554298068E-004
3.0049999999999581E+000	4.8474368879913854E-004
3.0099999999999580E+000	4.6712467337695074E-004
3.0149999999999579E+000	4.4924599285200983E-004
3.0199999999999578E+000	4.3111062597001037E-004
3.0249999999999577E+000	4.1274878383568137E-004
3.0299999999999576E+000	3.9419176098975939E-004
3.0349999999999575E+000	3.7545100606450887E-004
3.0399999999999574E+000	3.5653776736177534E-004
3.0449999999999573E+000	3.3748260801313990E-004
3.0499999999999572E+000	3.1830671733512617E-004
3.0549999999999571E+000	2.9903903400185783E-004
3.0599999999999570E+000	2.7969020280771417E-004
3.0649999999999569E+000	2.6027077847556868E-004
3.0699999999999568E+000	2.4081723188595916E-004
3.0749999999999567E+000	2.2133136049662383E-004
3.0799999999999566E+000	2.0184924775445978E-004
3.0849999999999564E+000	1.8235078214967615E-004
3.0899999999999563E+000	1.6287785383450881E-004
3.0949999999999562E+000	1.4345925843795015E-004
3.0999999999999561E+000	1.2411548982971254E-004
3.1049999999999560E+000	1.0486103631990318E-004
3.1099999999999559E+000	8.5708223060532163E-005
3.1149999999999558E+000	6.6669415105469199E-005
3.1199999999999557E+000	4.7757347145349627E-005
3.1249999999999556E+000	2.8984845397594938E-005
3.1299999999999555E+000	1.0364601251477978E-005
3.1349999999999554E+000	-8.0909732838030379E-006
3.1399999999999553E+000	-2.6369862736963512E-005
3.1449999999999552E+000	-4.4460529581069608E-005
3.1499999999999551E+000	-6.2351953835193541E-005
3.1549999999999550E+000	-8.0033643802046583E-005
3.1599999999999548E+000	-9.7495633132549386E-005
3.1649999999999547E+000	-1.1472847304538902E-004
3.1699999999999546E+000	-1.3172322238341749E-004
3.1749999999999545E+000	-1.4847143649454608E-004
3.1799999999999544E+000	-1.6496515486164043E-004
3.1849999999999543E+000	-1.8119688805207090E-004
3.1899999999999542E+000	-1.9715960435684465E-004
3.1949999999999541E+000	-2.1284681587196985E-004
3.1999999999999540E+000	-2.2824286672085137E-004
3.2049999999999539E+000	-2.4335147547072111E-004
3.2099999999999538E+000	-2.5817758537627356E-004
3.2149999999999537E+000	-2.7270627138609171E-004
3.2199999999999536E+000	-2.8693210219943310E-004
3.2249999999999535E+000	-3.0085121028378126E-004
3.2299999999999534E+000	-3.1446008495272793E-004
3.2349999999999532E+000	-3.2774571226479310E-004
3.2399999999999531E+000	-3.4071379732525386E-004
3.2449999999999530E+000	-3.5337250119749086E-004
3.2499999999999529E+000	-3.6570896245047280E-004
3.2549999999999528E+000	-3.7771979433598446E-004
3.2599999999999527E+000	-3.8939297935858264E-004
3.2649999999999526E+000	-4.0074800804301702E-004
3.2699999999999525E+000	-4.1177424390426154E-004
3.2749999999999524E+000	-4.2246892605568576E-004
3.2799999999999523E+000	-4.3283426463869290E-004
3.2849999999999522E+000	-4.4286852956032519E-004
3.2899999999999521E+000	-4.5257048355340501E-004
3.2949999999999520E+000	-4.6193984368247953E-004
3.2999999999999519E+000	-4.7097635433646090E-004
3.3049999999999518E+000	-4.7968064268522070E-004
3.3099999999999516E+000	-4.8805345820834845E-004
3.3149999999999515E+000	-4.9609514062165516E-004
3.3199999999999514E+000	-5.0380808097560958E-004
3.3249999999999513E+000	-5.1119305567137729E-004
3.3299999999999512E+000	-5.1825156794649274E-004
3.3349999999999511E+000	-5.2498525112465444E-004
3.3399999999999510E+000	-5.3139567960514000E-004
3.3449999999999509E+000	-5.3730857241296448E-004
3.3499999999999508E+000	-5.4295481716737370E-004
3.3549999999999507E+000	-5.4815762797888468E-004
3.3599999999999506E+000	-5.5311461075691071E-004
3.3649999999999505E+000	-5.5781205523208754E-004
3.3699999999999504E+000	-5.6223189682347297E-004
3.3749999999999503E+000	-5.6619516056999331E-004
3.3799999999999502E+000	-5.6988054740791938E-004
3.3849999999999500E+000	-5.7332973428225742E-004
3.3899999999999499E+000	-5.7652233772342854E-004
3.3949999999999498E+000	-5.7947274014669148E-004
3.3999999999999497E+000	-5.8216365116647850E-004
3.4049999999999496E+000	-5.8457216855956062E-004
3.4099999999999495E+000	-5.8670214282807720E-004
3.4149999999999494E+000	-5.8863845599654852E-004
3.4199999999999493E+000	-5.9036758932329292E-004
3.4249999999999492E+000	-5.9182376538613468E-004
3.4299999999999491E+000	-5.9298606835023193E-004
3.4349999999999490E+000	-5.9385830350899838E-004
3.4399999999999489E+000	-5.9445466498120325E-004
3.4449999999999488E+000	-5.9481430742414076E-004
3.4499999999999487E+000	-5.9491289094815158E-004
3.4549999999999486E+000	-5.9472903956292456E-004
3.4599999999999485E+000	-5.9428738487321553E-004
3.4649999999999483E+000	-5.9360043731393475E-004
3.4699999999999482E+000	-5.9271585725140241E-004
3.4749999999999481E+000	-5.9159775564054939E-004
3.4799999999999480E+000	-5.9023224611998160E-004
3.4849999999999479E+000	-5.8862886666810610E-004
3.4899999999999478E+000	-5.8682898246864568E-004
3.4949999999999477E+000	-5.8543172003711064E-004
3.4999999999999476E+000	-5.8393375238141587E-004
3.5049999999999475E+000	-5.8211768172489187E-004
3.5099999999999474E+000	-5.7995126378873607E-004
3.5149999999999473E+000	-5.7746668295877157E-004
3.5199999999999472E+000	-5.7469685117261804E-004
3.5249999999999471E+000	-5.7168739735935503E-004
3.5299999999999470E+000	-5.6842809144708184E-004
3.5349999999999469E+000	-5.6479729144731650E-004
3.5399999999999467E+000	-5.6096125124893703E-004
3.5449999999999466E+000	-5.5693656426525351E-004
3.5499999999999465E+000	-5.5274743937250292E-004
3.5549999999999464E+000	-5.4836723175943902E-004
3.5599999999999463E+000	-5.4378786202935459E-004
3.5649999999999462E+000	-5.3901886311802372E-004
3.5699999999999461E+000	-5.3407601374022562E-004
3.5749999999999460E+000	-5.2897013533881321E-004
3.5799999999999459E+000	-5.2373492130053378E-004
3.5849999999999458E+000	-5.1835034625069554E-004
3.5899999999999457E+000	-5.1281245395751185E-004
3.5949999999999456E+000	-5.0713190797546659E-004
3.5999999999999455E+000	-5.0132478455111595E-004
3.6049999999999454E+000	-4.9542657177159555E-004
3.6099999999999453E+000	-4.8941580702432930E-004
3.6149999999999451E+000	-4.8328767703464948E-004
3.6199999999999450E+000	-4.7705161457933798E-004
3.6249999999999449E+000	-4.7070096617263246E-004
3.6299999999999448E+000	-4.6426644784425264E-004
3.6349999999999447E+000	-4.5785245456553270E-004
3.6399999999999446E+000	-4.5137683260998429E-004
3.6449999999999445E+000	-4.4482712172877470E-004
3.6499999999999444E+000	-4.3820856103238270E-004
3.6549999999999443E+000	-4.3153348006708114E-004
3.6599999999999442E+000	-4.2480984917192544E-004
3.6649999999999441E+000	-4.1807289665740655E-004
3.6699999999999440E+000	-4.1129363400882468E-004
3.6749999999999439E+000	-4.0462161110799144E-004
3.6799999999999438E+000	-3.9788140290220042E-004
3.6849999999999437E+000	-3.9108374906904331E-004
3.6899999999999435E+000	-3.8424871108588832E-004
3.6949999999999434E+000	-3.7738934851727635E-004
3.6999999999999433E+000	-3.7051451995262497E-004
3.7049999999999432E+000	-3.6377539462462138E-004
3.7099999999999431E+000	-3.5700070937760842E-004
3.7149999999999430E+000	-3.5019388132750962E-004
3.7199999999999429E+000	-3.4337400389539141E-004
3.7249999999999428E+000	-3.3655664863951884E-004
3.7299999999999427E+000	-3.2975244660127245E-004
3.7349999999999426E+000	-3.2296978448709268E-004
3.7399999999999425E+000	-3.1621623076594219E-004
3.7449999999999424E+000	-3.0857966235275924E-004
3.7499999999999423E+000	-3.0160335042550557E-004
3.7549999999999422E+000	-2.9515094543119957E-004
3.7599999999999421E+000	-2.8871952249787114E-004
3.7649999999999419E+000	-2.8226652230278759E-004
3.7699999999999418E+000	-2.7585830345833173E-004
3.7749999999999417E+000	-2.6951817378773057E-004
3.7799999999999416E+000	-2.6325020711137626E-004
3.7849999999999415E+000	-2.5706080097132045E-004
3.7899999999999414E+000	-4.2072426643580130E-004
3.7949999999999413E+000	-3.8424634181399853E-004
3.7999999999999412E+000	-4.4468741831149572E-004
3.8049999999999411E+000	-4.0426961223261060E-004
3.8099999999999410E+000	-3.9145898885939445E-004
3.8149999999999409E+000	-3.7883808604899372E-004
3.8199999999999408E+000	-4.2368011411619833E-004
3.8249999999999407E+000	-3.7335634590451861E-004
3.8299999999999406E+000	-3.5416760944251280E-004
3.8349999999999405E+000	-3.3913884589020782E-004
3.8399999999999403E+000	-3.2511233681509211E-004
3.8449999999999402E+000	-3.1158957359078698E-004
3.8499999999999401E+000	-2.9855894177588382E-004
3.8549999999999400E+000	-2.8620692725711550E-004
3.8599999999999399E+000	-2.7432068246957542E-004
3.8649999999999398E+000	-2.6287028821592173E-004
3.8699999999999397E+000	-2.5186671160914997E-004
3.8749999999999396E+000	-2.4133046797958357E-004
3.8799999999999395E+000	-2.3118272095823400E-004
3.8849999999999394E+000	-2.2154403590723959E-004
3.8899999999999393E+000	-2.1244269606146560E-004
3.8949999999999392E+000	-2.0388220639944166E-004
3.8999999999999391E+000	-1.9586392778547790E-004
3.9049999999999390E+000	-1.8838456503722512E-004
3.9099999999999389E+000	-1.8143378162571722E-004
3.9149999999999388E+000	-1.7499612423677036E-004
3.9199999999999386E+000	-1.6905306739278814E-004
3.9249999999999385E+000	-1.6358712033204270E-004
3.9299999999999384E+000	-1.5857371641336826E-004
3.9349999999999383E+000	-1.5399161995599542E-004
3.9399999999999382E+000	-1.4982552375952807E-004
3.9449999999999381E+000	-1.4605419175550693E-004
3.9499999999999380E+000	-1.4266139496710295E-004
3.9549999999999379E+000	-1.3962833102887373E-004
3.9599999999999378E+000	-1.3694231964045400E-004
3.9649999999999377E+000	-1.3458809069577526E-004
3.9699999999999376E+000	-1.3255393706090857E-004
3.9749999999999375E+000	-1.3083407457470386E-004
3.9799999999999374E+000	-1.2942061446130637E-004
3.9849999999999373E+000	-1.2830268969121761E-004
3.9899999999999372E+000	-1.2747407908220154E-004
3.9949999999999370E+000	-1.2693301866217865E-004
3.9999999999999369E+000	-1.2667118089382257E-004
4.0049999999999368E+000	-1.2668538942772756E-004
4.0099999999999367E+000	-1.2697105297432287E-004
4.0149999999999366E+000	-1.2771253154708617E-004
4.0199999999999365E+000	-1.2871217285415071E-004
4.0249999999999364E+000	-1.2994536272836754E-004
4.0299999999999363E+000	-1.3142312899860897E-004
4.0349999999999362E+000	-1.3315110943956654E-004
4.0399999999999361E+000	-1.3512737304655076E-004
4.0449999999999360E+000	-1.3734639060114517E-004
4.0499999999999359E+000	-1.3980919624767552E-004
4.0549999999999358E+000	-1.4251377995977421E-004
4.0599999999999357E+000	-1.4545368927398883E-004
4.0649999999999356E+000	-1.4862831952600075E-004
4.0699999999999354E+000	-1.5209048986442042E-004
4.0749999999999353E+000	-1.5576965840091717E-004
4.0799999999999352E+000	-1.5966088030250347E-004
4.0849999999999351E+000	-1.6376540872053980E-004
4.0899999999999350E+000	-1.6808461392159302E-004
4.0949999999999349E+000	-1.7245481938887863E-004
4.0999999999999348E+000	-1.7704412890573451E-004
4.1049999999999347E+000	-1.8186610907600098E-004
4.1099999999999346E+000	-1.8690585717839880E-004
4.1149999999999345E+000	-1.9215053460763798E-004
4.1199999999999344E+000	-1.9759183080036991E-004
4.1249999999999343E+000	-2.0322384618287614E-004
4.1299999999999342E+000	-2.0904094228013648E-004
4.1349999999999341E+000	-2.1503731806493676E-004
4.1399999999999340E+000	-2.2120707992989708E-004
4.1449999999999338E+000	-2.2754430233984380E-004
4.1499999999999337E+000	-2.3410871956253132E-004
4.1549999999999336E+000	-2.4082427047034116E-004
4.1599999999999335E+000	-2.4768406009245680E-004
4.1649999999999334E+000	-2.5467983120819326E-004
4.1699999999999333E+000	-2.6180171179168710E-004
4.1749999999999332E+000	-2.6904661824778131E-004
4.1799999999999331E+000	-2.7641323986538069E-004
4.1849999999999330E+000	-2.8389630688607781E-004
4.1899999999999329E+000	-2.9148926369471084E-004
4.1949999999999328E+000	-2.9918580963306241E-004
4.1999999999999327E+000	-4.4627178313749738E-004
4.2049999999999326E+000	-4.2579122911590161E-004
4.2099999999999325E+000	-4.3427870601719931E-004
4.2149999999999324E+000	-4.4255265418513545E-004
4.2199999999999322E+000	-4.4804544754395437E-004
4.2249999999999321E+000	-4.5164518335782944E-004
4.2299999999999320E+000	-4.5447687490440813E-004
4.2349999999999319E+000	-4.5719858288828519E-004
4.2399999999999318E+000	-4.6010982940236644E-004
4.2449999999999317E+000	-4.6332964475404026E-004
4.2499999999999316E+000	-4.6689460327975496E-004
4.2549999999999315E+000	-4.7082265761133613E-004
4.2599999999999314E+000	-4.7508266911666652E-004
4.2649999999999313E+000	-4.7963456512256641E-004
4.2699999999999312E+000	-4.8444882588105642E-004
4.2749999999999311E+000	-4.8952669044499686E-004
4.2799999999999310E+000	-4.9486482872751480E-004
4.2849999999999309E+000	-5.0045376334262315E-004
4.2899999999999308E+000	-5.0628367174043731E-004
4.2949999999999307E+000	-5.1179043561955240E-004
4.2999999999999305E+000	-5.1798198755248492E-004
4.3049999999999304E+000	-5.2386084903810470E-004
4.3099999999999303E+000	-5.3051505059320547E-004
4.3149999999999302E+000	-5.3739244417316812E-004
4.3199999999999301E+000	-5.4439039937870248E-004
4.3249999999999300E+000	-5.5162410817954921E-004
4.3299999999999299E+000	-5.5891909042049548E-004
4.3349999999999298E+000	-5.6618927762963622E-004
4.3399999999999297E+000	-5.7366464841690501E-004
4.3449999999999296E+000	-5.8115379744361206E-004
4.3499999999999295E+000	-5.8857179849924890E-004
4.3549999999999294E+000	-5.9615316850125666E-004
4.3599999999999293E+000	-6.0375504213228126E-004
4.3649999999999292E+000	-6.1130221198801848E-004
4.3699999999999291E+000	-6.1883931961892458E-004
4.3749999999999289E+000	-6.2622589250338478E-004
4.3799999999999288E+000	-6.3380515652422531E-004
4.3849999999999287E+000	-6.4120184106952749E-004
4.3899999999999286E+000	-6.4852685819971612E-004
4.3949999999999285E+000	-6.5578187988313275E-004
4.3999999999999284E+000	-6.6299087222754238E-004
4.4049999999999283E+000	-6.7011815718620582E-004
4.4099999999999282E+000	-6.7724197832585986E-004
4.4149999999999281E+000	-6.8402983172077825E-004
4.4199999999999280E+000	-6.9087485725471964E-004
4.4249999999999279E+000	-6.9761235994647564E-004
4.4299999999999278E+000	-7.0422256929036919E-004
4.4349999999999277E+000	-7.1070714172183358E-004
4.4399999999999276E+000	-7.1695571561258831E-004
4.4449999999999275E+000	-7.2323094485504669E-004
4.4499999999999273E+000	-7.2937574094877888E-004
4.4549999999999272E+000	-7.3539502825425984E-004
4.4599999999999271E+000	-7.4114000583680451E-004
4.4649999999999270E+000	-7.4691881885202704E-004
4.4699999999999269E+000	-7.5255285760356116E-004
4.4749999999999268E+000	-7.5790155995481001E-004
4.4799999999999267E+000	-7.6327297324718657E-004
4.4849999999999266E+000	-7.6836047382400352E-004
4.4899999999999265E+000	-7.7345969917219648E-004
4.4949999999999264E+000	-7.7839608083696277E-004
4.4999999999999263E+000	-7.8303482980945915E-004
4.5049999999999262E+000	-7.8768752375379947E-004
4.5099999999999261E+000	-7.9217781000817666E-004
4.5149999999999260E+000	-7.9636837622309997E-004
4.5199999999999259E+000	-8.0057403879418843E-004
4.5249999999999257E+000	-8.0461061384617949E-004
4.5299999999999256E+000	-8.0834293091536225E-004
4.5349999999999255E+000	-8.1208419552547539E-004
4.5399999999999254E+000	-8.1566317971848434E-004
4.5449999999999253E+000	-8.1893584012870946E-004
4.5499999999999252E+000	-8.2221447603414433E-004
4.5549999999999251E+000	-8.2533224413472439E-004
4.5599999999999250E+000	-8.2813757111876996E-004
4.5649999999999249E+000	-8.3095044653003214E-004
4.5699999999999248E+000	-8.3360162837342600E-004
4.5749999999999247E+000	-8.3594890529781196E-004
4.5799999999999246E+000	-8.3830509985327595E-004
4.5849999999999245E+000	-8.4050371618138442E-004
4.5899999999999244E+000	-8.4253085476992950E-004
4.5949999999999243E+000	-8.4427117145224884E-004
4.5999999999999241E+000	-8.4602883605189305E-004
4.6049999999999240E+000	-8.4762793217763033E-004
4.6049999999999240E+000	-8.9019850386673482E-004
4.6099999999999239E+000	-8.9175124022711216E-004
4.6149999999999238E+000	-8.9610950991270144E-004
4.6199999999999237E+000	-8.9901660312685650E-004
4.6249999999999236E+000	-8.9957789763150942E-004
4.6299999999999235E+000	-8.9843191123284427E-004
4.6349999999999234E+000	-8.9652296501041562E-004
4.6399999999999233E+000	-8.9447285489097084E-004
4.6449999999999232E+000	-8.9261310672128502E-004
4.6499999999999231E+000	-8.9082309146526484E-004
4.6549999999999230E+000	-8.8904299133263365E-004
4.6599999999999229E+000	-8.8725683959012258E-004
4.6649999999999228E+000	-8.8544638896204120E-004
4.6699999999999227E+000	-8.8362005602382609E-004
4.6749999999999226E+000	-8.8174571652599454E-004
4.6799999999999224E+000	-8.7982191366897666E-004
4.6849999999999223E+000	-8.7784895449205536E-004
4.6899999999999222E+000	-8.7582887419523914E-004
4.6949999999999221E+000	-8.7382084416676165E-004
4.6999999999999220E+000	-8.7176439095770775E-004
4.7049999999999219E+000	-8.6968206725490660E-004
4.7099999999999218E+000	-8.6756135293875047E-004
4.7149999999999217E+000	-8.6540699155612799E-004
4.7199999999999216E+000	-8.6322139031835832E-004
4.7249999999999215E+000	-8.6100510693176702E-004
4.7299999999999214E+000	-8.5875728943252128E-004
4.7349999999999213E+000	-8.5655326608380378E-004
4.7399999999999212E+000	-8.5431127837454213E-004
4.7449999999999211E+000	-8.5202899116154640E-004
4.7499999999999210E+000	-8.4970951604512734E-004
4.7549999999999208E+000	-8.4735403386959618E-004
4.7599999999999207E+000	-8.4496296477087895E-004
4.7649999999999206E+000	-8.4253662054312173E-004
4.7699999999999205E+000	-8.4007543812747443E-004
4.7749999999999204E+000	-8.3758012570767093E-004
4.7799999999999203E+000	-8.3505165801955883E-004
4.7849999999999202E+000	-8.3249126874029855E-004
4.7899999999999201E+000	-8.2990041751029864E-004
4.7949999999999200E+000	-8.2728078771454605E-004
4.7999999999999199E+000	-8.2463423344991682E-004
4.8049999999999198E+000	-8.2196277916990468E-004
4.8099999999999197E+000	-8.1926854042269071E-004
4.8149999999999196E+000	-8.1655369544053613E-004
4.8199999999999195E+000	-8.1382049999989547E-004
4.8249999999999194E+000	-8.1107124666779384E-004
4.8299999999999192E+000	-8.0830828872224814E-004
4.8349999999999191E+000	-8.0553398808413945E-004
4.8399999999999190E+000	-8.0275071246571628E-004
4.8449999999999189E+000	-7.9996085898459413E-004
4.8499999999999188E+000	-7.9716566250587206E-004
4.8549999999999187E+000	-7.9461792997559400E-004
4.8599999999999186E+000	-7.9204420570944123E-004
4.8649999999999185E+000	-7.8944250424761719E-004
4.8699999999999184E+000	-7.8683057468431628E-004
4.8749999999999183E+000	-7.8421918710125382E-004
4.8799999999999182E+000	-7.8161335252868724E-004
4.8849999999999181E+000	-7.7901601496144224E-004
4.8899999999999180E+000	-7.7642970596691896E-004
4.8949999999999179E+000	-7.7385692425524510E-004
4.8999999999999178E+000	-7.7130029179395265E-004
4.9049999999999176E+000	-7.6876250627222475E-004
4.9099999999999175E+000	-7.6624636148769909E-004
4.9149999999999174E+000	-7.6375464494127243E-004
4.9199999999999173E+000	-7.6129015558379365E-004
4.9249999999999172E+000	-7.5885568035793938E-004
4.9299999999999171E+000	-7.5645398513213280E-004
4.9349999999999170E+000	-7.5408784480979207E-004
4.9399999999999169E+000	-7.5175996207255125E-004
4.9449999999999168E+000	-7.4947304297889872E-004
4.9499999999999167E+000	-7.4722964381512824E-004
4.9549999999999166E+000	-7.4503226096300779E-004
4.9599999999999165E+000	-7.4288337642025581E-004
4.9649999999999164E+000	-7.4078545139943941E-004
4.9699999999999163E+000	-7.3874098320070303E-004
4.9749999999999162E+000	-7.3675246641480285E-004
4.9799999999999160E+000	-7.3482224623200310E-004
4.9849999999999159E+000	-7.3295257068251018E-004
4.9899999999999158E+000	-7.3114562868159538E-004
4.9949999999999157E+000	-7.2940353972095195E-004
4.9999999999999156E+000	-7.2772828659140032E-004
5.0049999999999155E+000	-7.2612181952314003E-004
5.0099999999999154E+000	-7.2458600214719837E-004
5.0149999999999153E+000	-7.2312257918705214E-004
5.0199999999999152E+000	-7.2173313506995740E-004
5.0249999999999151E+000	-7.2041906565356584E-004
5.0299999999999150E+000	-7.1918195969100651E-004
5.0349999999999149E+000	-7.1818102773191228E-004
5.0399999999999148E+000	-7.1731672575703342E-004
5.0449999999999147E+000	-7.1651241400116916E-004
5.0499999999999146E+000	-7.1575131167200823E-004
5.0549999999999145E+000	-7.1503775973313921E-004
5.0599999999999143E+000	-7.1438149061275880E-004
5.0649999999999142E+000	-7.1379094491241801E-004
5.0699999999999141E+000	-7.1327220578920603E-004
5.0749999999999140E+000	-7.1282955983775764E-004
5.0799999999999139E+000	-7.1246601580687852E-004
5.0849999999999138E+000	-7.1218369335124265E-004
5.0899999999999137E+000	-7.1198426618934718E-004
5.0949999999999136E+000	-7.1186922446742074E-004
5.0999999999999135E+000	-7.1183998503210333E-004
5.1049999999999134E+000	-7.1189765438139929E-004
5.1099999999999133E+000	-7.1204353422205102E-004
5.1149999999999132E+000	-7.1227908013105079E-004
5.1199999999999131E+000	-7.1260583981436199E-004
5.1249999999999130E+000	-7.1302481597612655E-004
5.1299999999999129E+000	-7.1353675228191804E-004
5.1349999999999127E+000	-7.1414219467147433E-004
5.1399999999999126E+000	-7.1484101081464857E-004
5.1449999999999125E+000	-7.1563226784077116E-004
5.1499999999999124E+000	-7.1651509707093552E-004
5.1549999999999123E+000	-7.1748937345406105E-004
5.1599999999999122E+000	-7.1855545333754378E-004
5.1649999999999121E+000	-7.1971323684882904E-004
5.1699999999999120E+000	-7.2096217369432836E-004
5.1749999999999119E+000	-7.2230112852889050E-004
5.1799999999999118E+000	-7.2372901360129305E-004
5.1849999999999117E+000	-7.2524480680202785E-004
5.1899999999999116E+000	-7.2684760323049602E-004
5.1949999999999115E+000	-7.2853633543301655E-004
5.1999999999999114E+000	-7.3030978002730507E-004
5.2049999999999113E+000	-7.3216680413779045E-004
5.2099999999999111E+000	-7.3410607958646068E-004
5.2149999999999110E+000	-7.3612609276008101E-004
5.2199999999999109E+000	-7.3822564096959198E-004
5.2249999999999108E+000	-7.4040284609067086E-004
5.2299999999999107E+000	-7.4265627429248582E-004
5.2349999999999106E+000	-7.4498425814528701E-004
5.2399999999999105E+000	-7.4738508918903435E-004
5.2449999999999104E+000	-7.4985688785256244E-004
5.2499999999999103E+000	-7.5239766348245141E-004
5.2549999999999102E+000	-7.5500536890027448E-004
5.2599999999999101E+000	-7.5767791591374589E-004
5.2649999999999100E+000	-7.6041316375707879E-004
5.2699999999999099E+000	-7.6320889429837280E-004
5.2749999999999098E+000	-7.6606284600355679E-004
5.2799999999999097E+000	-7.6897270564035836E-004
5.2849999999999095E+000	-7.7193613436055131E-004
5.2899999999999094E+000	-7.7495075714528738E-004
5.2949999999999093E+000	-7.7801414755196419E-004
5.2999999999999092E+000	-7.8112384358641762E-004
5.3049999999999091E+000	-7.8427739381803363E-004
5.3099999999999090E+000	-7.8747230510423094E-004
5.3149999999999089E+000	-7.9070605288178442E-004
5.3199999999999088E+000	-7.9397607966047445E-004
5.3249999999999087E+000	-7.9727981437427431E-004
5.3299999999999086E+000	-8.0061465492509143E-004
5.3349999999999085E+000	-8.0397797994891107E-004
5.3399999999999084E+000	-8.0736715966933659E-004
5.3449999999999083E+000	-8.1077956266772944E-004
5.3499999999999082E+000	-8.1421254692237710E-004
5.3549999999999081E+000	-8.1766347514955484E-004
5.3599999999999079E+000	-8.2112970022052423E-004
5.3649999999999078E+000	-8.2460858690147631E-004
5.3699999999999077E+000	-8.2809751510382057E-004
5.3749999999999076E+000	-8.3159386640030419E-004
5.3799999999999075E+000	-8.3509503296275156E-004
5.3849999999999074E+000	-8.3859842256028827E-004
5.3899999999999073E+000	-8.4210146260677021E-004
5.3949999999999072E+000	-8.4560160082869373E-004
5.3999999999999071E+000	-8.4909631077723091E-004
5.4049999999999070E+000	-8.5258309171498681E-004
5.4099999999999069E+000	-8.5605947132139093E-004
5.4149999999999068E+000	-8.5952300973790585E-004
5.4199999999999067E+000	-8.6297130118273557E-004
5.4249999999999066E+000	-8.6640197811860276E-004
5.4299999999999065E+000	-8.6981271630381940E-004
5.4349999999999064E+000	-8.7320122723699711E-004
5.4399999999999062E+000	-8.7656526225066145E-004
5.4449999999999061E+000	-8.7990261550041637E-004
5.4499999999999060E+000	-8.8321112616629449E-004
5.4549999999999059E+000	-8.8648868001461878E-004
5.4599999999999058E+000	-8.8973321124274918E-004
5.4649999999999057E+000	-8.9294270640039031E-004
5.4699999999999056E+000	-8.9611520436649883E-004
5.4749999999999055E+000	-8.9924880035185950E-004
5.4799999999999054E+000	-9.0234164031155473E-004
5.4849999999999053E+000	-9.0539192079308606E-004
5.4899999999999052E+000	-9.0839789397589854E-004
5.4949999999999051E+000	-9.1135786911600292E-004
5.4999999999999050E+000	-9.1427021330359182E-004
5.5049999999999049E+000	-9.1713335225573900E-004
5.5099999999999048E+000	-9.1994577109044684E-004
5.5149999999999046E+000	-9.2270601483113168E-004
5.5199999999999045E+000	-9.2528222070686894E-004
5.5249999999999044E+000	-9.2785278575524543E-004
5.5299999999999043E+000	-9.3040841654268291E-004
5.5349999999999042E+000	-9.3288593255369534E-004
5.5399999999999041E+000	-9.3532295520226683E-004
5.5449999999999040E+000	-9.3771490708949301E-004
5.5499999999999039E+000	-9.4005648545048004E-004
5.5549999999999038E+000	-9.4234445299168357E-004
5.5599999999999037E+000	-9.4457673844505763E-004
5.5649999999999036E+000	-9.4675178729586307E-004
5.5699999999999035E+000	-9.4886827619466985E-004
5.5749999999999034E+000	-9.5091747472819677E-004
5.5799999999999033E+000	-9.5292128804258525E-004
5.5849999999999032E+000	-9.5487021729834254E-004
5.5899999999999030E+000	-9.5675450345078517E-004
5.5949999999999029E+000	-9.5857311095537412E-004
5.5999999999999028E+000	-9.6032703314463674E-004
5.6049999999999027E+000	-9.6210469595670034E-004
5.6099999999999026E+000	-9.6384760540146885E-004
5.6149999999999025E+000	-9.6551913167219894E-004
5.6199999999999024E+000	-9.6710192472038159E-004
5.6249999999999023E+000	-9.6859383446634695E-004
5.6299999999999022E+000	-9.6999839927391918E-004
5.6349999999999021E+000	-9.7131993265087146E-004
5.6399999999999020E+000	-9.7256211241569801E-004
5.6449999999999019E+000	-9.7372786362370789E-004
5.6499999999999018E+000	-9.7481953238665042E-004
5.6549999999999017E+000	-9.7583905559250894E-004
5.6599999999999016E+000	-9.7678808336443268E-004
5.6649999999999014E+000	-9.7766804318144551E-004
5.6699999999999013E+000	-9.7836733576484036E-004
5.6749999999999012E+000	-9.7905823942090464E-004
5.6799999999999011E+000	-9.7972567537851774E-004
5.6849999999999010E+000	-9.8035226834314315E-004
5.6899999999999009E+000	-9.8093059933468396E-004
5.6949999999999008E+000	-9.8145749239320068E-004
5.6999999999999007E+000	-9.8193199950902255E-004
5.7049999999999006E+000	-9.8235348649877707E-004
5.7099999999999005E+000	-9.8272143112465571E-004
5.7149999999999004E+000	-9.8303544907318852E-004
5.7199999999999003E+000	-9.8329515276152080E-004
5.7249999999999002E+000	-9.8350090056786854E-004
5.7299999999999001E+000	-9.8365254650056855E-004
5.7349999999999000E+000	-9.8375041374199057E-004
5.7399999999998998E+000	-9.8379476476173622E-004
5.7449999999998997E+000	-9.8378594319381563E-004
5.7499999999998996E+000	-9.8372442138838778E-004
5.7549999999998995E+000	-9.8361077299680133E-004
5.7599999999998994E+000	-9.8344566167307690E-004
5.7649999999998993E+000	-9.8322983111920337E-004
5.7699999999998992E+000	-9.8296408864317897E-004
5.7749999999998991E+000	-9.8281020065948965E-004
5.7799999999998990E+000	-9.8326183658237198E-004
5.7849999999998989E+000	-9.8388024057927126E-004
5.7899999999998988E+000	-9.8437584211374940E-004
5.7949999999998987E+000	-9.8465933504954251E-004
5.7999999999998986E+000	-9.8473138230170676E-004
5.8049999999998985E+000	-9.8461185416542918E-004
5.8099999999998984E+000	-9.8433092937888489E-004
5.8149999999998983E+000	-9.8390717703722430E-004
5.8199999999998981E+000	-9.8335538116467447E-004
5.8249999999998980E+000	-9.8268748881835677E-004
5.8299999999998979E+000	-9.8191333846919804E-004
5.8349999999998978E+000	-9.8104146617616905E-004
5.8399999999998977E+000	-9.8007968705626780E-004
5.8449999999998976E+000	-9.7903530809650974E-004
5.8499999999998975E+000	-9.7791521509060786E-004
5.8549999999998974E+000	-9.7672594329578644E-004
5.8599999999998973E+000	-9.7547366596151264E-004
5.8649999999998972E+000	-9.7416417095663732E-004
5.8699999999998971E+000	-9.7280286727174925E-004
5.8749999999998970E+000	-9.7139480157659719E-004
5.8799999999998969E+000	-9.6993421144908609E-004
5.8849999999998968E+000	-9.6843808377711227E-004
5.8899999999998967E+000	-9.6690940477417442E-004
5.8949999999998965E+000	-9.6535117372154033E-004
5.8999999999998964E+000	-9.6376650916818463E-004
5.9049999999998963E+000	-9.6215823274281576E-004
5.9099999999998962E+000	-9.6052893421516572E-004
5.9149999999998961E+000	-9.5888103890651166E-004
5.9199999999998960E+000	-9.5721675964233199E-004
5.9249999999998959E+000	-9.5553811851090131E-004
5.9299999999998958E+000	-9.5397967861199362E-004
5.9349999999998957E+000	-9.5236861352665514E-004
5.9399999999998956E+000	-9.5070767680738300E-004
5.9449999999998955E+000	-9.4901226732124755E-004
5.9499999999998954E+000	-9.4729292857786973E-004
5.9549999999998953E+000	-9.4555496756631996E-004
5.9599999999998952E+000	-9.4380179060449265E-004
5.9649999999998951E+000	-9.4203644023016508E-004
5.9699999999998949E+000	-9.4026172244676687E-004
5.9749999999998948E+000	-9.3848028731269295E-004
5.9799999999998947E+000	-9.3669459125722554E-004
5.9849999999998946E+000	-9.3490694323605794E-004
5.9899999999998945E+000	-9.3311954504438077E-004
5.9949999999998944E+000	-9.3133450564497622E-004
5.9999999999998943E+000	-9.2955386560023001E-004
6.0049999999998942E+000	-9.2777350378803192E-004
6.0099999999998941E+000	-9.2600091202932333E-004
6.0149999999998940E+000	-9.2423916980211018E-004
6.0199999999998939E+000	-9.2248959748397752E-004
6.0249999999998938E+000	-9.2075344465358810E-004
6.0299999999998937E+000	-9.1903206146115579E-004
6.0349999999998936E+000	-9.1732683497003364E-004
6.0399999999998935E+000	-9.1563913065417779E-004
6.0449999999998933E+000	-9.1397024790307313E-004
6.0499999999998932E+000	-9.1232140641173132E-004
6.0549999999998931E+000	-9.1069381232999902E-004
6.0599999999998930E+000	-9.0908860683969195E-004
6.0649999999998929E+000	-9.0750687752905179E-004
6.0699999999998928E+000	-9.0594970632951188E-004
6.0749999999998927E+000	-9.0441811128716409E-004
6.0799999999998926E+000	-9.0291306541123717E-004
6.0849999999998925E+000	-9.0143546823373555E-004
6.0899999999998924E+000	-8.9998629127707730E-004
6.0949999999998923E+000	-8.9856648927666427E-004
6.0999999999998922E+000	-8.9717697590474543E-004
6.1049999999998921E+000	-8.9581863257715000E-004
6.1099999999998920E+000	-8.9449233421712293E-004
6.1149999999998919E+000	-8.9319887941696763E-004
6.1199999999998917E+000	-8.9193909312701436E-004
6.1249999999998916E+000	-8.9071376444094241E-004
6.1299999999998915E+000	-8.8950289386025005E-004
6.1349999999998914E+000	-8.8832959870943640E-004
6.1399999999998913E+000	-8.8719856408214781E-004
6.1449999999998912E+000	-8.8610834777069769E-004
6.1499999999998911E+000	-8.8505817088480043E-004
6.1549999999998910E+000	-8.8404795682306414E-004
6.1599999999998909E+000	-8.8307787258790071E-004
6.1649999999998908E+000	-8.8214827382504524E-004
6.1699999999998907E+000	-8.8125947839090557E-004
6.1749999999998906E+000	-8.8041187676068944E-004
6.1799999999998905E+000	-8.7960586124768980E-004
6.1849999999998904E+000	-8.7884178452535267E-004
6.1899999999998903E+000	-8.7812007915255563E-004
6.1949999999998902E+000	-8.7744121285471266E-004
6.1999999999998900E+000	-8.7680555457181342E-004
6.2049999999998899E+000	-8.7621339266519271E-004
6.2099999999998898E+000	-8.7566487084966838E-004
6.2149999999998897E+000	-8.7516030272372092E-004
6.2199999999998896E+000	-8.7469988318567005E-004
6.2249999999998895E+000	-8.7428370627673502E-004
6.2299999999998894E+000	-8.7391199421293919E-004
6.2349999999998893E+000	-8.7358478055632460E-004
6.2399999999998892E+000	-8.7330205573055153E-004
6.2449999999998891E+000	-8.7306398463082857E-004
6.2499999999998890E+000	-8.7287067039509836E-004
6.2549999999998889E+000	-8.7272225453061125E-004
6.2599999999998888E+000	-8.7261894420587183E-004
6.2649999999998887E+000	-8.7246206712698893E-004
6.2699999999998886E+000	-8.7239480499556876E-004
6.2749999999998884E+000	-8.7241539259119705E-004
6.2799999999998883E+000	-8.7251022317413884E-004
6.2849999999998882E+000	-8.7267049656958307E-004
6.2899999999998881E+000	-8.7289233134324462E-004
6.2949999999998880E+000	-8.7317344192694435E-004
6.2999999999998879E+000	-8.7351162561377649E-004
6.3049999999998878E+000	-8.7390472453563461E-004
6.3099999999998877E+000	-8.7435067370789099E-004
6.3149999999998876E+000	-8.7484840492813021E-004
6.3199999999998875E+000	-8.7539717266693629E-004
6.3249999999998874E+000	-8.7599643688873741E-004
6.3299999999998873E+000	-8.7664539699927602E-004
6.3349999999998872E+000	-8.7734320743004801E-004
6.3399999999998871E+000	-8.7808919703924460E-004
6.3449999999998870E+000	-8.7888271456026956E-004
6.3499999999998868E+000	-8.7972323877583136E-004
6.3549999999998867E+000	-8.8061010944029405E-004
6.3599999999998866E+000	-8.8154268144169379E-004
6.3649999999998865E+000	-8.8252028272695071E-004
6.3699999999998864E+000	-8.8354240400612127E-004
6.3749999999998863E+000	-8.8460842925597305E-004
6.3799999999998862E+000	-8.8571774641321710E-004
6.3849999999998861E+000	-8.8686974306684263E-004
6.3899999999998860E+000	-8.8806375309058438E-004
6.3949999999998859E+000	-8.8929907117707430E-004
6.3999999999998858E+000	-8.9057498385569644E-004
6.4049999999998857E+000	-8.9189067264383581E-004
6.4099999999998856E+000	-8.9324533844070686E-004
6.4149999999998855E+000	-8.9463817579149563E-004
6.4199999999998854E+000	-8.9606833150090992E-004
6.4249999999998852E+000	-8.9753491217114956E-004
6.4299999999998851E+000	-8.9903704772975601E-004
6.4349999999998850E+000	-9.0057385937525325E-004
6.4399999999998849E+000	-9.0214444693570428E-004
6.4449999999998848E+000	-9.0374786177305211E-004
6.4499999999998847E+000	-9.0538313295729367E-004
6.4549999999998846E+000	-9.0704926714968437E-004
6.4599999999998845E+000	-9.0874526929463073E-004
6.4649999999998844E+000	-9.1047011029798952E-004
6.4699999999998843E+000	-9.1222275135249831E-004
6.4749999999998842E+000	-9.1400213141046294E-004
6.4799999999998841E+000	-9.1580717535988398E-004
6.4849999999998840E+000	-9.1763679302525603E-004
6.4899999999998839E+000	-9.1948988457435377E-004
6.4949999999998838E+000	-9.2136536197395813E-004
6.4999999999998836E+000	-9.2326210065829528E-004
6.5049999999998835E+000	-9.2517896635513353E-004
6.5099999999998834E+000	-9.2711483633634018E-004
6.5149999999998833E+000	-9.2906858847241480E-004
6.5199999999998832E+000	-9.3103909506364602E-004
6.5249999999998831E+000	-9.3302522014226952E-004
6.5299999999998830E+000	-9.3502583186433341E-004
6.5349999999998829E+000	-9.3703979743153809E-004
6.5399999999998828E+000	-9.3906598041781919E-004
6.5449999999998827E+000	-9.4110324322471683E-004
6.5499999999998826E+000	-9.4315045216264437E-004
6.5549999999998825E+000	-9.4520648097740079E-004
6.5599999999998824E+000	-9.4727020377050053E-004
6.5649999999998823E+000	-9.4934050614980947E-004
6.5699999999998822E+000	-9.5141628310146942E-004
6.5749999999998820E+000	-9.5349643529418771E-004
6.5799999999998819E+000	-9.5557986251471050E-004
6.5849999999998818E+000	-9.5766547369668942E-004
6.5899999999998817E+000	-9.5975218964117204E-004
6.5949999999998816E+000	-9.6183894020196448E-004
6.5999999999998815E+000	-9.6392466691952450E-004
6.6049999999998814E+000	-9.6600832519877500E-004
6.6099999999998813E+000	-9.6808888556410011E-004
6.6149999999998812E+000	-9.7016532381388743E-004
6.6199999999998811E+000	-9.7223662916023912E-004
6.6249999999998810E+000	-9.7430180456203885E-004
6.6299999999998809E+000	-9.7635986701671840E-004
6.6349999999998808E+000	-9.7840984829211664E-004
6.6399999999998807E+000	-9.8045079722863804E-004
6.6449999999998806E+000	-9.8248178089921367E-004
6.6499999999998805E+000	-9.8450188306165032E-004
6.6549999999998803E+000	-9.8651020204565398E-004
6.6599999999998802E+000	-9.8850585305187977E-004
6.6649999999998801E+000	-9.9048796644396475E-004
6.6699999999998800E+000	-9.9245569460260086E-004
6.6749999999998799E+000	-9.9441430966340505E-004
6.6799999999998798E+000	-9.9635806886633205E-004
6.6849999999998797E+000	-9.9828235999410708E-004
6.6899999999998796E+000	-1.0001864262481064E-003
6.6949999999998795E+000	-1.0020704695365978E-003
6.6999999999998794E+000	-1.0039341493377485E-003
6.7049999999998793E+000	-1.0057768523261679E-003
6.7099999999998792E+000	-1.0076041733362295E-003
6.7149999999998791E+000	-1.0094088476408913E-003
6.7199999999998790E+000	-1.0111908211283271E-003
6.7249999999998789E+000	-1.0131523553056354E-003
6.7299999999998787E+000	-1.0150309955170300E-003
6.7349999999998786E+000	-1.0168339070424359E-003
6.7399999999998785E+000	-1.0185800796018718E-003
6.7449999999998784E+000	-1.0202793184221903E-003
6.7499999999998783E+000	-1.0219353789224783E-003
6.7549999999998782E+000	-1.0235499783277646E-003
6.7599999999998781E+000	-1.0251464325117254E-003
6.7649999999998780E+000	-1.0267033632818112E-003
6.7699999999998779E+000	-1.0282175211404621E-003
6.7749999999998778E+000	-1.0296915449572452E-003
6.7799999999998777E+000	-1.0311275151790866E-003
6.7849999999998776E+000	-1.0325268448370117E-003
6.7899999999998775E+000	-1.0338907432054789E-003
6.7949999999998774E+000	-1.0352197278415964E-003
6.7999999999998773E+000	-1.0365144052664199E-003
6.8049999999998771E+000	-1.0377752427372933E-003
6.8099999999998770E+000	-1.0390026010540510E-003
6.8149999999998769E+000	-1.0401967811390911E-003
6.8199999999998768E+000	-1.0413580381514187E-003
6.8249999999998767E+000	-1.0424865872966649E-003
6.8299999999998766E+000	-1.0435826147805471E-003
6.8349999999998765E+000	-1.0446462864805994E-003
6.8399999999998764E+000	-1.0456777609659795E-003
6.8449999999998763E+000	-1.0466771915655926E-003
6.8499999999998762E+000	-1.0476447315164172E-003
6.8549999999998761E+000	-1.0485805373519064E-003
6.8599999999998760E+000	-1.0494847741906455E-003
6.8649999999998759E+000	-1.0503576135687531E-003
6.8699999999998758E+000	-1.0511992324908626E-003
6.8749999999998757E+000	-1.0520098195705430E-003
6.8799999999998755E+000	-1.0527895752239225E-003
6.8849999999998754E+000	-1.0535387083883130E-003
6.8899999999998753E+000	-1.0542574464844634E-003
6.8949999999998752E+000	-1.0549460189301918E-003
6.8999999999998751E+000	-1.0556046726031276E-003
6.9049999999998750E+000	-1.0562336750088441E-003
6.9099999999998749E+000	-1.0568333045504197E-003
6.9149999999998748E+000	-1.0574038476209857E-003
6.9199999999998747E+000	-1.0579514575481674E-003
6.9249999999998746E+000	-1.0584845320291691E-003
6.9299999999998745E+000	-1.0590000037091762E-003
6.9349999999998744E+000	-1.0594785059434564E-003
6.9399999999998743E+000	-1.0599367074033417E-003
6.9449999999998742E+000	-1.0603814706966475E-003
6.9499999999998741E+000	-1.0608156516642708E-003
6.9549999999998739E+000	-1.0612635484434918E-003
6.9599999999998738E+000	-1.0616857074876584E-003
6.9649999999998737E+000	-1.0620608381670671E-003
6.9699999999998736E+000	-1.0623912261915613E-003
6.9749999999998735E+000	-1.0626866502865262E-003
6.9799999999998734E+000	-1.0629549866814081E-003
6.9849999999998733E+000	-1.0632002948871566E-003
6.9899999999998732E+000	-1.0634242179334841E-003
6.9949999999998731E+000	-1.0636274593918138E-003
6.9999999999998730E+000	-1.0638104708071694E-003
7.0049999999998729E+000	-1.0639737689084328E-003
7.0099999999998728E+000	-1.0640646902393414E-003
7.0149999999998727E+000	-1.0641652747365171E-003
7.0199999999998726E+000	-1.0642764380999203E-003
7.0249999999998725E+000	-1.0643892411232869E-003
7.0299999999998724E+000	-1.0644969767175105E-003
7.0349999999998722E+000	-1.0645972931597747E-003
7.0399999999998721E+000	-1.0646896595449817E-003
7.0449999999998720E+000	-1.0647739082396690E-003
7.0499999999998719E+000	-1.0648499691159330E-003
7.0549999999998718E+000	-1.0649178505830470E-003
7.0599999999998717E+000	-1.0649775942357387E-003
7.0649999999998716E+000	-1.0650292541387607E-003
7.0699999999998715E+000	-1.0650728895917894E-003
7.0749999999998714E+000	-1.0651086001471910E-003
7.0799999999998713E+000	-1.0651364771927518E-003
7.0849999999998712E+000	-1.0651566685857539E-003
7.0899999999998711E+000	-1.0651693535930207E-003
7.0949999999998710E+000	-1.0651747470080686E-003
7.0999999999998709E+000	-1.0651781464190435E-003
7.1049999999998708E+000	-1.0651766471423407E-003
7.1099999999998706E+000	-1.0651722082646309E-003
7.1149999999998705E+000	-1.0651643250860765E-003
7.1199999999998704E+000	-1.0651519151978484E-003
7.1249999999998703E+000	-1.0651345610064311E-003
7.1299999999998702E+000	-1.0651123304632470E-003
7.1349999999998701E+000	-1.0650854818852196E-003
7.1399999999998700E+000	-1.0650544093651071E-003
7.1449999999998699E+000	-1.0650195697383680E-003
7.1499999999998698E+000	-1.0649814609497987E-003
7.1549999999998697E+000	-1.0649406270237805E-003
7.1599999999998696E+000	-1.0648976365481566E-003
7.1649999999998695E+000	-1.0648530354537833E-003
7.1699999999998694E+000	-1.0648073254224677E-003
7.1749999999998693E+000	-1.0647610854523926E-003
7.1799999999998692E+000	-1.0647148778120119E-003
7.1849999999998690E+000	-1.0646692862463780E-003
7.1899999999998689E+000	-1.0646249156431864E-003
7.1949999999998688E+000	-1.0645822512356240E-003
7.1999999999998687E+000	-1.0645417710994920E-003
7.2049999999998686E+000	-1.0645039655643451E-003
7.2099999999998685E+000	-1.0644693554837659E-003
7.2149999999998684E+000	-1.0644384094691262E-003
7.2199999999998683E+000	-1.0644115094939899E-003
7.2249999999998682E+000	-1.0643890910109199E-003
7.2299999999998681E+000	-1.0643716661236091E-003
7.2349999999998680E+000	-1.0643597042849784E-003
7.2399999999998679E+000	-1.0643536034242729E-003
7.2449999999998678E+000	-1.0643537720662621E-003
7.2499999999998677E+000	-1.0643606501630209E-003
7.2549999999998676E+000	-1.0643746530720755E-003
7.2599999999998674E+000	-1.0643961764889021E-003
7.2649999999998673E+000	-1.0644254911764683E-003
7.2699999999998672E+000	-1.0644534008945605E-003
7.2749999999998671E+000	-1.0644905209904465E-003
7.2799999999998670E+000	-1.0645370848041402E-003
7.2849999999998669E+000	-1.0645927822854340E-003
7.2899999999998668E+000	-1.0646576204873526E-003
7.2949999999998667E+000	-1.0647317438401416E-003
7.2999999999998666E+000	-1.0648153600789634E-003
7.3049999999998665E+000	-1.0649086476819392E-003
7.3099999999998664E+000	-1.0650117285804228E-003
7.3149999999998663E+000	-1.0651248724484752E-003
7.3199999999998662E+000	-1.0652483187549855E-003
7.3249999999998661E+000	-1.0653822382540312E-003
7.3299999999998660E+000	-1.0655268267845130E-003
7.3349999999998658E+000	-1.0656824025390144E-003
7.3399999999998657E+000	-1.0658491674044868E-003
7.3449999999998656E+000	-1.0660273538620757E-003
7.3499999999998655E+000	-1.0662171792392705E-003
7.3549999999998654E+000	-1.0664188573166200E-003
7.3599999999998653E+000	-1.0666325677770594E-003
7.3649999999998652E+000	-1.0668583973765244E-003
7.3699999999998651E+000	-1.0670964657402138E-003
7.3749999999998650E+000	-1.0673468176913836E-003
7.3799999999998649E+000	-1.0676095217379000E-003
7.3849999999998648E+000	-1.0678845496729927E-003
7.3899999999998647E+000	-1.0681719879910290E-003
7.3949999999998646E+000	-1.0684719656528507E-003
7.3999999999998645E+000	-1.0687845792878292E-003
7.4049999999998644E+000	-1.0691098582822356E-003
7.4099999999998643E+000	-1.0694481046593651E-003
7.4149999999998641E+000	-1.0697993519248605E-003
7.4199999999998640E+000	-1.0701634697189988E-003
7.4249999999998639E+000	-1.0705402412654053E-003
7.4299999999998638E+000	-1.0709296081210518E-003
7.4349999999998637E+000	-1.0713315179651239E-003
7.4399999999998636E+000	-1.0717458358762144E-003
7.4449999999998635E+000	-1.0721724537172683E-003
7.4499999999998634E+000	-1.0726112048362602E-003
7.4549999999998633E+000	-1.0730619121082086E-003

 
