Grouping:kineticEnergy J432
# x 	 y
0.0000000000000000E+000	0.0000000000000000E+000
5.0000000000000001E-003	1.0627655198004834E-005
1.0000000000000000E-002	3.9579518852436379E-005
1.4999999999999999E-002	8.2090174189645111E-005
2.0000000000000000E-002	1.3379205758594262E-004
2.5000000000000001E-002	1.9134480729138506E-004
3.0000000000000002E-002	2.5232555520853200E-004
3.5000000000000003E-002	3.1492116013041708E-004
4.0000000000000001E-002	3.7771209183951775E-004
4.4999999999999998E-002	4.3956463426833624E-004
4.9999999999999996E-002	4.9957754491987460E-004
5.4999999999999993E-002	5.5704625343434031E-004
5.9999999999999991E-002	6.1143206151245146E-004
6.4999999999999988E-002	6.6233481624058932E-004
6.9999999999999993E-002	7.0946964141305842E-004
7.4999999999999997E-002	7.5264766214831833E-004
8.0000000000000002E-002	7.9176006707992015E-004
8.5000000000000006E-002	8.2676405983907295E-004
9.0000000000000011E-002	8.5767402498726313E-004
9.5000000000000015E-002	8.8454972429005349E-004
1.0000000000000002E-001	9.0748640626750270E-004
1.0500000000000002E-001	9.2660867275218728E-004
1.1000000000000003E-001	9.4206664204769764E-004
1.1500000000000003E-001	9.5402998890773945E-004
1.2000000000000004E-001	9.6267110272627780E-004
1.2500000000000003E-001	9.6817405666313786E-004
1.3000000000000003E-001	9.7073460198980718E-004
1.3500000000000004E-001	9.7055197482454557E-004
1.4000000000000004E-001	9.6782551346972492E-004
1.4500000000000005E-001	9.6275253555257742E-004
1.5000000000000005E-001	9.5552681418414258E-004
1.5500000000000005E-001	9.4633733820283803E-004
1.6000000000000006E-001	9.3536727472463160E-004
1.6500000000000006E-001	9.2279312831198635E-004
1.7000000000000007E-001	9.0878409017732063E-004
1.7500000000000007E-001	8.9350155860419686E-004
1.8000000000000008E-001	8.7709880812551907E-004
1.8500000000000008E-001	8.5972079777359503E-004
1.9000000000000009E-001	8.4150407369237672E-004
1.9500000000000009E-001	8.2257671122778196E-004
2.0000000000000009E-001	8.0305810635030719E-004
2.0500000000000010E-001	7.8305974217377156E-004
2.1000000000000010E-001	7.6269738369630206E-004
2.1500000000000011E-001	7.4206150820535022E-004
2.2000000000000011E-001	7.2123220930515983E-004
2.2500000000000012E-001	7.0028801201256680E-004
2.3000000000000012E-001	6.7930319579240315E-004
2.3500000000000013E-001	6.5834611989418234E-004
2.4000000000000013E-001	6.3747858073310410E-004
2.4500000000000013E-001	6.1675612440371345E-004
2.5000000000000011E-001	5.9622838785104151E-004
2.5500000000000012E-001	5.7593967604914562E-004
2.6000000000000012E-001	5.5596070311427924E-004
2.6500000000000012E-001	5.3631669946167793E-004
2.7000000000000013E-001	5.1701712106437872E-004
2.7500000000000013E-001	4.9807903156994914E-004
2.8000000000000014E-001	4.7952392422914914E-004
2.8500000000000014E-001	4.6137232094071859E-004
2.9000000000000015E-001	4.4364182475898262E-004
2.9500000000000015E-001	4.2634647519377460E-004
3.0000000000000016E-001	4.0949720777351696E-004
3.0500000000000016E-001	3.9310232137169699E-004
3.1000000000000016E-001	3.7716768497376854E-004
3.1500000000000017E-001	3.6169723356556030E-004
3.2000000000000017E-001	3.4669283814319044E-004
3.2500000000000018E-001	3.3215461798458064E-004
3.3000000000000018E-001	3.1807811759798486E-004
3.3500000000000019E-001	3.0446308302983018E-004
3.4000000000000019E-001	2.9130621438423407E-004
3.4500000000000020E-001	2.7860265661861004E-004
3.5000000000000020E-001	2.6634630179777404E-004
3.5500000000000020E-001	2.5453003599796567E-004
3.6000000000000021E-001	2.4314618843686466E-004
3.6500000000000021E-001	2.3218635899557304E-004
3.7000000000000022E-001	2.2164164649451465E-004
3.7500000000000022E-001	2.1150271284208009E-004
3.8000000000000023E-001	2.0175975100833156E-004
3.8500000000000023E-001	1.9240280916828545E-004
3.9000000000000024E-001	1.8342160545277883E-004
3.9500000000000024E-001	1.7480567262664450E-004
4.0000000000000024E-001	1.6654439362028656E-004
4.0500000000000025E-001	1.5862725922204880E-004
4.1000000000000025E-001	1.5104358817892024E-004
4.1500000000000026E-001	1.4378270265862615E-004
4.2000000000000026E-001	1.3683401675529665E-004
4.2500000000000027E-001	1.3018702569071665E-004
4.3000000000000027E-001	1.2383127125248307E-004
4.3500000000000028E-001	1.1775658940917276E-004
4.4000000000000028E-001	1.1195283574057347E-004
4.4500000000000028E-001	1.0641002978288453E-004
4.5000000000000029E-001	1.0111841062800090E-004
4.5500000000000029E-001	9.6068271819022114E-005
4.6000000000000030E-001	9.1250225609537842E-005
4.6500000000000030E-001	8.6655217791553322E-005
4.7000000000000031E-001	8.2274549353082452E-005
4.7500000000000031E-001	7.8099588274401752E-005
4.8000000000000032E-001	7.4121908131090608E-005
4.8500000000000032E-001	7.0333350945336680E-005
4.9000000000000032E-001	6.6725999734538341E-005
4.9500000000000033E-001	6.3292131064836315E-005
5.0000000000000033E-001	6.0024404432644085E-005
5.0500000000000034E-001	5.6915606868546416E-005
5.1000000000000034E-001	5.3958764787524313E-005
5.1500000000000035E-001	5.1147181414903197E-005
5.2000000000000035E-001	4.8474397390382161E-005
5.2500000000000036E-001	4.5934182718168311E-005
5.3000000000000036E-001	4.3520497844732490E-005
5.3500000000000036E-001	4.1227649449592422E-005
5.4000000000000037E-001	3.9050059385285013E-005
5.4500000000000037E-001	3.6982364000889956E-005
5.5000000000000038E-001	3.5019444353734605E-005
5.5500000000000038E-001	3.3156386480037900E-005
5.6000000000000039E-001	3.1388433671897789E-005
5.6500000000000039E-001	2.9711138080963598E-005
5.7000000000000040E-001	2.8120140553447721E-005
5.7500000000000040E-001	2.6611263412086258E-005
5.8000000000000040E-001	2.5180537360027666E-005
5.8500000000000041E-001	2.3824163903183873E-005
5.9000000000000041E-001	2.2538506015643117E-005
5.9500000000000042E-001	2.1320085989809415E-005
6.0000000000000042E-001	2.0165550928661867E-005
6.0500000000000043E-001	1.9071792441038150E-005
6.1000000000000043E-001	1.8035757338588217E-005
6.1500000000000044E-001	1.7054530908501979E-005
6.2000000000000044E-001	1.6125359833162625E-005
6.2500000000000044E-001	1.5245617257846289E-005
6.3000000000000045E-001	1.4412794791690170E-005
6.3500000000000045E-001	1.3624470667566052E-005
6.4000000000000046E-001	1.2878429307139166E-005
6.4500000000000046E-001	1.2172480750513649E-005
6.5000000000000047E-001	1.1504538441978052E-005
6.5500000000000047E-001	1.0872641015507693E-005
6.6000000000000048E-001	1.0274921321025687E-005
6.6500000000000048E-001	9.7095996659270963E-006
6.7000000000000048E-001	9.1749827958608021E-006
6.7500000000000049E-001	8.6694610607996410E-006
6.8000000000000049E-001	8.1914819931944344E-006
6.8500000000000050E-001	7.7396425067857292E-006
6.9000000000000050E-001	7.3125417649080661E-006
6.9500000000000051E-001	6.9088496758592943E-006
7.0000000000000051E-001	6.5273256284282848E-006
7.0500000000000052E-001	6.1667905994331526E-006
7.1000000000000052E-001	5.8261221412962385E-006
7.1500000000000052E-001	5.5042303165383538E-006
7.2000000000000053E-001	5.2001542491981025E-006
7.2500000000000053E-001	4.9129182822440836E-006
7.3000000000000054E-001	4.6415962822443542E-006
7.3500000000000054E-001	4.3853301490601556E-006
7.4000000000000055E-001	4.1433055741756991E-006
7.4500000000000055E-001	3.9147479459022855E-006
7.5000000000000056E-001	3.6989226489076757E-006
7.5500000000000056E-001	3.4951338372634789E-006
7.6000000000000056E-001	3.3027052601311340E-006
7.6500000000000057E-001	3.1210529040177698E-006
7.7000000000000057E-001	2.9495688566544191E-006
7.7500000000000058E-001	2.7876780365409783E-006
7.8000000000000058E-001	2.6348558753119119E-006
7.8500000000000059E-001	2.4906041995798237E-006
7.9000000000000059E-001	2.3544284688784238E-006
7.9500000000000060E-001	2.2259202187258357E-006
8.0000000000000060E-001	2.1046408908345642E-006
8.0500000000000060E-001	1.9901746672387533E-006
8.1000000000000061E-001	1.8821445863966650E-006
8.1500000000000061E-001	1.7801934343494488E-006
8.2000000000000062E-001	1.6839812767739244E-006
8.2500000000000062E-001	1.5931858530277034E-006
8.3000000000000063E-001	1.5075037260813191E-006
8.3500000000000063E-001	1.4266341065057459E-006
8.4000000000000064E-001	1.3503383772325008E-006
8.4500000000000064E-001	1.2783450592170949E-006
8.5000000000000064E-001	1.2103994822888223E-006
8.5500000000000065E-001	1.1462769351376797E-006
8.6000000000000065E-001	1.0857638310791766E-006
8.6500000000000066E-001	1.0286386964013098E-006
8.7000000000000066E-001	9.7474339031530465E-007
8.7500000000000067E-001	9.2388435578591873E-007
8.8000000000000067E-001	8.7587773066234372E-007
8.8500000000000068E-001	8.3056339957045344E-007
8.9000000000000068E-001	7.8779063216639687E-007
8.9500000000000068E-001	7.4741478354537083E-007
9.0000000000000069E-001	7.0929885415806292E-007
9.0500000000000069E-001	6.7331371890496891E-007
9.1000000000000070E-001	6.3933764558206382E-007
9.1500000000000070E-001	6.0724533113536793E-007
9.2000000000000071E-001	5.7695520139621645E-007
9.2500000000000071E-001	5.4835229093388840E-007
9.3000000000000071E-001	5.2132995644162807E-007
9.3500000000000072E-001	4.9580116968669923E-007
9.4000000000000072E-001	4.7168259625896661E-007
9.4500000000000073E-001	4.4887906353340314E-007
9.5000000000000073E-001	4.2734268921541893E-007
9.5500000000000074E-001	4.0699326540426755E-007
9.6000000000000074E-001	3.8775325777457777E-007
9.6500000000000075E-001	3.6956088577361231E-007
9.7000000000000075E-001	3.5235745653394013E-007
9.7500000000000075E-001	3.3608629162725440E-007
9.8000000000000076E-001	3.2069372664451813E-007
9.8500000000000076E-001	3.0612925844149582E-007
9.9000000000000077E-001	2.9234533456279385E-007
9.9500000000000077E-001	2.7929700678708489E-007
1.0000000000000007E+000	2.6693427357687551E-007
1.0050000000000006E+000	2.5523905864274403E-007
1.0100000000000005E+000	2.4416278038180350E-007
1.0150000000000003E+000	2.3366151830827250E-007
1.0200000000000002E+000	2.2370541846151809E-007
1.0250000000000001E+000	2.1426573991359912E-007
1.0300000000000000E+000	2.0529980287646434E-007
1.0349999999999999E+000	1.9680995678756811E-007
1.0399999999999998E+000	1.8875074835513212E-007
1.0449999999999997E+000	1.8109767429129088E-007
1.0499999999999996E+000	1.7382943264891900E-007
1.0549999999999995E+000	1.6692438925015533E-007
1.0599999999999994E+000	1.6036165981491208E-007
1.0649999999999993E+000	1.5412218600488343E-007
1.0699999999999992E+000	1.4818750820177520E-007
1.0749999999999991E+000	1.4254041652328867E-007
1.0799999999999990E+000	1.3716477076242146E-007
1.0849999999999989E+000	1.3204536703963635E-007
1.0899999999999987E+000	1.2716787866911111E-007
1.0949999999999986E+000	1.2251271253223518E-007
1.0999999999999985E+000	1.1807881164253693E-007
1.1049999999999984E+000	1.1385547749881653E-007
1.1099999999999983E+000	1.0982549735706890E-007
1.1149999999999982E+000	1.0597273773224747E-007
1.1199999999999981E+000	1.0228981686339617E-007
1.1249999999999980E+000	9.8756356167356050E-008
1.1299999999999979E+000	9.5392485296964018E-008
1.1349999999999978E+000	9.2172671141091494E-008
1.1399999999999977E+000	8.9088916332226331E-008
1.1449999999999976E+000	8.6135338233102506E-008
1.1499999999999975E+000	8.3305169998645355E-008
1.1549999999999974E+000	8.0591774127332490E-008
1.1599999999999973E+000	7.7988976709683713E-008
1.1649999999999971E+000	7.5491001551689897E-008
1.1699999999999970E+000	7.3092413343100363E-008
1.1749999999999969E+000	7.0788096216109487E-008
1.1799999999999968E+000	6.8573233189068566E-008
1.1849999999999967E+000	6.6443286029543649E-008
1.1899999999999966E+000	6.4393978973617482E-008
1.1949999999999965E+000	6.2421284492898886E-008
1.1999999999999964E+000	6.0521409236483080E-008
1.2049999999999963E+000	5.8686365344159400E-008
1.2099999999999962E+000	5.6921541164817022E-008
1.2149999999999961E+000	5.5219471017827556E-008
1.2199999999999960E+000	5.3577426732470908E-008
1.2249999999999959E+000	5.1994698956889898E-008
1.2299999999999958E+000	5.0464641891952842E-008
1.2349999999999957E+000	4.8985448016801093E-008
1.2399999999999956E+000	4.7555509803987095E-008
1.2449999999999954E+000	4.6172740022245867E-008
1.2499999999999953E+000	4.4835024744940541E-008
1.2549999999999952E+000	4.3540374986834225E-008
1.2599999999999951E+000	4.2286924460570270E-008
1.2649999999999950E+000	4.1072914103844359E-008
1.2699999999999949E+000	3.9896683219079974E-008
1.2749999999999948E+000	3.8756662170890385E-008
1.2799999999999947E+000	3.7651366421346608E-008
1.2849999999999946E+000	3.6576014293003467E-008
1.2899999999999945E+000	3.5536259613551731E-008
1.2949999999999944E+000	3.4527041094228642E-008
1.2999999999999943E+000	3.3547046361161810E-008
1.3049999999999942E+000	3.2597885061324800E-008
1.3099999999999941E+000	3.1674886578559675E-008
1.3149999999999940E+000	3.0777518863978885E-008
1.3199999999999938E+000	2.9905424722331346E-008
1.3249999999999937E+000	2.9057810354921463E-008
1.3299999999999936E+000	2.8233807832140339E-008
1.3349999999999935E+000	2.7432596406389291E-008
1.3399999999999934E+000	2.6653398610042021E-008
1.3449999999999933E+000	2.5895479392514481E-008
1.3499999999999932E+000	2.5158141946582319E-008
1.3549999999999931E+000	2.4440722078542077E-008
1.3599999999999930E+000	2.3742585766081466E-008
1.3649999999999929E+000	2.3063127938198571E-008
1.3699999999999928E+000	2.2401771354424205E-008
1.3749999999999927E+000	2.1757965208879589E-008
1.3799999999999926E+000	2.1131183580169554E-008
1.3849999999999925E+000	2.0518446533888948E-008
1.3899999999999924E+000	1.9924685240785692E-008
1.3949999999999922E+000	1.9346115122965752E-008
1.3999999999999921E+000	1.8781839799193295E-008
1.4049999999999920E+000	1.8234671606741074E-008
1.4099999999999919E+000	1.7700958668689264E-008
1.4149999999999918E+000	1.7180602962386277E-008
1.4199999999999917E+000	1.6673953437136822E-008
1.4249999999999916E+000	1.6180462666563143E-008
1.4299999999999915E+000	1.5699644425463763E-008
1.4349999999999914E+000	1.5231263249191058E-008
1.4399999999999913E+000	1.4775064865752973E-008
1.4449999999999912E+000	1.4330751462233434E-008
1.4499999999999911E+000	1.3898021903809726E-008
1.4549999999999910E+000	1.3476588764812794E-008
1.4599999999999909E+000	1.3066176839461693E-008
1.4649999999999908E+000	1.2666519121300115E-008
1.4699999999999906E+000	1.2277355684407570E-008
1.4749999999999905E+000	1.1896571546126853E-008
1.4799999999999904E+000	1.1528339732531741E-008
1.4849999999999903E+000	1.1168993807158292E-008
1.4899999999999902E+000	1.0819003354267140E-008
1.4949999999999901E+000	1.0478140772266106E-008
1.4999999999999900E+000	1.0148581474981928E-008
1.5049999999999899E+000	9.8270099570564031E-009
1.5049999999999899E+000	9.8270883656035166E-009
1.5099999999999898E+000	9.9321836147834776E-009
1.5149999999999897E+000	9.8089784334263554E-009
1.5199999999999896E+000	9.3605379334526946E-009
1.5249999999999895E+000	8.9109042340124777E-009
1.5299999999999894E+000	8.5263402485109771E-009
1.5349999999999893E+000	8.1915232022206905E-009
1.5399999999999892E+000	7.8891223192212104E-009
1.5449999999999890E+000	7.6094445163635895E-009
1.5499999999999889E+000	7.3460580628927765E-009
1.5549999999999888E+000	7.0947091032855737E-009
1.5599999999999887E+000	6.8529242968643561E-009
1.5649999999999886E+000	6.6193397280381326E-009
1.5699999999999885E+000	6.3931458000139536E-009
1.5749999999999884E+000	6.1738101467209413E-009
1.5799999999999883E+000	5.9609649122199375E-009
1.5849999999999882E+000	5.7543475704585370E-009
1.5899999999999881E+000	5.5537585964262551E-009
1.5949999999999880E+000	5.3590329533040877E-009
1.5999999999999879E+000	5.1678984536927628E-009
1.6049999999999878E+000	4.9847304195119306E-009
1.6099999999999877E+000	4.8067480419585053E-009
1.6149999999999876E+000	4.6339428464949995E-009
1.6199999999999875E+000	4.4663965165214462E-009
1.6249999999999873E+000	4.3035329679377144E-009
1.6299999999999872E+000	4.1477412166625182E-009
1.6349999999999871E+000	3.9959438121606296E-009
1.6399999999999870E+000	3.8483601544647733E-009
1.6449999999999869E+000	3.7053533687009990E-009
1.6499999999999868E+000	3.5741371901710418E-009
1.6549999999999867E+000	3.4825113749776986E-009
1.6599999999999866E+000	3.4014070256482185E-009
1.6649999999999865E+000	3.2886920626173490E-009
1.6699999999999864E+000	3.1637329028593056E-009
1.6749999999999863E+000	3.0445837621994820E-009
1.6799999999999862E+000	2.9295102296458126E-009
1.6849999999999861E+000	2.8176998381662820E-009
1.6899999999999860E+000	2.7091367938117521E-009
1.6949999999999859E+000	2.6032411297163801E-009
1.6999999999999857E+000	2.5026398999936418E-009
1.7049999999999856E+000	2.4046661020822114E-009
1.7099999999999855E+000	2.3096898194335427E-009
1.7149999999999854E+000	2.2180065613055506E-009
1.7199999999999853E+000	2.1295872737859597E-009
1.7249999999999852E+000	2.0443565642120601E-009
1.7299999999999851E+000	1.9622387043584713E-009
1.7349999999999850E+000	1.8811230076637878E-009
1.7399999999999849E+000	1.8054475233447231E-009
1.7449999999999848E+000	1.7322431644025398E-009
1.7499999999999847E+000	1.6618207947464231E-009
1.7549999999999846E+000	1.5940989307018810E-009
1.7599999999999845E+000	1.5289710369706518E-009
1.7649999999999844E+000	1.4663699923856713E-009
1.7699999999999843E+000	1.4062359511037483E-009
1.7749999999999841E+000	1.3478926171554428E-009
1.7799999999999840E+000	1.2938947184498374E-009
1.7849999999999839E+000	1.2413311042012781E-009
1.7899999999999838E+000	1.1904614890373783E-009
1.7949999999999837E+000	1.1416584553571435E-009
1.7999999999999836E+000	1.0928630368006101E-009
1.8049999999999835E+000	1.0485486137941378E-009
1.8099999999999834E+000	1.0058792882194377E-009
1.8149999999999833E+000	9.6487812040494253E-010
1.8199999999999832E+000	9.2556909218725757E-010
1.8249999999999831E+000	8.8827505050527649E-010
1.8299999999999830E+000	8.5263372814946095E-010
1.8349999999999829E+000	8.1855738662484850E-010
1.8399999999999828E+000	7.8603661001278811E-010
1.8449999999999827E+000	7.5504053158694424E-010
1.8499999999999825E+000	7.2552000079617860E-010
1.8549999999999824E+000	6.9742320444910140E-010
1.8599999999999823E+000	6.7070117079243687E-010
1.8649999999999822E+000	6.4530741462012917E-010
1.8699999999999821E+000	6.2119671922614250E-010
1.8749999999999820E+000	5.9832467375258682E-010
1.8799999999999819E+000	5.7664772545974044E-010
1.8849999999999818E+000	5.5612331391932681E-010
1.8899999999999817E+000	5.3670993275289513E-010
1.8949999999999816E+000	5.1836713146695961E-010
1.8999999999999815E+000	5.0105549823062535E-010
1.9049999999999814E+000	4.8473664265963222E-010
1.9099999999999813E+000	4.6937318075554543E-010
1.9149999999999812E+000	4.5492871996569577E-010
1.9199999999999811E+000	4.4136784310914888E-010
1.9249999999999809E+000	4.2865609128065674E-010
1.9299999999999808E+000	4.1675994618070828E-010
1.9349999999999807E+000	4.0564681216021081E-010
1.9399999999999806E+000	3.9528499805432013E-010
1.9449999999999805E+000	3.8564370056299636E-010
1.9499999999999804E+000	3.7669298612301403E-010
1.9549999999999803E+000	3.6840377300512078E-010
1.9599999999999802E+000	3.6074781411750335E-010
1.9649999999999801E+000	3.5369768017085957E-010
1.9699999999999800E+000	3.4722674306660286E-010
1.9749999999999799E+000	3.4130915941962202E-010
1.9799999999999798E+000	3.3591985454410632E-010
1.9849999999999797E+000	3.3103450647139508E-010
1.9899999999999796E+000	3.2662953034103479E-010
1.9949999999999795E+000	3.2268206261467169E-010
1.9999999999999793E+000	3.1916994552565250E-010
2.0049999999999795E+000	3.1607171192345165E-010
2.0099999999999794E+000	3.1336657081695759E-010
2.0149999999999793E+000	3.1103439292485453E-010
2.0199999999999791E+000	3.0905569570669816E-010
2.0249999999999790E+000	3.0741162908168471E-010
2.0299999999999789E+000	3.0608396178721610E-010
2.0349999999999788E+000	3.0505506764632781E-010
2.0399999999999787E+000	3.0430791171219423E-010
2.0449999999999786E+000	3.0382603673204811E-010
2.0499999999999785E+000	3.0359354995265593E-010
2.0549999999999784E+000	3.0359511007856008E-010
2.0599999999999783E+000	3.0381591444612709E-010
2.0649999999999782E+000	3.0424168636334837E-010
2.0699999999999781E+000	3.0485866263073880E-010
2.0749999999999780E+000	3.0565358137052748E-010
2.0799999999999779E+000	3.0661365740948478E-010
2.0849999999999778E+000	3.0772662023277128E-010
2.0899999999999777E+000	3.0898062677982968E-010
2.0949999999999775E+000	3.1036430040233111E-010
2.0999999999999774E+000	3.1186670678831820E-010
2.1049999999999773E+000	3.1347734292812282E-010
2.1099999999999772E+000	3.1518612581733368E-010
2.1149999999999771E+000	3.1698338115044697E-010
2.1199999999999770E+000	3.1885985008734673E-010
2.1249999999999769E+000	3.2080660897480191E-010
2.1299999999999768E+000	3.2281516447333720E-010
2.1349999999999767E+000	3.2487737279287007E-010
2.1399999999999766E+000	3.2698544713161254E-010
2.1449999999999765E+000	3.2913194765149779E-010
2.1499999999999764E+000	3.3130977159117106E-010
2.1549999999999763E+000	3.3319097036921769E-010
2.1599999999999762E+000	3.3531218056452336E-010
2.1649999999999761E+000	3.3758726903448683E-010
2.1699999999999759E+000	3.3987441514806425E-010
2.1749999999999758E+000	3.4213268477419469E-010
2.1799999999999757E+000	3.4437177853173915E-010
2.1849999999999756E+000	3.4659899324398339E-010
2.1899999999999755E+000	3.4881153482946485E-010
2.1949999999999754E+000	3.5100350162203770E-010
2.1999999999999753E+000	3.5317004206471100E-010
2.2049999999999752E+000	3.5530763352936944E-010
2.2099999999999751E+000	3.5741323141076644E-010
2.2149999999999750E+000	3.5948378973504987E-010
2.2199999999999749E+000	3.6151624960636341E-010
2.2249999999999748E+000	3.6350766346486482E-010
2.2299999999999747E+000	3.6545526377164568E-010
2.2349999999999746E+000	3.6735646769907910E-010
2.2399999999999745E+000	3.6920886284540814E-010
2.2449999999999743E+000	3.7101019845720673E-010
2.2499999999999742E+000	3.7275838326154698E-010
2.2549999999999741E+000	3.7445148454694882E-010
2.2599999999999740E+000	3.7608772582621694E-010
2.2649999999999739E+000	3.7766548305721702E-010
2.2699999999999738E+000	3.7918328016913590E-010
2.2749999999999737E+000	3.8063978439963853E-010
2.2799999999999736E+000	3.8203380165862580E-010
2.2849999999999735E+000	3.8336427185043199E-010
2.2899999999999734E+000	3.8463026408927010E-010
2.2949999999999733E+000	3.8583097188711039E-010
2.2999999999999732E+000	3.8696570838069740E-010
2.3049999999999731E+000	3.8803390161410245E-010
2.3099999999999730E+000	3.8903508988779613E-010
2.3149999999999729E+000	3.8996891718316608E-010
2.3199999999999728E+000	3.9083512866055671E-010
2.3249999999999726E+000	3.9163356625741636E-010
2.3299999999999725E+000	3.9236416436351096E-010
2.3349999999999724E+000	3.9302694561697243E-010
2.3399999999999723E+000	3.9362201680966647E-010
2.3449999999999722E+000	3.9419461882363612E-010
2.3499999999999721E+000	3.9468522277039958E-010
2.3549999999999720E+000	3.9504258029081243E-010
2.3599999999999719E+000	3.9533375695979637E-010
2.3649999999999718E+000	3.9558015061603836E-010
2.3699999999999717E+000	3.9577245867444319E-010
2.3749999999999716E+000	3.9590261320635259E-010
2.3799999999999715E+000	3.9574577610942451E-010
2.3849999999999714E+000	3.9582869728731564E-010
2.3899999999999713E+000	3.9584206211119899E-010
2.3949999999999712E+000	3.9574712144226704E-010
2.3999999999999710E+000	3.9557925576581889E-010
2.4049999999999709E+000	3.9535305628621911E-010
2.4099999999999708E+000	3.9506859775816841E-010
2.4149999999999707E+000	3.9472442876118639E-010
2.4199999999999706E+000	3.9432082874294646E-010
2.4249999999999705E+000	3.9385911095613904E-010
2.4299999999999704E+000	3.9334072749540666E-010
2.4349999999999703E+000	3.9276699684865963E-010
2.4399999999999702E+000	3.9213914530623226E-010
2.4449999999999701E+000	3.9145837449246644E-010
2.4499999999999700E+000	3.9072588594200856E-010
2.4549999999999699E+000	3.8994288351640781E-010
2.4599999999999698E+000	3.8911057348015059E-010
2.4649999999999697E+000	3.8823016595715429E-010
2.4699999999999696E+000	3.8730287589471679E-010
2.4749999999999694E+000	3.8632992279703985E-010
2.4799999999999693E+000	3.8531252983260830E-010
2.4849999999999692E+000	3.8425192285201356E-010
2.4899999999999691E+000	3.8314932947855644E-010
2.4949999999999690E+000	3.8200597818757670E-010
2.4999999999999689E+000	3.8082309733048834E-010
2.5049999999999688E+000	3.7960191411303983E-010
2.5099999999999687E+000	3.7834365356900505E-010
2.5149999999999686E+000	3.7704953754935302E-010
2.5199999999999685E+000	3.7572078374965147E-010
2.5249999999999684E+000	3.7435860475716911E-010
2.5299999999999683E+000	3.7296420711992757E-010
2.5349999999999682E+000	3.7153879045905983E-010
2.5399999999999681E+000	3.7008354661621703E-010
2.5449999999999680E+000	3.6859965883503133E-010
2.5499999999999678E+000	3.6708828829595030E-010
2.5549999999999677E+000	3.6555062404998812E-010
2.5599999999999676E+000	3.6398780638748024E-010
2.5649999999999675E+000	3.6240097671869050E-010
2.5699999999999674E+000	3.6079126431744541E-010
2.5749999999999673E+000	3.5915978572106622E-010
2.5799999999999672E+000	3.5750764417002475E-010
2.5849999999999671E+000	3.5583592907698100E-010
2.5899999999999670E+000	3.5414571554002130E-010
2.5949999999999669E+000	3.5243806387109506E-010
2.5999999999999668E+000	3.5071401917125306E-010
2.6049999999999667E+000	3.4897461092393334E-010
2.6099999999999666E+000	3.4722085264643334E-010
2.6149999999999665E+000	3.4520433572663979E-010
2.6199999999999664E+000	3.4347825266308027E-010
2.6249999999999662E+000	3.4173562397900715E-010
2.6299999999999661E+000	3.3993676256134503E-010
2.6349999999999660E+000	3.3811931411928360E-010
2.6399999999999659E+000	3.3629872854053493E-010
2.6449999999999658E+000	3.3447374282544192E-010
2.6499999999999657E+000	3.3264144175687734E-010
2.6549999999999656E+000	3.3080152000612148E-010
2.6599999999999655E+000	3.2895524448446603E-010
2.6649999999999654E+000	3.2710404484009008E-010
2.6699999999999653E+000	3.2524903652015927E-010
2.6749999999999652E+000	3.2339112699855439E-010
2.6799999999999651E+000	3.2153113437857484E-010
2.6849999999999650E+000	3.1966984952310840E-010
2.6899999999999649E+000	3.1780804141245103E-010
2.6949999999999648E+000	3.1594645258822501E-010
2.6999999999999647E+000	3.1408579604810187E-010
2.7049999999999645E+000	3.1222675917207798E-010
2.7099999999999644E+000	3.1037000601560182E-010
2.7149999999999643E+000	3.0851617804537312E-010
2.7199999999999642E+000	3.0666589567625164E-010
2.7249999999999641E+000	3.0481976010129365E-010
2.7299999999999640E+000	3.0297835414040397E-010
2.7349999999999639E+000	3.0114224234631007E-010
2.7399999999999638E+000	2.9931197106290233E-010
2.7449999999999637E+000	2.9748806870692300E-010
2.7499999999999636E+000	2.9567104613230523E-010
2.7549999999999635E+000	2.9386139695112009E-010
2.7599999999999634E+000	2.9205959779120365E-010
2.7649999999999633E+000	2.9026610852422615E-010
2.7699999999999632E+000	2.8848137248540898E-010
2.7749999999999631E+000	2.8670581670019040E-010
2.7799999999999629E+000	2.8493985209341888E-010
2.7849999999999628E+000	2.8318387370772007E-010
2.7899999999999627E+000	2.8143826093407584E-010
2.7949999999999626E+000	2.7970337775875241E-010
2.7999999999999625E+000	2.7797957296727305E-010
2.8049999999999624E+000	2.7626718036335978E-010
2.8099999999999623E+000	2.7456651900867152E-010
2.8149999999999622E+000	2.7287789346471729E-010
2.8199999999999621E+000	2.7120159403154482E-010
2.8249999999999620E+000	2.6953789698589047E-010
2.8299999999999619E+000	2.6788706481547151E-010
2.8349999999999618E+000	2.6624934645888109E-010
2.8399999999999617E+000	2.6462497755061974E-010
2.8449999999999616E+000	2.6279103143008802E-010
2.8499999999999615E+000	2.6129963159885304E-010
2.8549999999999613E+000	2.5980926401209591E-010
2.8599999999999612E+000	2.5827615409104627E-010
2.8649999999999611E+000	2.5674009945288756E-010
2.8699999999999610E+000	2.5521846622431769E-010
2.8749999999999609E+000	2.5371164761723811E-010
2.8799999999999608E+000	2.5221751723403842E-010
2.8849999999999607E+000	2.5073557283122739E-010
2.8899999999999606E+000	2.4926641175316934E-010
2.8949999999999605E+000	2.4781076837814859E-010
2.8999999999999604E+000	2.4636914559309565E-010
2.9049999999999603E+000	2.4494187449390822E-010
2.9099999999999602E+000	2.4352919864384725E-010
2.9149999999999601E+000	2.4213131568164106E-010
2.9199999999999600E+000	2.4074838828696053E-010
2.9249999999999599E+000	2.3938054874651405E-010
2.9299999999999597E+000	2.3802790402940486E-010
2.9349999999999596E+000	2.3669054030301871E-010
2.9399999999999595E+000	2.3536852602371343E-010
2.9449999999999594E+000	2.3406191398051279E-010
2.9499999999999593E+000	2.3277074291225535E-010
2.9549999999999592E+000	2.3149503892770577E-010
2.9599999999999591E+000	2.3023481670286499E-010
2.9649999999999590E+000	2.2899006824080517E-010
2.9699999999999589E+000	2.2776081251459017E-010
2.9749999999999588E+000	2.2654702297155559E-010
2.9799999999999587E+000	2.2534867685684994E-010
2.9849999999999586E+000	2.2416574354951269E-010
2.9899999999999585E+000	2.2299818501688372E-010
2.9949999999999584E+000	2.2184595624915066E-010
2.9999999999999583E+000	2.2070900564800623E-010
3.0049999999999581E+000	2.1958727535651063E-010
3.0099999999999580E+000	2.1848070156132212E-010
3.0149999999999579E+000	2.1738921480842730E-010
3.0199999999999578E+000	2.1631274031725528E-010
3.0249999999999577E+000	2.1525119822942127E-010
3.0249999999999577E+000	2.1525155214835233E-010
3.0299999999999576E+000	6.5321224246580122E-010
3.0349999999999575E+000	8.8056493578328128E-010
3.0399999999999574E+000	7.3982139034892414E-010
3.0449999999999573E+000	5.5509852148377135E-010
3.0499999999999572E+000	4.2175538680350852E-010
3.0549999999999571E+000	3.3525698746191403E-010
3.0599999999999570E+000	2.8067639720375006E-010
3.0649999999999569E+000	2.4715846978723815E-010
3.0699999999999568E+000	2.2717517517363198E-010
3.0749999999999567E+000	2.1559478552769593E-010
3.0799999999999566E+000	2.0914435688654609E-010
3.0849999999999564E+000	2.0581673369548972E-010
3.0899999999999563E+000	2.0436409092407141E-010
3.0949999999999562E+000	2.0399123690765528E-010
3.0999999999999561E+000	2.0419158103394054E-010
3.1049999999999560E+000	2.0464866913784289E-010
3.1099999999999559E+000	2.0516877385132729E-010
3.1149999999999558E+000	2.0563526920990321E-010
3.1199999999999557E+000	2.0598046591194657E-010
3.1249999999999556E+000	2.0616841840228619E-010
3.1299999999999555E+000	6.1492441342075174E-010
3.1349999999999554E+000	9.8949192138400669E-010
3.1399999999999553E+000	5.4144826977516039E-010
3.1449999999999552E+000	3.7196484960687344E-010
3.1499999999999551E+000	2.8188291055464812E-010
3.1549999999999550E+000	2.4529297566523292E-010
3.1599999999999548E+000	2.2927382290346463E-010
3.1649999999999547E+000	6.5376389222397091E-010
3.1699999999999546E+000	1.0429371011778024E-009
3.1749999999999545E+000	5.8698511865894132E-010
3.1799999999999544E+000	4.0345285508512607E-010
3.1849999999999543E+000	3.0203868302396417E-010
3.1899999999999542E+000	2.5799479641848474E-010
3.1949999999999541E+000	2.3715117781257374E-010
3.1999999999999540E+000	2.2541798093423314E-010
3.2049999999999539E+000	6.4845203148648845E-010
3.2099999999999538E+000	1.0358652528051020E-009
3.2149999999999537E+000	5.8162532288206540E-010
3.2199999999999536E+000	4.0018682456882069E-010
3.2249999999999535E+000	2.9965179234002685E-010
3.2299999999999534E+000	2.5564279545430569E-010
3.2349999999999532E+000	2.3451400776131914E-010
3.2399999999999531E+000	2.2244145522126779E-010
3.2449999999999530E+000	6.4451844607528968E-010
3.2499999999999529E+000	1.0308358705674849E-009
3.2549999999999528E+000	5.7768464974723433E-010
3.2599999999999527E+000	3.9726379336948792E-010
3.2649999999999526E+000	2.9708562611407307E-010
3.2699999999999525E+000	2.5310609440035309E-010
3.2749999999999524E+000	2.3188718260319396E-010
3.2799999999999523E+000	6.5480742762647406E-010
3.2849999999999522E+000	1.0419086751968053E-009
3.2899999999999521E+000	5.8749824479585144E-010
3.2949999999999520E+000	4.0445229020780824E-010
3.2999999999999519E+000	3.0171843507859025E-010
3.3049999999999518E+000	2.5597387177296700E-010
3.3099999999999516E+000	2.3358531154258582E-010
3.3149999999999515E+000	6.5636599554224028E-010
3.3199999999999514E+000	1.0445872921134925E-009
3.3249999999999513E+000	1.3487010768007092E-009
3.3299999999999512E+000	7.6447410168130334E-010
3.3349999999999511E+000	4.8947371619565263E-010
3.3399999999999510E+000	3.4778368486270941E-010
3.3449999999999509E+000	2.8485707980462873E-010
3.3499999999999508E+000	2.5362035045963615E-010
3.3549999999999507E+000	2.3530517837655333E-010
3.3599999999999506E+000	6.5726682594643149E-010
3.3649999999999505E+000	1.0432370160177767E-009
3.3699999999999504E+000	1.3468461432328042E-009
3.3749999999999503E+000	7.6498656232199797E-010
3.3799999999999502E+000	4.9158594911651083E-010
3.3849999999999500E+000	3.5033770224792622E-010
3.3899999999999499E+000	2.8725343700242008E-010
3.3949999999999498E+000	2.5564765928005339E-010
3.3999999999999497E+000	6.7846900936417839E-010
3.4049999999999496E+000	1.0660334797995138E-009
3.4099999999999495E+000	1.3699721691938239E-009
3.4149999999999494E+000	7.8431261395558430E-010
3.4199999999999493E+000	5.0607782002095247E-010
3.4249999999999492E+000	3.6101623142825556E-010
3.4299999999999491E+000	2.9531606726603349E-010
3.4349999999999490E+000	2.6189499617700153E-010
3.4399999999999489E+000	6.8405137167944944E-010
3.4449999999999488E+000	1.0726714419666014E-009
3.4499999999999487E+000	1.3772329170260162E-009
3.4549999999999486E+000	7.9056700920401052E-010
3.4599999999999485E+000	5.1117470848274851E-010
3.4649999999999483E+000	3.6524624541694264E-010
3.4699999999999482E+000	2.9883557414729390E-010
3.4749999999999481E+000	7.1858883741518218E-010
3.4799999999999480E+000	1.1054928826205358E-009
3.4849999999999479E+000	1.4093167674092506E-009
3.4899999999999478E+000	8.1730269876203932E-010
3.4949999999999477E+000	5.3076038640387304E-010
3.4999999999999476E+000	3.7954414972292385E-010
3.5049999999999475E+000	3.0965686685692932E-010
3.5099999999999474E+000	7.2837854006088011E-010
3.5149999999999473E+000	1.1160985059475858E-009
3.5199999999999472E+000	1.4205009042989868E-009
3.5249999999999471E+000	1.6415149303130389E-009
3.5299999999999470E+000	9.4236842465528513E-010
3.5349999999999469E+000	6.0139981535688709E-010
3.5399999999999467E+000	4.2459767362616182E-010
3.5449999999999466E+000	3.4115889684644727E-010
3.5499999999999465E+000	7.5817615812027344E-010
3.5549999999999464E+000	1.1450005425310186E-009
3.5599999999999463E+000	1.4477499276991142E-009
3.5649999999999462E+000	1.6675406062352870E-009
3.5699999999999461E+000	9.6498825610414671E-010
3.5749999999999460E+000	6.1983940321133043E-010
3.5799999999999459E+000	4.3948499507539331E-010
3.5849999999999458E+000	3.5333198158347049E-010
3.5899999999999457E+000	7.6878236476122687E-010
3.5949999999999456E+000	5.1403026216676410E-010
3.5999999999999455E+000	4.0985021803618000E-010
3.6049999999999454E+000	3.1462793704143805E-010
3.6099999999999453E+000	2.6974835504624429E-010
3.6149999999999451E+000	2.4760599073014670E-010
3.6199999999999450E+000	2.3364591731703155E-010
3.6249999999999449E+000	2.2319427117677503E-010
3.6299999999999448E+000	2.1486708830860343E-010
3.6349999999999447E+000	2.0817058060564388E-010
3.6399999999999446E+000	2.0270483551995249E-010
3.6449999999999445E+000	1.9813327081872704E-010
3.6499999999999444E+000	1.9423005797903093E-010
3.6549999999999443E+000	1.9085420323702625E-010
3.6599999999999442E+000	1.8790782413257946E-010
3.6649999999999441E+000	1.8531412137861933E-010
3.6699999999999440E+000	1.8301125821144627E-010
3.6749999999999439E+000	1.8095056701927765E-010
3.6799999999999438E+000	1.7909418304595745E-010
3.6849999999999437E+000	1.7741224563868350E-010
3.6899999999999435E+000	1.7588064179508858E-010
3.6949999999999434E+000	1.7447953923042308E-010
3.6999999999999433E+000	1.7319246077598015E-010
3.7049999999999432E+000	1.7200562750948830E-010
3.7099999999999431E+000	1.7090743824349402E-010
3.7149999999999430E+000	1.6988804925939764E-010
3.7199999999999429E+000	1.6893907162103188E-010
3.7249999999999428E+000	1.6805320178472447E-010
3.7299999999999427E+000	1.6690483433077748E-010
3.7349999999999426E+000	1.6614330275732866E-010
3.7399999999999425E+000	1.6543549125906331E-010
3.7449999999999424E+000	1.6473204032569445E-010
3.7499999999999423E+000	1.6406452370366629E-010
3.7549999999999422E+000	1.6344124736891620E-010
3.7599999999999421E+000	1.6285520196817291E-010
3.7649999999999419E+000	1.6229935800919572E-010
3.7699999999999418E+000	1.6177010128405726E-010
3.7749999999999417E+000	1.6126566772666316E-010
3.7799999999999416E+000	1.6078462928498651E-010
3.7849999999999415E+000	1.6032546587423012E-010
3.7899999999999414E+000	1.5988664870100500E-010
3.7949999999999413E+000	1.5946675213584746E-010
3.7999999999999412E+000	1.5906448233844788E-010
3.8049999999999411E+000	1.5867866210484910E-010
3.8099999999999410E+000	5.6344187455293302E-010
3.8149999999999409E+000	2.8198377531502285E-010
3.8199999999999408E+000	2.2457413066474196E-010
3.8249999999999407E+000	1.8841862230421640E-010
3.8299999999999406E+000	1.7311667870382387E-010
3.8349999999999405E+000	1.6668378179423173E-010
3.8399999999999403E+000	1.6345082361288875E-010
3.8449999999999402E+000	1.6150003779563223E-010
3.8499999999999401E+000	1.6012477427962839E-010
3.8549999999999400E+000	1.5905422854683966E-010
3.8599999999999399E+000	1.5818357619647655E-010
3.8649999999999398E+000	1.5746250819562710E-010
3.8699999999999397E+000	1.5685547392207912E-010
3.8749999999999396E+000	1.5633341655335899E-010
3.8799999999999395E+000	1.5587434939205781E-010
3.8849999999999394E+000	1.5546312252724185E-010
3.8899999999999393E+000	5.6080823082622400E-010
3.8949999999999392E+000	2.7972604755510946E-010
3.8999999999999391E+000	2.2254564929497962E-010
3.9049999999999390E+000	1.8639113778152732E-010
3.9099999999999389E+000	1.7099333150563187E-010
3.9149999999999388E+000	1.6445139151757861E-010
3.9199999999999386E+000	1.6112475443436857E-010
3.9249999999999385E+000	1.5910703813143178E-010
3.9299999999999384E+000	1.5769113501898955E-010
3.9349999999999383E+000	1.5659929612035841E-010
3.9399999999999382E+000	1.5571990918304323E-010
3.9449999999999381E+000	5.6276169640726245E-010
3.9499999999999380E+000	9.2981461958346102E-010
3.9549999999999379E+000	4.8566518963777959E-010
3.9599999999999378E+000	3.2089837257370793E-010
3.9649999999999377E+000	2.3242693268710285E-010
3.9699999999999376E+000	1.9643087713682092E-010
3.9749999999999375E+000	1.8077972844665687E-010
3.9799999999999374E+000	1.7265031259444078E-010
3.9849999999999373E+000	1.6766619284062677E-010
3.9899999999999372E+000	1.6421196765911535E-010
3.9949999999999370E+000	1.6164515472258563E-010
3.9999999999999369E+000	1.5967233210473999E-010
4.0049999999999368E+000	1.5812641356042944E-010
4.0099999999999367E+000	1.5689231790839654E-010
4.0149999999999366E+000	1.5588581142518310E-010
4.0199999999999365E+000	5.6202539085074741E-010
4.0249999999999364E+000	9.2877700287896857E-010
4.0299999999999363E+000	4.8569447441762089E-010
4.0349999999999362E+000	3.2138380369777522E-010
4.0399999999999361E+000	2.3303797018350460E-010
4.0449999999999360E+000	1.9697887268086231E-010
4.0499999999999359E+000	1.8115979959547212E-010
4.0549999999999358E+000	1.7283321182239613E-010
4.0599999999999357E+000	1.6766321724617149E-010
4.0649999999999356E+000	1.6404481579315410E-010
4.0699999999999354E+000	1.6133362266865402E-010
4.0749999999999353E+000	1.5923269539479585E-010
4.0799999999999352E+000	5.6726698176035339E-010
4.0849999999999351E+000	9.3553426801552647E-010
4.0899999999999350E+000	4.9220978454797751E-010
4.0949999999999349E+000	3.2688048867200958E-010
4.0999999999999348E+000	2.3731270103480280E-010
4.1049999999999347E+000	2.0024321637044950E-010
4.1099999999999346E+000	1.8365899330084398E-010
4.1149999999999345E+000	1.7475132910523162E-010
4.1199999999999344E+000	1.6913576500140608E-010
4.1249999999999343E+000	1.6484006507473704E-010
4.1299999999999342E+000	5.7600556827732314E-010
4.1349999999999341E+000	9.4647463444290462E-010
4.1399999999999340E+000	5.0191211332647650E-010
4.1449999999999338E+000	3.3447870451944052E-010
4.1499999999999337E+000	2.4299199913880642E-010
4.1549999999999336E+000	2.0449685390549430E-010
4.1599999999999335E+000	1.8689187329722319E-010
4.1649999999999334E+000	1.7723392964215874E-010
4.1699999999999333E+000	1.7105237372841989E-010
4.1749999999999332E+000	5.8459928375002426E-010
4.1799999999999331E+000	9.5727992076535453E-010
4.1849999999999330E+000	1.2535077941792794E-009
4.1899999999999329E+000	6.8426052463029063E-010
4.1949999999999328E+000	4.2457742740724965E-010
4.1999999999999327E+000	2.9289216250923359E-010
4.2049999999999326E+000	2.3635501208989141E-010
4.2099999999999325E+000	2.0939245972610249E-010
4.2149999999999324E+000	1.9413631590160793E-010
4.2199999999999322E+000	1.8420465810326604E-010
4.2249999999999321E+000	1.7712374341064803E-010
4.2299999999999320E+000	5.8928743267535663E-010
4.2349999999999319E+000	9.6135572141769062E-010
4.2399999999999318E+000	1.2582770700841151E-009
4.2449999999999317E+000	6.9010169137934157E-010
4.2499999999999316E+000	4.3051540823657863E-010
4.2549999999999315E+000	2.9836309226613150E-010
4.2599999999999314E+000	2.4118894922068890E-010
4.2649999999999313E+000	2.1359243279445682E-010
4.2699999999999312E+000	1.9777419167776189E-010
4.2749999999999311E+000	1.8736325477329413E-010
4.2799999999999310E+000	6.0186478379668448E-010
4.2849999999999309E+000	9.7607925562292273E-010
4.2899999999999308E+000	1.2734708319255668E-009
4.2949999999999307E+000	7.0310224427189593E-010
4.2999999999999305E+000	4.4079565379554856E-010
4.3049999999999304E+000	3.0643887610368086E-010
4.3099999999999303E+000	2.4765939507292625E-010
4.3149999999999302E+000	2.1888900240817552E-010
4.3199999999999301E+000	2.0218892109564053E-010
4.3249999999999300E+000	6.1934473985414063E-010
4.3299999999999299E+000	9.9647132194728993E-010
4.3349999999999298E+000	1.2942624069407937E-009
4.3399999999999297E+000	7.2039868980571561E-010
4.3449999999999296E+000	4.5408727617928089E-010
4.3499999999999295E+000	3.1661787079634499E-010
4.3549999999999294E+000	2.5566362815705758E-010
4.3599999999999293E+000	2.2536076137063950E-010
4.3649999999999292E+000	6.4417980300421626E-010
4.3699999999999291E+000	1.0246242432160443E-009
4.3749999999999289E+000	1.3228163702994519E-009
4.3799999999999288E+000	1.5456977003873214E-009
4.3849999999999287E+000	8.6282932284587176E-010
4.3899999999999286E+000	5.3648919209381994E-010
4.3949999999999285E+000	3.6951014552480047E-010
4.3999999999999284E+000	2.9265963491495532E-010
4.4049999999999283E+000	2.5300236568641980E-010
4.4099999999999282E+000	6.7175060435733421E-010
4.4149999999999281E+000	1.0529946994333471E-009
4.4199999999999280E+000	1.3510614901870172E-009
4.4249999999999279E+000	1.5730211630998534E-009
4.4299999999999278E+000	8.8679133169770241E-010
4.4349999999999277E+000	5.5626903879125188E-010
4.4399999999999276E+000	3.8567275146778921E-010
4.4449999999999275E+000	3.0602319680654799E-010
4.4499999999999273E+000	2.6422482969713170E-010
4.4549999999999272E+000	6.8169859172404143E-010
4.4599999999999271E+000	1.0630400497752330E-009
4.4649999999999270E+000	1.3615949826319075E-009
4.4699999999999269E+000	1.5833711369879616E-009
4.4749999999999268E+000	8.9637051575797847E-010
4.4799999999999267E+000	5.6486328751380147E-010
4.4849999999999266E+000	3.9334724159693483E-010
4.4899999999999265E+000	3.1285488454442568E-010
4.4949999999999264E+000	7.2715081804071027E-010
4.4999999999999263E+000	1.1082988984815632E-009
4.5049999999999262E+000	1.4055744887713465E-009
4.5099999999999261E+000	1.6243418242798908E-009
4.5149999999999260E+000	1.7641937334973276E-009
4.5199999999999259E+000	1.0098882480425813E-009
4.5249999999999257E+000	6.3980599837687596E-010
4.5299999999999256E+000	4.4527763297347486E-010
4.5349999999999255E+000	3.5049504031819680E-010
4.5399999999999254E+000	7.6178355887762527E-010
4.5449999999999253E+000	1.1424353398650957E-009
4.5499999999999252E+000	1.4386076333462800E-009
4.5549999999999251E+000	1.6555585710203695E-009
4.5599999999999250E+000	1.7931950731976550E-009
4.5649999999999249E+000	1.8856043848907855E-009
4.5699999999999248E+000	1.0971653419748114E-009
4.5749999999999247E+000	7.0269283265250888E-010
4.5799999999999246E+000	4.9139060178329085E-010
4.5849999999999245E+000	8.8091230093958755E-010
4.5899999999999244E+000	1.2487220010878896E-009
4.5949999999999243E+000	1.5346214549022965E-009
4.5999999999999241E+000	1.7428310690238021E-009

 
