Grouping:surfaceEnergy J432
# x 	 y
0.0000000000000000E+000	7.8315963124935273E-003
5.0000000000000001E-003	7.8293863878635683E-003
1.0000000000000000E-002	7.8079105271009475E-003
1.4999999999999999E-002	7.7612884314404162E-003
2.0000000000000000E-002	7.6954420896355735E-003
2.5000000000000001E-002	7.6126650076622226E-003
3.0000000000000002E-002	7.5149803079144206E-003
3.5000000000000003E-002	7.4042183840652420E-003
4.0000000000000001E-002	7.2820416192382886E-003
4.4999999999999998E-002	7.1499662292837662E-003
4.9999999999999996E-002	7.0093845649967790E-003
5.4999999999999993E-002	6.8615772724682778E-003
5.9999999999999991E-002	6.7077236934811602E-003
6.4999999999999988E-002	6.5489138280581116E-003
6.9999999999999993E-002	6.3861675768634996E-003
7.4999999999999997E-002	6.2204784195785123E-003
8.0000000000000002E-002	6.0529494947600959E-003
8.5000000000000006E-002	5.8853894004831098E-003
9.0000000000000011E-002	5.7261467171381142E-003
9.5000000000000015E-002	5.5559302318273218E-003
1.0000000000000002E-001	5.3851977291570208E-003
1.0500000000000002E-001	5.2152766096562608E-003
1.1000000000000003E-001	5.0504526658889937E-003
1.1500000000000003E-001	4.8861677407998627E-003
1.2000000000000004E-001	4.7189119594621687E-003
1.2500000000000003E-001	4.5544303859981206E-003
1.3000000000000003E-001	4.3930957866615827E-003
1.3500000000000004E-001	4.2349966136376871E-003
1.4000000000000004E-001	4.0802107442390323E-003
1.4500000000000005E-001	3.9288266105730330E-003
1.5000000000000005E-001	3.7809354471041168E-003
1.5500000000000005E-001	3.6366229463249411E-003
1.6000000000000006E-001	3.4959639901774864E-003
1.6500000000000006E-001	3.3590199859214742E-003
1.7000000000000007E-001	3.2258378535869880E-003
1.7500000000000007E-001	3.0964499709771331E-003
1.8000000000000008E-001	2.9708742960714574E-003
1.8500000000000008E-001	2.8491159764305607E-003
1.9000000000000009E-001	2.7311674926036034E-003
1.9500000000000009E-001	2.6170109617873472E-003
2.0000000000000009E-001	2.5068159566350445E-003
2.0500000000000010E-001	2.4003472197233755E-003
2.1000000000000010E-001	2.2975596412670996E-003
2.1500000000000011E-001	2.1983653214761034E-003
2.2000000000000011E-001	2.1027266248787591E-003
2.2500000000000012E-001	2.0105858887649042E-003
2.3000000000000012E-001	1.9218760774073473E-003
2.3500000000000013E-001	1.8365226240275589E-003
2.4000000000000013E-001	1.7544425545468201E-003
2.4500000000000013E-001	1.6755363808429458E-003
2.5000000000000011E-001	1.5996794732462405E-003
2.5500000000000012E-001	1.5256438847615073E-003
2.6000000000000012E-001	1.4539610723662832E-003
2.6500000000000012E-001	1.3872000294155029E-003
2.7000000000000013E-001	1.3232081994178913E-003
2.7500000000000013E-001	1.2619011979273509E-003
2.8000000000000014E-001	1.2031970546573234E-003
2.8500000000000014E-001	1.1470122226220347E-003
2.9000000000000015E-001	1.0932636016098840E-003
2.9500000000000015E-001	1.0418664962283941E-003
3.0000000000000016E-001	9.9274003907146025E-004
3.0500000000000016E-001	9.4580331146421059E-004
3.1000000000000016E-001	9.0097641221920099E-004
3.1500000000000017E-001	8.5818159882933287E-004
3.2000000000000017E-001	8.1734066535421590E-004
3.2500000000000018E-001	7.7837969593108625E-004
3.3000000000000018E-001	7.4122532607656666E-004
3.3500000000000019E-001	7.0572149741732204E-004
3.4000000000000019E-001	6.7189419896340752E-004
3.4500000000000020E-001	6.3966402501725028E-004
3.5000000000000020E-001	6.0896525637188503E-004
3.5500000000000020E-001	5.7973510737951983E-004
3.6000000000000021E-001	5.5191211314919997E-004
3.6500000000000021E-001	5.2543502890589622E-004
3.7000000000000022E-001	5.0024650022661987E-004
3.7500000000000022E-001	4.7629030563989261E-004
3.8000000000000023E-001	4.5351198484500088E-004
3.8500000000000023E-001	4.3186037581888215E-004
3.9000000000000024E-001	4.1128371600063218E-004
3.9500000000000024E-001	3.9173437092765440E-004
4.0000000000000024E-001	3.7316555693678310E-004
4.0500000000000025E-001	3.5553260409360021E-004
4.1000000000000025E-001	3.3879079141696522E-004
4.1500000000000026E-001	3.2289979808153291E-004
4.2000000000000026E-001	3.0781972407645242E-004
4.2500000000000027E-001	2.9351210386785453E-004
4.3000000000000027E-001	2.7994014667465095E-004
4.3500000000000028E-001	2.6706869085613150E-004
4.4000000000000028E-001	2.5485996768193075E-004
4.4500000000000028E-001	2.4326708710686873E-004
4.5000000000000029E-001	2.3213845022240776E-004
4.5500000000000029E-001	2.1949430838974493E-004
4.6000000000000030E-001	2.0823881015896717E-004
4.6500000000000030E-001	1.9900637020953127E-004
4.7000000000000031E-001	1.9026573438063465E-004
4.7500000000000031E-001	1.8199080392733435E-004
4.8000000000000032E-001	1.7415919868124519E-004
4.8500000000000032E-001	1.6674846729136661E-004
4.9000000000000032E-001	1.5973706407468313E-004
4.9500000000000033E-001	1.5310461523965202E-004
5.0000000000000033E-001	1.4683220122835294E-004
5.0500000000000034E-001	1.4089997112343156E-004
5.1000000000000034E-001	1.3529135828216354E-004
5.1500000000000035E-001	1.2998950965581457E-004
5.2000000000000035E-001	1.2497827455604238E-004
5.2500000000000036E-001	1.2024245863084815E-004
5.3000000000000036E-001	1.1576762546816610E-004
5.3500000000000036E-001	1.1154052632900147E-004
5.4000000000000037E-001	1.0754670580492842E-004
5.4500000000000037E-001	1.0377479159506819E-004
5.5000000000000038E-001	1.0021293047302038E-004
5.5500000000000038E-001	9.6849749543714836E-005
5.6000000000000039E-001	9.3674609826788213E-005
5.6500000000000039E-001	9.0677886526613349E-005
5.7000000000000040E-001	8.7848718764771405E-005
5.7500000000000040E-001	8.5178999361446017E-005
5.8000000000000040E-001	8.2660023736913502E-005
5.8500000000000041E-001	8.0283437472683516E-005
5.9000000000000041E-001	7.8041480835011612E-005
5.9500000000000042E-001	7.5926813653648395E-005
6.0000000000000042E-001	7.3932454716540974E-005
6.0500000000000043E-001	7.2052249278087288E-005
6.1000000000000043E-001	7.0278641778109829E-005
6.1500000000000044E-001	6.8606684478389468E-005
6.2000000000000044E-001	6.7030702284309740E-005
6.2500000000000044E-001	6.5545224225527221E-005
6.3000000000000045E-001	6.4145219324629466E-005
6.3500000000000045E-001	6.2825937433785839E-005
6.4000000000000046E-001	6.1583288079702925E-005
6.4500000000000046E-001	6.0411823047168411E-005
6.5000000000000047E-001	5.9308427040605238E-005
6.5500000000000047E-001	5.8269213789596819E-005
6.6000000000000048E-001	5.7290418522537578E-005
6.6500000000000048E-001	5.6368629668845927E-005
6.7000000000000048E-001	5.5500636070515696E-005
6.7500000000000049E-001	5.4683381799591757E-005
6.8000000000000049E-001	5.3913972605013072E-005
6.8500000000000050E-001	5.3190103594058513E-005
6.9000000000000050E-001	5.2508019204200451E-005
6.9500000000000051E-001	5.1866196092209549E-005
7.0000000000000051E-001	5.1262282295461148E-005
7.0500000000000052E-001	5.0693973454585262E-005
7.1000000000000052E-001	5.0159228729640404E-005
7.1500000000000052E-001	4.9656131634989720E-005
7.2000000000000053E-001	4.9183243039152558E-005
7.2500000000000053E-001	4.8737764402506656E-005
7.3000000000000054E-001	4.8318909869227156E-005
7.3500000000000054E-001	4.7925083859201578E-005
7.4000000000000055E-001	4.7554699081686636E-005
7.4500000000000055E-001	4.7206394223398007E-005
7.5000000000000056E-001	4.6878898681601555E-005
7.5500000000000056E-001	4.6570995317463115E-005
7.6000000000000056E-001	4.6281531004943588E-005
7.6500000000000057E-001	4.6009810140912322E-005
7.7000000000000057E-001	4.5753764116973628E-005
7.7500000000000058E-001	4.5513192994839358E-005
7.8000000000000058E-001	4.5287073206168316E-005
7.8500000000000059E-001	4.5074501538788780E-005
7.9000000000000059E-001	4.4874607437961345E-005
7.9500000000000060E-001	4.4687016716338235E-005
8.0000000000000060E-001	4.4510148142773431E-005
8.0500000000000060E-001	4.4344089899617245E-005
8.1000000000000061E-001	4.4188159011859796E-005
8.1500000000000061E-001	4.4041632287772359E-005
8.2000000000000062E-001	4.3903953963919662E-005
8.2500000000000062E-001	4.3774615046565657E-005
8.3000000000000063E-001	4.3653075588956369E-005
8.3500000000000063E-001	4.3538862738223827E-005
8.4000000000000064E-001	4.3431896958878724E-005
8.4500000000000064E-001	4.3330895102666744E-005
8.5000000000000064E-001	4.3236233645771449E-005
8.5500000000000065E-001	4.3147432324808221E-005
8.6000000000000065E-001	4.3064018905081269E-005
8.6500000000000066E-001	4.2985677818130341E-005
8.7000000000000066E-001	4.2912429143449060E-005
8.7500000000000067E-001	4.2843080341192774E-005
8.8000000000000067E-001	4.2778085942440924E-005
8.8500000000000068E-001	4.2717153465154922E-005
8.9000000000000068E-001	4.2659881506423858E-005
8.9500000000000068E-001	4.2606050436599929E-005
9.0000000000000069E-001	4.2555498511731571E-005
9.0500000000000069E-001	4.2508037461086445E-005
9.1000000000000070E-001	4.2463478435283974E-005
9.1500000000000070E-001	4.2421647610257907E-005
9.2000000000000071E-001	4.2382664422913052E-005
9.2500000000000071E-001	4.2345592264680931E-005
9.3000000000000071E-001	4.2311000225669915E-005
9.3500000000000072E-001	4.2278634633241552E-005
9.4000000000000072E-001	4.2248248225629226E-005
9.4500000000000073E-001	4.2219729288195396E-005
9.5000000000000073E-001	4.2193316208471998E-005
9.5500000000000074E-001	4.2167956548766483E-005
9.6000000000000074E-001	4.2144197676119433E-005
9.6500000000000075E-001	4.2121971711495121E-005
9.7000000000000075E-001	4.2101096799473936E-005
9.7500000000000075E-001	4.2081493086154609E-005
9.8000000000000076E-001	4.2063098459443893E-005
9.8500000000000076E-001	4.2045841174509491E-005
9.9000000000000077E-001	4.2029649214292419E-005
9.9500000000000077E-001	4.2014456963723745E-005
1.0000000000000007E+000	4.2000199781178083E-005
1.0050000000000006E+000	4.1987088700068398E-005
1.0100000000000005E+000	4.1974354668017355E-005
1.0150000000000003E+000	4.1962627307601252E-005
1.0200000000000002E+000	4.1951738085188595E-005
1.0250000000000001E+000	4.1941547661128453E-005
1.0300000000000000E+000	4.1932012553314024E-005
1.0349999999999999E+000	4.1923226995255192E-005
1.0399999999999998E+000	4.1914634810069629E-005
1.0449999999999997E+000	4.1906722530793417E-005
1.0499999999999996E+000	4.1899354334518080E-005
1.0549999999999995E+000	4.1892461262627023E-005
1.0599999999999994E+000	4.1886031089788389E-005
1.0649999999999993E+000	4.1880041773634247E-005
1.0699999999999992E+000	4.1874476778502867E-005
1.0749999999999991E+000	4.1869312207509779E-005
1.0799999999999990E+000	4.1864529506607795E-005
1.0849999999999989E+000	4.1860110642666370E-005
1.0899999999999987E+000	4.1856037740650720E-005
1.0949999999999986E+000	4.1852294502042753E-005
1.0999999999999985E+000	4.1849079833955471E-005
1.1049999999999984E+000	4.1846012124313603E-005
1.1099999999999983E+000	4.1843003183217320E-005
1.1149999999999982E+000	4.1840465385689640E-005
1.1199999999999981E+000	4.1838259271731459E-005
1.1249999999999980E+000	4.1836299271125199E-005
1.1299999999999979E+000	4.1834731121070945E-005
1.1349999999999978E+000	4.1832995832713493E-005
1.1399999999999977E+000	4.1831604210340601E-005
1.1449999999999976E+000	4.1830448074264837E-005
1.1499999999999975E+000	4.1829477353427791E-005
1.1549999999999974E+000	4.1828697359136413E-005
1.1599999999999973E+000	4.1828107903096878E-005
1.1649999999999971E+000	4.1827700708374493E-005
1.1699999999999970E+000	4.1827467553545716E-005
1.1749999999999969E+000	4.1827402070815367E-005
1.1799999999999968E+000	4.1827498385771378E-005
1.1849999999999967E+000	4.1827750791423313E-005
1.1899999999999966E+000	4.1828153455103489E-005
1.1949999999999965E+000	4.1828701540680413E-005
1.1999999999999964E+000	4.1829390407421840E-005
1.2049999999999963E+000	4.1830215792959535E-005
1.2099999999999962E+000	4.1831342788345438E-005
1.2149999999999961E+000	4.1832484387605007E-005
1.2199999999999960E+000	4.1833778098521179E-005
1.2249999999999959E+000	4.1835072646101423E-005
1.2299999999999958E+000	4.1836451917021122E-005
1.2349999999999957E+000	4.1837988495885270E-005
1.2399999999999956E+000	4.1839642488383788E-005
1.2449999999999954E+000	4.1841410197918094E-005
1.2499999999999953E+000	4.1843295507604239E-005
1.2549999999999952E+000	4.1845295919884506E-005
1.2599999999999951E+000	4.1847406902828510E-005
1.2649999999999950E+000	4.1849625086243236E-005
1.2699999999999949E+000	4.1851948086257806E-005
1.2749999999999948E+000	4.1854373820537916E-005
1.2799999999999947E+000	4.1856900364845018E-005
1.2849999999999946E+000	4.1859526023646509E-005
1.2899999999999945E+000	4.1862384550839238E-005
1.2949999999999944E+000	4.1865252605521874E-005
1.2999999999999943E+000	4.1868243469522781E-005
1.3049999999999942E+000	4.1871236065471606E-005
1.3099999999999941E+000	4.1874270940489566E-005
1.3149999999999940E+000	4.1877436458559458E-005
1.3199999999999938E+000	4.1880697957630275E-005
1.3249999999999937E+000	4.1884051589224924E-005
1.3299999999999936E+000	4.1887501870618848E-005
1.3349999999999935E+000	4.1891047855902031E-005
1.3399999999999934E+000	4.1894684851939701E-005
1.3449999999999933E+000	4.1898412061147638E-005
1.3499999999999932E+000	4.1902228276047282E-005
1.3549999999999931E+000	4.1906132334901258E-005
1.3599999999999930E+000	4.1910123214083939E-005
1.3649999999999929E+000	4.1914200006765157E-005
1.3699999999999928E+000	4.1918361954440542E-005
1.3749999999999927E+000	4.1922608393196725E-005
1.3799999999999926E+000	4.1926938728842345E-005
1.3849999999999925E+000	4.1931352456447968E-005
1.3899999999999924E+000	4.1935945962023879E-005
1.3949999999999922E+000	4.1940562903075573E-005
1.3999999999999921E+000	4.1945290035094729E-005
1.4049999999999920E+000	4.1950037672044971E-005
1.4099999999999919E+000	4.1954799343546512E-005
1.4149999999999918E+000	4.1959677489877834E-005
1.4199999999999917E+000	4.1964641641634159E-005
1.4249999999999916E+000	4.1969750937731476E-005
1.4299999999999915E+000	4.1975001529692690E-005
1.4349999999999914E+000	4.1980350071746386E-005
1.4399999999999913E+000	4.1985782472053756E-005
1.4449999999999912E+000	4.1991297156318552E-005
1.4499999999999911E+000	4.1996893190621165E-005
1.4549999999999910E+000	4.2002569211163632E-005
1.4599999999999909E+000	4.2008324025122334E-005
1.4649999999999908E+000	4.2014156718561679E-005
1.4699999999999906E+000	4.2020066632009190E-005
1.4749999999999905E+000	4.2026053205912461E-005
1.4799999999999904E+000	4.2032211884368564E-005
1.4849999999999903E+000	4.2038405067224005E-005
1.4899999999999902E+000	4.2044624149806253E-005
1.4949999999999901E+000	4.2050870473264723E-005
1.4999999999999900E+000	4.2057205806855791E-005
1.5049999999999899E+000	4.2063627601063303E-005
1.5049999999999899E+000	5.0194868393305114E-005
1.5099999999999898E+000	4.9399901797642087E-005
1.5149999999999897E+000	4.8471413195194657E-005
1.5199999999999896E+000	4.7703823409239732E-005
1.5249999999999895E+000	4.7074991894824336E-005
1.5299999999999894E+000	4.6545309542178614E-005
1.5349999999999893E+000	4.6086629475805552E-005
1.5399999999999892E+000	4.5681665823416040E-005
1.5449999999999890E+000	4.5320472249699151E-005
1.5499999999999889E+000	4.4996845940836749E-005
1.5549999999999888E+000	4.4706507901004500E-005
1.5599999999999887E+000	4.4446138037557148E-005
1.5649999999999886E+000	4.4212923675956972E-005
1.5699999999999885E+000	4.4004357444560327E-005
1.5749999999999884E+000	4.3818146063578922E-005
1.5799999999999883E+000	4.3652170280239488E-005
1.5849999999999882E+000	4.3504469790622835E-005
1.5899999999999881E+000	4.3373237279098475E-005
1.5949999999999880E+000	4.3256814537873112E-005
1.5999999999999879E+000	4.3153687740105084E-005
1.6049999999999878E+000	4.3062444321950721E-005
1.6099999999999877E+000	4.2981763305416365E-005
1.6149999999999876E+000	4.2910641329108046E-005
1.6199999999999875E+000	4.2848054915278766E-005
1.6249999999999873E+000	4.2793088876891261E-005
1.6299999999999872E+000	4.2744987803100543E-005
1.6349999999999871E+000	4.2702992248511151E-005
1.6399999999999870E+000	4.2666491216980518E-005
1.6449999999999869E+000	4.2634856685985767E-005
1.6499999999999868E+000	4.2607562527496867E-005
1.6549999999999867E+000	4.2583891316283484E-005
1.6599999999999866E+000	4.2563810955797976E-005
1.6649999999999865E+000	4.2547333674924914E-005
1.6699999999999864E+000	4.2533680884027092E-005
1.6749999999999863E+000	4.2522277975631795E-005
1.6799999999999862E+000	4.2512882689305087E-005
1.6849999999999861E+000	4.2505464699971185E-005
1.6899999999999860E+000	4.2499809948637335E-005
1.6949999999999859E+000	4.2495710607326487E-005
1.6999999999999857E+000	4.2493049832614815E-005
1.7049999999999856E+000	4.2491633972296938E-005
1.7099999999999855E+000	4.2491417659995534E-005
1.7149999999999854E+000	4.2492217042333635E-005
1.7199999999999853E+000	4.2493918325892110E-005
1.7249999999999852E+000	4.2496432755001479E-005
1.7299999999999851E+000	4.2499678030161192E-005
1.7349999999999850E+000	4.2503578596697622E-005
1.7399999999999849E+000	4.2508038918587232E-005
1.7449999999999848E+000	4.2512918628112573E-005
1.7499999999999847E+000	4.2518273957181663E-005
1.7549999999999846E+000	4.2524060728243995E-005
1.7599999999999845E+000	4.2530226409098759E-005
1.7649999999999844E+000	4.2536736184484170E-005
1.7699999999999843E+000	4.2543559993113433E-005
1.7749999999999841E+000	4.2550669816510123E-005
1.7799999999999840E+000	4.2558069509812668E-005
1.7849999999999839E+000	4.2565723590737292E-005
1.7899999999999838E+000	4.2573657201838699E-005
1.7949999999999837E+000	4.2581804995833750E-005
1.7999999999999836E+000	4.2590140680864863E-005
1.8049999999999835E+000	4.2598641361468736E-005
1.8099999999999834E+000	4.2607194048027708E-005
1.8149999999999833E+000	4.2615898404374519E-005
1.8199999999999832E+000	4.2624730418161505E-005
1.8249999999999831E+000	4.2633665519709041E-005
1.8299999999999830E+000	4.2642705924578195E-005
1.8349999999999829E+000	4.2651848067620790E-005
1.8399999999999828E+000	4.2661086796957903E-005
1.8449999999999827E+000	4.2670416783963105E-005
1.8499999999999825E+000	4.2679832906067361E-005
1.8549999999999824E+000	4.2689330570055972E-005
1.8599999999999823E+000	4.2698905620142114E-005
1.8649999999999822E+000	4.2708554251369435E-005
1.8699999999999821E+000	4.2718272885267083E-005
1.8749999999999820E+000	4.2728058318175499E-005
1.8799999999999819E+000	4.2737907699041955E-005
1.8849999999999818E+000	4.2747818455257658E-005
1.8899999999999817E+000	4.2757788345060277E-005
1.8949999999999816E+000	4.2767815327859893E-005
1.8999999999999815E+000	4.2777897509171936E-005
1.9049999999999814E+000	4.2788033150831239E-005
1.9099999999999813E+000	4.2798220748263560E-005
1.9149999999999812E+000	4.2808458944332273E-005
1.9199999999999811E+000	4.2818746436523725E-005
1.9249999999999809E+000	4.2829082019579801E-005
1.9299999999999808E+000	4.2839464609478739E-005
1.9349999999999807E+000	4.2849893230112457E-005
1.9399999999999806E+000	4.2860367016839263E-005
1.9449999999999805E+000	4.2870885128554193E-005
1.9499999999999804E+000	4.2881446628673103E-005
1.9549999999999803E+000	4.2892050804876902E-005
1.9599999999999802E+000	4.2902696993696310E-005
1.9649999999999801E+000	4.2913384578291414E-005
1.9699999999999800E+000	4.2924112999997988E-005
1.9749999999999799E+000	4.2934881653078349E-005
1.9799999999999798E+000	4.2945689958440170E-005
1.9849999999999797E+000	4.2956537351646062E-005
1.9899999999999796E+000	4.2967423242057379E-005
1.9949999999999795E+000	4.2978347060795841E-005
1.9999999999999793E+000	4.2989308270069415E-005
2.0049999999999795E+000	4.3000306411578038E-005
2.0099999999999794E+000	4.3011341054111085E-005
2.0149999999999793E+000	4.3022411825965889E-005
2.0199999999999791E+000	4.3033518343005284E-005
2.0249999999999790E+000	4.3044660247293365E-005
2.0299999999999789E+000	4.3055837187555568E-005
2.0349999999999788E+000	4.3067048852041268E-005
2.0399999999999787E+000	4.3078294825527053E-005
2.0449999999999786E+000	4.3089574725208024E-005
2.0499999999999785E+000	4.3100888196700993E-005
2.0549999999999784E+000	4.3112234869191468E-005
2.0599999999999783E+000	4.3123614356765927E-005
2.0649999999999782E+000	4.3135026305041180E-005
2.0699999999999781E+000	4.3146470363186751E-005
2.0749999999999780E+000	4.3157946203908892E-005
2.0799999999999779E+000	4.3169453622038390E-005
2.0849999999999778E+000	4.3180992558511377E-005
2.0899999999999777E+000	4.3192562875660201E-005
2.0949999999999775E+000	4.3204164394072819E-005
2.0999999999999774E+000	4.3215796939222173E-005
2.1049999999999773E+000	4.3227460381434213E-005
2.1099999999999772E+000	4.3239154468022178E-005
2.1149999999999771E+000	4.3250878925871206E-005
2.1199999999999770E+000	4.3262633496521374E-005
2.1249999999999769E+000	4.3274417758976114E-005
2.1299999999999768E+000	4.3286231297567923E-005
2.1349999999999767E+000	4.3298073755693167E-005
2.1399999999999766E+000	4.3309944782077281E-005
2.1449999999999765E+000	4.3321844058308301E-005
2.1499999999999764E+000	4.3333771297504597E-005
2.1549999999999763E+000	4.3345726238985804E-005
2.1599999999999762E+000	4.3357609270433528E-005
2.1649999999999761E+000	4.3369462549680549E-005
2.1699999999999759E+000	4.3381331876979345E-005
2.1749999999999758E+000	4.3393226520915817E-005
2.1799999999999757E+000	4.3405146384234428E-005
2.1849999999999756E+000	4.3417091311503953E-005
2.1899999999999755E+000	4.3429061498567734E-005
2.1949999999999754E+000	4.3441057005377814E-005
2.1999999999999753E+000	4.3453077758215386E-005
2.2049999999999752E+000	4.3465123553243501E-005
2.2099999999999751E+000	4.3477194071162018E-005
2.2149999999999750E+000	4.3489289013098897E-005
2.2199999999999749E+000	4.3501408111268347E-005
2.2249999999999748E+000	4.3513551121421301E-005
2.2299999999999747E+000	4.3525717783765572E-005
2.2349999999999746E+000	4.3537907840285328E-005
2.2399999999999745E+000	4.3550121038293810E-005
2.2449999999999743E+000	4.3562357149085074E-005
2.2499999999999742E+000	4.3574615954611318E-005
2.2549999999999741E+000	4.3586897233272026E-005
2.2599999999999740E+000	4.3599200777677538E-005
2.2649999999999739E+000	4.3611526363118713E-005
2.2699999999999738E+000	4.3623873775544553E-005
2.2749999999999737E+000	4.3636242806677217E-005
2.2799999999999736E+000	4.3648633238912993E-005
2.2849999999999735E+000	4.3661044850651365E-005
2.2899999999999734E+000	4.3673477430061780E-005
2.2949999999999733E+000	4.3685930771086845E-005
2.2999999999999732E+000	4.3698404664560542E-005
2.3049999999999731E+000	4.3710898905313655E-005
2.3099999999999730E+000	4.3723413282847901E-005
2.3149999999999729E+000	4.3735947594214508E-005
2.3199999999999728E+000	4.3748501628027014E-005
2.3249999999999726E+000	4.3761075181780740E-005
2.3299999999999725E+000	4.3773668052526915E-005
2.3349999999999724E+000	4.3786280024882274E-005
2.3399999999999723E+000	4.3798910901671206E-005
2.3449999999999722E+000	4.3811560474615874E-005
2.3499999999999721E+000	4.3824299670536249E-005
2.3549999999999720E+000	4.3837100204058288E-005
2.3599999999999719E+000	4.3849926795846983E-005
2.3649999999999718E+000	4.3862771619718188E-005
2.3699999999999717E+000	4.3875634453627299E-005
2.3749999999999716E+000	4.3888515169676623E-005
2.3799999999999715E+000	4.3901413323332861E-005
2.3849999999999714E+000	4.3914329820093911E-005
2.3899999999999713E+000	4.3927265879428745E-005
2.3949999999999712E+000	4.3940219597082830E-005
2.3999999999999710E+000	4.3953189814871507E-005
2.4049999999999709E+000	4.3966176112686384E-005
2.4099999999999708E+000	4.3979178482977943E-005
2.4149999999999707E+000	4.3992196882669532E-005
2.4199999999999706E+000	4.4005231150556767E-005
2.4249999999999705E+000	4.4018281114333035E-005
2.4299999999999704E+000	4.4031346613238043E-005
2.4349999999999703E+000	4.4044427500722350E-005
2.4399999999999702E+000	4.4057523627127892E-005
2.4449999999999701E+000	4.4070634845461143E-005
2.4499999999999700E+000	4.4083761000290878E-005
2.4549999999999699E+000	4.4096901935297694E-005
2.4599999999999698E+000	4.4110057494162191E-005
2.4649999999999697E+000	4.4123227524117681E-005
2.4699999999999696E+000	4.4136411863515690E-005
2.4749999999999694E+000	4.4149610365806780E-005
2.4799999999999693E+000	4.4162822868010210E-005
2.4849999999999692E+000	4.4176049216027025E-005
2.4899999999999691E+000	4.4189289257534625E-005
2.4949999999999690E+000	4.4202542838878145E-005
2.4999999999999689E+000	4.4215809811731788E-005
2.5049999999999688E+000	4.4229090021108419E-005
2.5099999999999687E+000	4.4242383323567225E-005
2.5149999999999686E+000	4.4255689571226497E-005
2.5199999999999685E+000	4.4269008611763638E-005
2.5249999999999684E+000	4.4282340303958279E-005
2.5299999999999683E+000	4.4295684503037336E-005
2.5349999999999682E+000	4.4309041065115906E-005
2.5399999999999681E+000	4.4322409847641353E-005
2.5449999999999680E+000	4.4335790707616951E-005
2.5499999999999678E+000	4.4349183505598688E-005
2.5549999999999677E+000	4.4362588104807088E-005
2.5599999999999676E+000	4.4376004371127209E-005
2.5649999999999675E+000	4.4389432169111842E-005
2.5699999999999674E+000	4.4402871363757868E-005
2.5749999999999673E+000	4.4416321823614879E-005
2.5799999999999672E+000	4.4429783414567936E-005
2.5849999999999671E+000	4.4443256010051613E-005
2.5899999999999670E+000	4.4456739475950968E-005
2.5949999999999669E+000	4.4470233687476934E-005
2.5999999999999668E+000	4.4483738514511373E-005
2.6049999999999667E+000	4.4497253832265216E-005
2.6099999999999666E+000	4.4510779518169841E-005
2.6149999999999665E+000	4.4524315446103913E-005
2.6199999999999664E+000	4.4537855913517888E-005
2.6249999999999662E+000	4.4551404271953032E-005
2.6299999999999661E+000	4.4564961866111474E-005
2.6349999999999660E+000	4.4578529394101452E-005
2.6399999999999659E+000	4.4592106940744003E-005
2.6449999999999658E+000	4.4605694199617574E-005
2.6499999999999657E+000	4.4619290919367671E-005
2.6549999999999656E+000	4.4632896978313852E-005
2.6599999999999655E+000	4.4646512272539240E-005
2.6649999999999654E+000	4.4660136687468821E-005
2.6699999999999653E+000	4.4673770093428544E-005
2.6749999999999652E+000	4.4687412358968004E-005
2.6799999999999651E+000	4.4701063368179916E-005
2.6849999999999650E+000	4.4714723008709711E-005
2.6899999999999649E+000	4.4728391164650105E-005
2.6949999999999648E+000	4.4742067709879763E-005
2.6999999999999647E+000	4.4755752016900630E-005
2.7049999999999645E+000	4.4769444489389798E-005
2.7099999999999644E+000	4.4783145034088534E-005
2.7149999999999643E+000	4.4796853541750892E-005
2.7199999999999642E+000	4.4810569907127729E-005
2.7249999999999641E+000	4.4824294024969902E-005
2.7299999999999640E+000	4.4838025794913250E-005
2.7349999999999639E+000	4.4851765125475396E-005
2.7399999999999638E+000	4.4865511916292178E-005
2.7449999999999637E+000	4.4879266062558543E-005
2.7499999999999636E+000	4.4893027471903935E-005
2.7549999999999635E+000	4.4906796047072817E-005
2.7599999999999634E+000	4.4920571704132328E-005
2.7649999999999633E+000	4.4934354349379646E-005
2.7699999999999632E+000	4.4948143903322801E-005
2.7749999999999631E+000	4.4961940278032131E-005
2.7799999999999629E+000	4.4975743394015666E-005
2.7849999999999628E+000	4.4989553160679208E-005
2.7899999999999627E+000	4.5003369498530787E-005
2.7949999999999626E+000	4.5017192324081634E-005
2.7999999999999625E+000	4.5031021559616136E-005
2.8049999999999624E+000	4.5044857130527305E-005
2.8099999999999623E+000	4.5058698955990906E-005
2.8149999999999622E+000	4.5072546959179505E-005
2.8199999999999621E+000	4.5086401061933401E-005
2.8249999999999620E+000	4.5100261185648804E-005
2.8299999999999619E+000	4.5114127250833747E-005
2.8349999999999618E+000	4.5127999189986667E-005
2.8399999999999617E+000	4.5141876915621992E-005
2.8449999999999616E+000	4.5155760364679054E-005
2.8499999999999615E+000	4.5169652348242550E-005
2.8549999999999613E+000	4.5183552499050705E-005
2.8599999999999612E+000	4.5197459068724299E-005
2.8649999999999611E+000	4.5211371022535474E-005
2.8699999999999610E+000	4.5225288042516354E-005
2.8749999999999609E+000	4.5239210226366566E-005
2.8799999999999608E+000	4.5253137626932727E-005
2.8849999999999607E+000	4.5267070174936919E-005
2.8899999999999606E+000	4.5281007766018178E-005
2.8949999999999605E+000	4.5294950339336282E-005
2.8999999999999604E+000	4.5308897851814578E-005
2.9049999999999603E+000	4.5322850251494629E-005
2.9099999999999602E+000	4.5336807481088925E-005
2.9149999999999601E+000	4.5350769497520815E-005
2.9199999999999600E+000	4.5364736253716842E-005
2.9249999999999599E+000	4.5378707690169051E-005
2.9299999999999597E+000	4.5392683759359898E-005
2.9349999999999596E+000	4.5406664412883657E-005
2.9399999999999595E+000	4.5420649597893714E-005
2.9449999999999594E+000	4.5434639260655274E-005
2.9499999999999593E+000	4.5448633349209899E-005
2.9549999999999592E+000	4.5462631811599152E-005
2.9599999999999591E+000	4.5476634600305488E-005
2.9649999999999590E+000	4.5490641663370468E-005
2.9699999999999589E+000	4.5504652951056102E-005
2.9749999999999588E+000	4.5518668410959862E-005
2.9799999999999587E+000	4.5532687992455578E-005
2.9849999999999586E+000	4.5546711645361171E-005
2.9899999999999585E+000	4.5560739321270916E-005
2.9949999999999584E+000	4.5574770965561839E-005
2.9999999999999583E+000	4.5588806522722791E-005
3.0049999999999581E+000	4.5602845927472657E-005
3.0099999999999580E+000	4.5616889128297089E-005
3.0149999999999579E+000	4.5630936044371850E-005
3.0199999999999578E+000	4.5644986618409433E-005
3.0249999999999577E+000	4.5659040780243743E-005
3.0249999999999577E+000	5.1499421862999384E-005
3.0299999999999576E+000	5.0936317510963391E-005
3.0349999999999575E+000	5.0242890454743616E-005
3.0399999999999574E+000	4.9690082073450270E-005
3.0449999999999573E+000	4.9250867427907963E-005
3.0499999999999572E+000	4.8886152868909960E-005
3.0549999999999571E+000	4.8570869635167213E-005
3.0599999999999570E+000	4.8291503253139467E-005
3.0649999999999569E+000	4.8041111101682077E-005
3.0699999999999568E+000	4.7815911786486254E-005
3.0749999999999567E+000	4.7613499840615248E-005
3.0799999999999566E+000	4.7432029784744145E-005
3.0849999999999564E+000	4.7269878708622315E-005
3.0899999999999563E+000	4.7125517199653189E-005
3.0949999999999562E+000	4.6997466870646321E-005
3.0999999999999561E+000	4.6884297452365331E-005
3.1049999999999560E+000	4.6784638452646021E-005
3.1099999999999559E+000	4.6697192868538906E-005
3.1149999999999558E+000	4.6620748128667344E-005
3.1199999999999557E+000	4.6554182504987551E-005
3.1249999999999556E+000	4.6496467233758665E-005
3.1299999999999555E+000	3.7545790323889605E-005
3.1349999999999554E+000	3.7811160038980773E-005
3.1399999999999553E+000	4.6361861965493745E-005
3.1449999999999552E+000	4.6330149075402005E-005
3.1499999999999551E+000	4.6304037456756930E-005
3.1549999999999550E+000	4.6282313741041747E-005
3.1599999999999548E+000	4.6264627107106548E-005
3.1649999999999547E+000	3.7040597209880843E-005
3.1699999999999546E+000	3.7133070899475484E-005
3.1749999999999545E+000	4.6225884380746152E-005
3.1799999999999544E+000	4.6219372849876095E-005
3.1849999999999543E+000	4.6215651349434950E-005
3.1899999999999542E+000	4.6213818153617581E-005
3.1949999999999541E+000	4.6213805633854577E-005
3.1999999999999540E+000	4.6215421884099328E-005
3.2049999999999539E+000	3.7012050584372957E-005
3.2099999999999538E+000	3.7014965181381143E-005
3.2149999999999537E+000	4.6222478627733210E-005
3.2199999999999536E+000	4.6227958498956667E-005
3.2249999999999535E+000	4.6234883871676402E-005
3.2299999999999534E+000	4.6242505900906394E-005
3.2349999999999532E+000	4.6250891808430339E-005
3.2399999999999531E+000	4.6259968588202582E-005
3.2449999999999530E+000	3.6772281870600665E-005
3.2499999999999529E+000	3.6894517012608929E-005
3.2549999999999528E+000	4.6284811184182928E-005
3.2599999999999527E+000	4.6294950340364238E-005
3.2649999999999526E+000	4.6306003634200010E-005
3.2699999999999525E+000	4.6317287476949076E-005
3.2749999999999524E+000	4.6328925201954974E-005
3.2799999999999523E+000	3.6039087671468906E-005
3.2849999999999522E+000	3.6460998871223893E-005
3.2899999999999521E+000	4.6360096296549358E-005
3.2949999999999520E+000	4.6371906000874930E-005
3.2999999999999519E+000	4.6384416897637948E-005
3.3049999999999518E+000	4.6396983216290266E-005
3.3099999999999516E+000	4.6409759171694986E-005
3.3149999999999515E+000	3.6390326586310806E-005
3.3199999999999514E+000	3.6771863414220007E-005
3.3249999999999513E+000	3.5545800017189322E-005
3.3299999999999512E+000	4.6453800056855954E-005
3.3349999999999511E+000	4.6466259545407951E-005
3.3399999999999510E+000	4.6479328914106333E-005
3.3449999999999509E+000	4.6492422713928505E-005
3.3499999999999508E+000	4.6505674452301804E-005
3.3549999999999507E+000	4.6519074226925028E-005
3.3599999999999506E+000	3.6252846146833662E-005
3.3649999999999505E+000	3.6794867759315508E-005
3.3699999999999504E+000	3.5714706770662019E-005
3.3749999999999503E+000	4.6564854134345524E-005
3.3799999999999502E+000	4.6577623260546375E-005
3.3849999999999500E+000	4.6590965150805630E-005
3.3899999999999499E+000	4.6604302303521195E-005
3.3949999999999498E+000	4.6617771704671185E-005
3.3999999999999497E+000	3.5709863898336636E-005
3.4049999999999496E+000	3.6469367685754150E-005
3.4099999999999495E+000	3.5757070234954114E-005
3.4149999999999494E+000	4.6664082366199011E-005
3.4199999999999493E+000	4.6676943218137978E-005
3.4249999999999492E+000	4.6690356017897727E-005
3.4299999999999491E+000	4.6703756124255591E-005
3.4349999999999490E+000	4.6717283812114374E-005
3.4399999999999489E+000	3.6175606126676030E-005
3.4449999999999488E+000	3.6906000063119393E-005
3.4499999999999487E+000	3.5982009793045222E-005
3.4549999999999486E+000	4.6763722083120740E-005
3.4599999999999485E+000	4.6776610509002836E-005
3.4649999999999483E+000	4.6790058956247549E-005
3.4699999999999482E+000	4.6803495154623675E-005
3.4749999999999481E+000	3.5339683700730262E-005
3.4799999999999480E+000	3.6322357741980227E-005
3.4849999999999479E+000	3.5936246106871295E-005
3.4899999999999478E+000	4.6849975780194342E-005
3.4949999999999477E+000	4.6862875774600354E-005
3.4999999999999476E+000	4.6876321033284540E-005
3.5049999999999475E+000	4.6889756716517184E-005
3.5099999999999474E+000	3.5758936552721110E-005
3.5149999999999473E+000	3.6731944720092002E-005
3.5199999999999472E+000	3.6164046978814923E-005
3.5249999999999471E+000	3.4935245397438308E-005
3.5299999999999470E+000	4.6946852005014250E-005
3.5349999999999469E+000	4.6959685233272097E-005
3.5399999999999467E+000	4.6973092105773162E-005
3.5449999999999466E+000	4.6986482576727440E-005
3.5499999999999465E+000	3.5377269847369774E-005
3.5549999999999464E+000	3.6500347916579301E-005
3.5599999999999463E+000	3.6233759505233110E-005
3.5649999999999462E+000	3.5148189952760589E-005
3.5699999999999461E+000	4.7043525355672244E-005
3.5749999999999460E+000	4.7056333975614706E-005
3.5799999999999459E+000	4.7069721280657006E-005
3.5849999999999458E+000	4.7083098654088218E-005
3.5899999999999457E+000	3.5764223167422671E-005
3.5949999999999456E+000	2.9744418294619379E-005
3.5999999999999455E+000	4.7121680181394510E-005
3.6049999999999454E+000	4.7136193828567485E-005
3.6099999999999453E+000	4.7150113881677669E-005
3.6149999999999451E+000	4.7163734129274104E-005
3.6199999999999450E+000	4.7177400332110153E-005
3.6249999999999449E+000	4.7191168516480531E-005
3.6299999999999448E+000	4.7204986155069406E-005
3.6349999999999447E+000	4.7218819463346051E-005
3.6399999999999446E+000	4.7232669437846653E-005
3.6449999999999445E+000	4.7246546714507787E-005
3.6499999999999444E+000	4.7260455449560368E-005
3.6549999999999443E+000	4.7274393578433660E-005
3.6599999999999442E+000	4.7288357601260600E-005
3.6649999999999441E+000	4.7302344858390910E-005
3.6699999999999440E+000	4.7316353355864038E-005
3.6749999999999439E+000	4.7330381259147458E-005
3.6799999999999438E+000	4.7344426754580837E-005
3.6849999999999437E+000	4.7358488132864807E-005
3.6899999999999435E+000	4.7372563842795756E-005
3.6949999999999434E+000	4.7386652492154013E-005
3.6999999999999433E+000	4.7400752837045701E-005
3.7049999999999432E+000	4.7414863774353222E-005
3.7099999999999431E+000	4.7428984308428568E-005
3.7149999999999430E+000	4.7443113547096516E-005
3.7199999999999429E+000	4.7457250680782437E-005
3.7249999999999428E+000	4.7471394994502703E-005
3.7299999999999427E+000	4.7485545838554799E-005
3.7349999999999426E+000	4.7499694829866712E-005
3.7399999999999425E+000	4.7513847446278845E-005
3.7449999999999424E+000	4.7528004620822628E-005
3.7499999999999423E+000	4.7542166668357311E-005
3.7549999999999422E+000	4.7556333362841485E-005
3.7599999999999421E+000	4.7570504120741930E-005
3.7649999999999419E+000	4.7584678462886387E-005
3.7699999999999418E+000	4.7598856073083340E-005
3.7749999999999417E+000	4.7613036694205135E-005
3.7799999999999416E+000	4.7627220066459586E-005
3.7849999999999415E+000	4.7641405946929893E-005
3.7899999999999414E+000	4.7655594106466026E-005
3.7949999999999413E+000	4.7669784340786947E-005
3.7999999999999412E+000	4.7683976457157939E-005
3.8049999999999411E+000	4.7698170290821906E-005
3.8099999999999410E+000	3.7314043725533708E-005
3.8149999999999409E+000	4.7724194804477094E-005
3.8199999999999408E+000	4.7737694275795661E-005
3.8249999999999407E+000	4.7751829855613437E-005
3.8299999999999406E+000	4.7765851189929265E-005
3.8349999999999405E+000	4.7779888046939334E-005
3.8399999999999403E+000	4.7793993235067944E-005
3.8449999999999402E+000	4.7808122541237452E-005
3.8499999999999401E+000	4.7822258461671652E-005
3.8549999999999400E+000	4.7836402524925603E-005
3.8599999999999399E+000	4.7850554906414544E-005
3.8649999999999398E+000	4.7864713834666617E-005
3.8699999999999397E+000	4.7878877931228914E-005
3.8749999999999396E+000	4.7893046416724872E-005
3.8799999999999395E+000	4.7907218788445505E-005
3.8849999999999394E+000	4.7921394623173796E-005
3.8899999999999393E+000	3.7269453812882603E-005
3.8949999999999392E+000	4.7947400464654066E-005
3.8999999999999391E+000	4.7960899341781271E-005
3.9049999999999390E+000	4.7975027153590588E-005
3.9099999999999389E+000	4.7989035929951740E-005
3.9149999999999388E+000	4.8003059942125503E-005
3.9199999999999386E+000	4.8017153475576890E-005
3.9249999999999385E+000	4.8031271913107076E-005
3.9299999999999384E+000	4.8045397176288418E-005
3.9349999999999383E+000	4.8059530761257463E-005
3.9399999999999382E+000	4.8073673000192940E-005
3.9449999999999381E+000	3.7137691514921300E-005
3.9499999999999380E+000	3.7100261900402387E-005
3.9549999999999379E+000	4.8110789526489839E-005
3.9599999999999378E+000	4.8124234469426597E-005
3.9649999999999377E+000	4.8138170970268845E-005
3.9699999999999376E+000	4.8151995707623740E-005
3.9749999999999375E+000	4.8165903218322370E-005
3.9799999999999374E+000	4.8179904823086872E-005
3.9849999999999373E+000	4.8193937180140978E-005
3.9899999999999372E+000	4.8207983418091516E-005
3.9949999999999370E+000	4.8222045777812639E-005
3.9999999999999369E+000	4.8236123372902284E-005
4.0049999999999368E+000	4.8250213335432335E-005
4.0099999999999367E+000	4.8264313496027000E-005
4.0149999999999366E+000	4.8278422508651886E-005
4.0199999999999365E+000	3.7277649237221766E-005
4.0249999999999364E+000	3.7339676258518750E-005
4.0299999999999363E+000	4.8315458416769985E-005
4.0349999999999362E+000	4.8328871729896861E-005
4.0399999999999361E+000	4.8342783012689239E-005
4.0449999999999360E+000	4.8356583194575364E-005
4.0499999999999359E+000	4.8370467809366602E-005
4.0549999999999358E+000	4.8384448407823299E-005
4.0599999999999357E+000	4.8398461482079824E-005
4.0649999999999356E+000	4.8412489899618549E-005
4.0699999999999354E+000	4.8426535761869616E-005
4.0749999999999353E+000	4.8440598086951780E-005
4.0799999999999352E+000	3.7140649372879864E-005
4.0849999999999351E+000	3.7356021731493882E-005
4.0899999999999350E+000	4.8477559760229383E-005
4.0949999999999349E+000	4.8490955444790984E-005
4.0999999999999348E+000	4.8504839226470864E-005
4.1049999999999347E+000	4.8518611124759303E-005
4.1099999999999346E+000	4.8532470255491234E-005
4.1149999999999345E+000	4.8546428009110798E-005
4.1199999999999344E+000	4.8560419760423912E-005
4.1249999999999343E+000	4.8574428050507379E-005
4.1299999999999342E+000	3.6983037104754146E-005
4.1349999999999341E+000	3.7326756715305720E-005
4.1399999999999340E+000	4.8611271304732639E-005
4.1449999999999338E+000	4.8624637609240295E-005
4.1499999999999337E+000	4.8638484580365571E-005
4.1549999999999336E+000	4.8652218164857430E-005
4.1599999999999335E+000	4.8666041738698596E-005
4.1649999999999334E+000	4.8679966941023167E-005
4.1699999999999333E+000	4.8693928132337305E-005
4.1749999999999332E+000	3.7026609469581473E-005
4.1799999999999331E+000	3.7430736202992421E-005
4.1849999999999330E+000	3.6822905634448233E-005
4.1899999999999329E+000	4.8741736660584678E-005
4.1949999999999328E+000	4.8754934143691031E-005
4.1999999999999327E+000	4.8768610220850661E-005
4.2049999999999326E+000	4.8782232590749430E-005
4.2099999999999325E+000	4.8795967100723203E-005
4.2149999999999324E+000	4.8809809906735779E-005
4.2199999999999322E+000	4.8823696615407641E-005
4.2249999999999321E+000	4.8837609297969209E-005
4.2299999999999320E+000	3.7004500260007234E-005
4.2349999999999319E+000	3.7527647531732100E-005
4.2399999999999318E+000	3.7025356098840945E-005
4.2449999999999317E+000	4.8885311139112986E-005
4.2499999999999316E+000	4.8898479128922645E-005
4.2549999999999315E+000	4.8912127408762274E-005
4.2599999999999314E+000	4.8925725611770332E-005
4.2649999999999313E+000	4.8939438423545312E-005
4.2699999999999312E+000	4.8953261114981217E-005
4.2749999999999311E+000	4.8967129194998904E-005
4.2799999999999310E+000	3.7034921301248858E-005
4.2849999999999309E+000	3.7632147587007836E-005
4.2899999999999308E+000	3.7198467748300601E-005
4.2949999999999307E+000	4.9014700767902042E-005
4.2999999999999305E+000	4.9027839680526597E-005
4.3049999999999304E+000	4.9041461085863602E-005
4.3099999999999303E+000	4.9055035763689858E-005
4.3149999999999302E+000	4.9068727465684248E-005
4.3199999999999301E+000	4.9082530847233130E-005
4.3249999999999300E+000	3.6916172197809516E-005
4.3299999999999299E+000	3.7608062152472144E-005
4.3349999999999298E+000	3.7305944200927144E-005
4.3399999999999297E+000	4.9129982030216013E-005
4.3449999999999296E+000	4.9143092520687048E-005
4.3499999999999295E+000	4.9156684222229075E-005
4.3549999999999294E+000	4.9170231908757245E-005
4.3599999999999293E+000	4.9183899522908803E-005
4.3649999999999292E+000	3.6702557830281535E-005
4.3699999999999291E+000	3.7495285088340324E-005
4.3749999999999289E+000	3.7358172782386845E-005
4.3799999999999288E+000	3.6565275741029524E-005
4.3849999999999287E+000	4.9242050149445049E-005
4.3899999999999286E+000	4.9255026293604232E-005
4.3949999999999285E+000	4.9268526424395276E-005
4.3999999999999284E+000	4.9281989522587111E-005
4.4049999999999283E+000	4.9295574990448898E-005
4.4099999999999282E+000	3.6520731991007693E-005
4.4149999999999281E+000	3.7425690530668021E-005
4.4199999999999280E+000	3.7457181111477666E-005
4.4249999999999279E+000	3.6760150316172968E-005
4.4299999999999278E+000	4.9353489743886314E-005
4.4349999999999277E+000	4.9366413179541269E-005
4.4399999999999276E+000	4.9379866590371080E-005
4.4449999999999275E+000	4.9393289963894915E-005
4.4499999999999273E+000	4.9406839934817981E-005
4.4549999999999272E+000	3.6912332715743901E-005
4.4599999999999271E+000	3.7824455294543924E-005
4.4649999999999270E+000	3.7752110266353611E-005
4.4699999999999269E+000	3.6946356841927042E-005
4.4749999999999268E+000	4.9464564501722208E-005
4.4799999999999267E+000	4.9477466065095399E-005
4.4849999999999266E+000	4.9490904642013334E-005
4.4899999999999265E+000	4.9504315950521516E-005
4.4949999999999264E+000	3.6508537005097708E-005
4.4999999999999263E+000	3.7538743769438554E-005
4.5049999999999262E+000	3.7724152140761191E-005
4.5099999999999261E+000	3.7097671547137168E-005
4.5149999999999260E+000	3.6400962631688571E-005
4.5199999999999259E+000	4.9572460030233856E-005
4.5249999999999257E+000	4.9585298568910474E-005
4.5299999999999256E+000	4.9598663541594590E-005
4.5349999999999255E+000	4.9611990147635510E-005
4.5399999999999254E+000	3.6622299326438679E-005
4.5449999999999253E+000	3.7707917478257968E-005
4.5499999999999252E+000	3.7927797603032332E-005
4.5549999999999251E+000	3.7292448106018838E-005
4.5599999999999250E+000	3.6578874937021055E-005
4.5649999999999249E+000	3.6153753904866193E-005
4.5699999999999248E+000	4.9690320741646588E-005
4.5749999999999247E+000	4.9703096384856593E-005
4.5799999999999246E+000	4.9716375075004038E-005
4.5849999999999245E+000	3.6206610784184079E-005
4.5899999999999244E+000	3.7352617589192505E-005
4.5949999999999243E+000	3.7840869039129643E-005
4.5999999999999241E+000	3.7436586266537120E-005

 
