Grouping:m4_Oh01_eta02 totalEnergy J686
# x 	 y
0.0000000000000000E+000	3.2622553511835597E+000
5.0000000000000001E-003	3.2624256308677371E+000
1.0000000000000000E-002	3.2625708692466606E+000
1.4999999999999999E-002	3.2626783322551267E+000
2.0000000000000000E-002	3.2627355931993591E+000
2.5000000000000001E-002	3.2627241463553482E+000
3.0000000000000002E-002	3.2626441161911570E+000
3.5000000000000003E-002	3.2624893932175199E+000
4.0000000000000001E-002	3.2622615472600263E+000
4.4999999999999998E-002	3.2619404332802731E+000
4.9999999999999996E-002	3.2615344638025903E+000
5.4999999999999993E-002	3.2610405054374527E+000
5.9999999999999991E-002	3.2604562208946839E+000
6.4999999999999988E-002	3.2597800895075304E+000
6.9999999999999993E-002	3.2590112504927968E+000
7.4999999999999997E-002	3.2581495345782252E+000
8.0000000000000002E-002	3.2572021405700533E+000
8.5000000000000006E-002	3.2561519229585398E+000
9.0000000000000011E-002	3.2550235826170986E+000
9.5000000000000015E-002	3.2537943767703710E+000
1.0000000000000002E-001	3.2524764596979892E+000
1.0500000000000002E-001	3.2510760011625028E+000
1.1000000000000003E-001	3.2495886996859893E+000
1.1500000000000003E-001	3.2480279697145704E+000
1.2000000000000004E-001	3.2463938731700330E+000
1.2500000000000003E-001	3.2446893280355367E+000
1.3000000000000003E-001	3.2429181485766203E+000
1.3500000000000004E-001	3.2410844393743363E+000
1.4000000000000004E-001	3.2391925711217935E+000
1.4500000000000005E-001	3.2372469808746054E+000
1.5000000000000005E-001	3.2352528119417530E+000
1.5500000000000005E-001	3.2332170977440691E+000
1.6000000000000006E-001	3.2311602245361377E+000
1.6500000000000006E-001	3.2290464815106503E+000
1.7000000000000007E-001	3.2269242247176644E+000
1.7500000000000007E-001	3.2247763669381397E+000
1.8000000000000008E-001	3.2226007031992379E+000
1.8500000000000008E-001	3.2204219124228333E+000
1.9000000000000009E-001	3.2182392645082496E+000
1.9500000000000009E-001	3.2160595015453257E+000
2.0000000000000009E-001	3.2138886234847543E+000
2.0500000000000010E-001	3.2117334935804349E+000
2.1000000000000010E-001	3.2096031143470980E+000
2.1500000000000011E-001	3.2075015919496384E+000
2.2000000000000011E-001	3.2054549165719943E+000
2.2500000000000012E-001	3.2034031664866496E+000
2.3000000000000012E-001	3.2014109541525486E+000
2.3500000000000013E-001	3.1994689559721357E+000
2.4000000000000013E-001	3.1975809644302005E+000
2.4500000000000013E-001	3.1957510258759716E+000
2.5000000000000011E-001	3.1940001784618111E+000
2.5500000000000012E-001	3.1922703306493441E+000
2.6000000000000012E-001	3.1906447387339427E+000
2.6500000000000012E-001	3.1890478691020467E+000
2.7000000000000013E-001	3.1875531705437363E+000
2.7500000000000013E-001	3.1861404259387465E+000
2.8000000000000014E-001	3.1848082012712782E+000
2.8500000000000014E-001	3.1835563539434055E+000
2.9000000000000015E-001	3.1823841533532522E+000
2.9500000000000015E-001	3.1813448705506424E+000
3.0000000000000016E-001	3.1803006642013476E+000
3.0500000000000016E-001	3.1793603242150401E+000
3.1000000000000016E-001	3.1785374628996705E+000
3.1500000000000017E-001	3.1777625854740985E+000
3.2000000000000017E-001	3.1770172235529892E+000
3.2500000000000018E-001	3.1763698930823452E+000
3.3000000000000018E-001	3.1757930675542783E+000
3.3500000000000019E-001	3.1752777284748603E+000
3.4000000000000019E-001	3.1748201443698374E+000
3.4500000000000020E-001	3.1744573813280796E+000
3.5000000000000020E-001	3.1740613213200550E+000
3.5500000000000020E-001	3.1737925740431168E+000
3.6000000000000021E-001	3.1734798892679086E+000
3.6500000000000021E-001	3.1732432617307302E+000
3.7000000000000022E-001	3.1730436982625716E+000
3.7500000000000022E-001	3.1728731085650903E+000
3.8000000000000023E-001	3.1727257721173974E+000
3.8500000000000023E-001	3.1726483060720758E+000
3.9000000000000024E-001	3.1724874403857770E+000
3.9500000000000024E-001	3.1723782706945065E+000
4.0000000000000024E-001	3.1722802864003716E+000
4.0500000000000025E-001	3.1721853968049261E+000
4.1000000000000025E-001	3.1720893862541848E+000
4.1500000000000026E-001	3.1719889019989571E+000
4.2000000000000026E-001	3.1718809722532022E+000
4.2500000000000027E-001	3.1717629242278904E+000
4.3000000000000027E-001	3.1716323679891589E+000
4.3500000000000028E-001	3.1714871606549724E+000
4.4000000000000028E-001	3.1713253403211921E+000
4.4500000000000028E-001	3.1711452150850303E+000
4.5000000000000029E-001	3.1709453790034261E+000
4.5500000000000029E-001	3.1707246951258834E+000
4.6000000000000030E-001	3.1704822782564386E+000
4.6500000000000030E-001	3.1702175027352673E+000
4.7000000000000031E-001	3.1699300028149322E+000
4.7500000000000031E-001	3.1696471091758518E+000
4.8000000000000032E-001	3.1692705064429942E+000
4.8500000000000032E-001	3.1689095948024324E+000
4.9000000000000032E-001	3.1685322846469610E+000
4.9500000000000033E-001	3.1681830183825044E+000
5.0000000000000033E-001	3.1677261188365238E+000
5.0500000000000034E-001	3.1672833622196364E+000
5.1000000000000034E-001	3.1668274088798483E+000
5.1500000000000035E-001	3.1663554014932758E+000
5.2000000000000035E-001	3.1658679295003860E+000
5.2500000000000036E-001	3.1653662361619035E+000
5.3000000000000036E-001	3.1648518119679583E+000
5.3500000000000036E-001	3.1643262891881720E+000
5.4000000000000037E-001	3.1638234870419009E+000
5.4500000000000037E-001	3.1632549344190806E+000
5.5000000000000038E-001	3.1627030021586759E+000
5.5500000000000038E-001	3.1621500831944886E+000
5.6000000000000039E-001	3.1615951777539419E+000
5.6500000000000039E-001	3.1610394019220363E+000
5.7000000000000040E-001	3.1604929562771900E+000
5.7500000000000040E-001	3.1599160020093007E+000
5.8000000000000040E-001	3.1593624834168281E+000
5.8500000000000041E-001	3.1588405044625154E+000
5.9000000000000041E-001	3.1582857858124802E+000
5.9500000000000042E-001	3.1577514720622166E+000
6.0000000000000042E-001	3.1572297968619547E+000
6.0500000000000043E-001	3.1567195070321890E+000
6.1000000000000043E-001	3.1562210161700199E+000
6.1500000000000044E-001	3.1557352149906630E+000
6.2000000000000044E-001	3.1552629237711320E+000
6.2500000000000044E-001	3.1548049640280098E+000
6.3000000000000045E-001	3.1543842768626247E+000
6.3500000000000045E-001	3.1539658448330981E+000
6.4000000000000046E-001	3.1535569802966319E+000
6.4500000000000046E-001	3.1531608616637730E+000
6.5000000000000047E-001	3.1527957144765226E+000
6.5500000000000047E-001	3.1524410632836513E+000
6.6000000000000048E-001	3.1521033763498729E+000
6.6500000000000048E-001	3.1517830389384698E+000
6.7000000000000048E-001	3.1514801531347088E+000
6.7500000000000049E-001	3.1511947518113828E+000
6.8000000000000049E-001	3.1509267989961978E+000
6.8500000000000050E-001	3.1506761618036507E+000
6.9000000000000050E-001	3.1504425936501983E+000
6.9500000000000051E-001	3.1502258155556326E+000
7.0000000000000051E-001	3.1500254493430249E+000
7.0500000000000052E-001	3.1498410411286990E+000
7.1000000000000052E-001	3.1496720705166443E+000
7.1500000000000052E-001	3.1495179590246178E+000
7.2000000000000053E-001	3.1493781824580256E+000
7.2500000000000053E-001	3.1492520447094687E+000
7.3000000000000054E-001	3.1491387120886767E+000
7.3500000000000054E-001	3.1490374516193920E+000
7.4000000000000055E-001	3.1489475018127995E+000
7.4500000000000055E-001	3.1488680721283626E+000
7.5000000000000056E-001	3.1487983065858929E+000
7.5500000000000056E-001	3.1487373139331338E+000
7.6000000000000056E-001	3.1486843444234878E+000
7.6500000000000057E-001	3.1486386119557586E+000
7.7000000000000057E-001	3.1485993050170871E+000
7.7500000000000058E-001	3.1485656166991878E+000
7.8000000000000058E-001	3.1485367390668024E+000
7.8500000000000059E-001	3.1485120604704573E+000
7.9000000000000059E-001	3.1484906395660066E+000
7.9500000000000060E-001	3.1484717581812212E+000
8.0000000000000060E-001	3.1484547019917395E+000
8.0500000000000060E-001	3.1484387774579909E+000
8.1000000000000061E-001	3.1484233304971778E+000
8.1500000000000061E-001	3.1484077300312734E+000
8.2000000000000062E-001	3.1483913709341831E+000
8.2500000000000062E-001	3.1483736873802401E+000
8.3000000000000063E-001	3.1483541724730362E+000
8.3500000000000063E-001	3.1483323354374120E+000
8.4000000000000064E-001	3.1483077453693467E+000
8.4500000000000064E-001	3.1482800140036526E+000
8.5000000000000064E-001	3.1482487958202121E+000
8.5500000000000065E-001	3.1482137870238387E+000
8.6000000000000065E-001	3.1481747288247988E+000
8.6500000000000066E-001	3.1481314064600459E+000
8.7000000000000066E-001	3.1480836414803548E+000
8.7500000000000067E-001	3.1480312899652008E+000
8.8000000000000067E-001	3.1479742662333856E+000
8.8500000000000068E-001	3.1479125155610626E+000
8.9000000000000068E-001	3.1478460313893279E+000
8.9500000000000068E-001	3.1477750295935234E+000
9.0000000000000069E-001	3.1476993829985869E+000
9.0500000000000069E-001	3.1476192289465952E+000
9.1000000000000070E-001	3.1475345235968017E+000
9.1500000000000070E-001	3.1474455564903550E+000
9.2000000000000071E-001	3.1473524611372556E+000
9.2500000000000071E-001	3.1472554417579630E+000
9.3000000000000071E-001	3.1471547479934845E+000
9.3500000000000072E-001	3.1470506453651623E+000
9.4000000000000072E-001	3.1469434100291478E+000
9.4500000000000073E-001	3.1468333817334635E+000
9.5000000000000073E-001	3.1467208608505928E+000
9.5500000000000074E-001	3.1466062160974526E+000
9.6000000000000074E-001	3.1464896552896109E+000
9.6500000000000075E-001	3.1463715215017292E+000
9.7000000000000075E-001	3.1462521659055831E+000
9.7500000000000075E-001	3.1461319391990745E+000
9.8000000000000076E-001	3.1460111919408695E+000
9.8500000000000076E-001	3.1458902745372290E+000
9.9000000000000077E-001	3.1457695325996551E+000
9.9500000000000077E-001	3.1456493080770587E+000
1.0000000000000007E+000	3.1455299367353140E+000
1.0050000000000006E+000	3.1454117458229693E+000
1.0100000000000005E+000	3.1452950521872660E+000
1.0150000000000003E+000	3.1451801605668135E+000
1.0200000000000002E+000	3.1450673620865057E+000
1.0250000000000001E+000	3.1449569266975899E+000
1.0300000000000000E+000	3.1448489000164086E+000
1.0349999999999999E+000	3.1447435235266838E+000
1.0399999999999998E+000	3.1446412761049300E+000
1.0449999999999997E+000	3.1445423434968811E+000
1.0499999999999996E+000	3.1444468868887259E+000
1.0549999999999995E+000	3.1443550549668768E+000
1.0599999999999994E+000	3.1442669785919954E+000
1.0649999999999993E+000	3.1441827674236720E+000
1.0699999999999992E+000	3.1441025086918266E+000
1.0749999999999991E+000	3.1440262669239631E+000
1.0799999999999990E+000	3.1439540840080022E+000
1.0849999999999989E+000	3.1438859795261522E+000
1.0899999999999987E+000	3.1438219511155512E+000
1.0949999999999986E+000	3.1437619751310648E+000
1.0999999999999985E+000	3.1437060073440630E+000
1.1049999999999984E+000	3.1436479553884951E+000
1.1099999999999983E+000	3.1435904715569336E+000
1.1149999999999982E+000	3.1435425241305119E+000
1.1199999999999981E+000	3.1435007523827321E+000
1.1249999999999980E+000	3.1434634893590601E+000
1.1299999999999979E+000	3.1434299862896724E+000
1.1349999999999978E+000	3.1433809516423388E+000
1.1399999999999977E+000	3.1433314004486506E+000
1.1449999999999976E+000	3.1432986285322078E+000
1.1499999999999975E+000	3.1432731859563630E+000
1.1549999999999974E+000	3.1432519320837491E+000
1.1599999999999973E+000	3.1432336440196100E+000
1.1649999999999971E+000	3.1432177479194987E+000
1.1699999999999970E+000	3.1432038720249453E+000
1.1749999999999969E+000	3.1431917396155988E+000
1.1799999999999968E+000	3.1431811184702130E+000
1.1849999999999967E+000	3.1431717956685850E+000
1.1899999999999966E+000	3.1431635649647331E+000
1.1949999999999965E+000	3.1431562291474591E+000
1.1999999999999964E+000	3.1431495955587985E+000
1.2049999999999963E+000	3.1431434763646653E+000
1.2099999999999962E+000	3.1431376932677497E+000
1.2149999999999961E+000	3.1431320732541281E+000
1.2199999999999960E+000	3.1431264528248373E+000
1.2249999999999959E+000	3.1431206762466375E+000
1.2299999999999958E+000	3.1431145976131640E+000
1.2349999999999957E+000	3.1431080841655832E+000
1.2399999999999956E+000	3.1431010166358226E+000
1.2449999999999954E+000	3.1430932865663577E+000
1.2499999999999953E+000	3.1430847960090658E+000
1.2549999999999952E+000	3.1430754588341028E+000
1.2599999999999951E+000	3.1430652006864501E+000
1.2649999999999950E+000	3.1430539604418875E+000
1.2699999999999949E+000	3.1430416859143491E+000
1.2749999999999948E+000	3.1430283368436851E+000
1.2799999999999947E+000	3.1430138856596437E+000
1.2849999999999946E+000	3.1429983164070259E+000
1.2899999999999945E+000	3.1429816276111464E+000
1.2949999999999944E+000	3.1429638233510988E+000
1.2999999999999943E+000	3.1429449173436486E+000
1.3049999999999942E+000	3.1429249380925044E+000
1.3099999999999941E+000	3.1429039167589834E+000
1.3149999999999940E+000	3.1428818933646427E+000
1.3199999999999938E+000	3.1429177629861442E+000
1.3249999999999937E+000	3.1428902118778068E+000
1.3299999999999936E+000	3.1428634149429815E+000
1.3349999999999935E+000	3.1428377550429687E+000
1.3399999999999934E+000	3.1428121121259602E+000
1.3449999999999933E+000	3.1427860548841995E+000
1.3499999999999932E+000	3.1427594578200151E+000
1.3549999999999931E+000	3.1427323092888382E+000
1.3599999999999930E+000	3.1427050041868316E+000
1.3649999999999929E+000	3.1426842602880427E+000
1.3699999999999928E+000	3.1426536606878717E+000
1.3749999999999927E+000	3.1426243705144477E+000
1.3799999999999926E+000	3.1425964482218363E+000
1.3849999999999925E+000	3.1425691034530585E+000
1.3899999999999924E+000	3.1425420313420145E+000
1.3949999999999922E+000	3.1425151272754110E+000
1.3999999999999921E+000	3.1424883826531733E+000
1.4049999999999920E+000	3.1424618393083699E+000
1.4099999999999919E+000	3.1424355672729267E+000
1.4149999999999918E+000	3.1424096486756836E+000
1.4199999999999917E+000	3.1423841664410750E+000
1.4249999999999916E+000	3.1423591980201246E+000
1.4299999999999915E+000	3.1423348156787378E+000
1.4349999999999914E+000	3.1423110816138635E+000
1.4399999999999913E+000	3.1422880529090755E+000
1.4449999999999912E+000	3.1422657808073327E+000
1.4499999999999911E+000	3.1422443091337064E+000
1.4549999999999910E+000	3.1422236755962984E+000
1.4599999999999909E+000	3.1422039735758007E+000
1.4649999999999908E+000	3.1421851612988068E+000
1.4699999999999906E+000	3.1421672550745443E+000
1.4749999999999905E+000	3.1421502721361603E+000
1.4799999999999904E+000	3.1421342225931519E+000
1.4849999999999903E+000	3.1421191042295868E+000
1.4899999999999902E+000	3.1421049151585909E+000
1.4949999999999901E+000	3.1420916473386513E+000
1.4999999999999900E+000	3.1420792894703586E+000

 
