Grouping:totalEnergy J686
# x 	 y
0.0000000000000000E+000	3.1992380984069779E-001
5.0000000000000001E-003	3.2020004039649930E-001
1.0000000000000000E-002	3.2039342736669951E-001
1.4999999999999999E-002	3.2048509902405753E-001
2.0000000000000000E-002	3.2045748728076884E-001
2.5000000000000001E-002	3.2030523961526125E-001
3.0000000000000002E-002	3.2002933087417862E-001
3.5000000000000003E-002	3.1963403383469213E-001
4.0000000000000001E-002	3.1912563852650644E-001
4.4999999999999998E-002	3.1851211022555903E-001
4.9999999999999996E-002	3.1773011509846594E-001
5.4999999999999993E-002	3.1656717665870904E-001
5.9999999999999991E-002	3.1609745608650330E-001
6.4999999999999988E-002	3.1511273618524172E-001
6.9999999999999993E-002	3.1403139143641390E-001
7.4999999999999997E-002	3.1286210369471545E-001
8.0000000000000002E-002	3.1162898562694918E-001
8.5000000000000006E-002	3.1030894211563664E-001
9.0000000000000011E-002	3.0890303019381715E-001
9.5000000000000015E-002	3.0741678016922203E-001
1.0000000000000002E-001	3.0585125476035246E-001
1.0500000000000002E-001	3.0420689968820147E-001
1.1000000000000003E-001	3.0247739850158339E-001
1.1500000000000003E-001	3.0068016456731295E-001
1.2000000000000004E-001	2.9879854431150621E-001
1.2500000000000003E-001	2.9684774480601472E-001
1.3000000000000003E-001	2.9481950225677833E-001
1.3500000000000004E-001	2.9271663808742865E-001
1.4000000000000004E-001	2.9054051437178918E-001
1.4500000000000005E-001	2.8828502024360958E-001
1.5000000000000005E-001	2.8596611915405257E-001
1.5500000000000005E-001	2.8356581543977288E-001
1.6000000000000006E-001	2.8111437761435454E-001
1.6500000000000006E-001	2.7859763508773261E-001
1.7000000000000007E-001	2.7600750986080236E-001
1.7500000000000007E-001	2.7338036527659826E-001
1.8000000000000008E-001	2.7067313730234455E-001
1.8500000000000008E-001	2.6794649087772537E-001
1.9000000000000009E-001	2.6516757301071259E-001
1.9500000000000009E-001	2.6227007216044518E-001
2.0000000000000009E-001	2.5941876388356855E-001
2.0500000000000010E-001	2.5645387586717927E-001
2.1000000000000010E-001	2.5298744078114765E-001
2.1500000000000011E-001	2.5050909510186914E-001
2.2000000000000011E-001	2.4753513605260569E-001
2.2500000000000012E-001	2.4445625795099701E-001
2.3000000000000012E-001	2.4134626957820915E-001
2.3500000000000013E-001	2.3824114104038019E-001
2.4000000000000013E-001	2.3512577204033969E-001
2.4500000000000013E-001	2.3202112757774529E-001
2.5000000000000011E-001	2.2889006751593532E-001
2.5500000000000012E-001	2.2574441847549220E-001
2.6000000000000012E-001	2.2257577514110816E-001
2.6500000000000012E-001	2.1940623545947924E-001
2.7000000000000013E-001	2.1624714605412176E-001
2.7500000000000013E-001	2.1305878581747528E-001
2.8000000000000014E-001	2.0987943282361998E-001
2.8500000000000014E-001	2.0667272013490567E-001
2.9000000000000015E-001	2.0348946799314849E-001
2.9500000000000015E-001	2.0031818253790856E-001
3.0000000000000016E-001	1.9715998229859588E-001
3.0500000000000016E-001	1.9401641001815406E-001
3.1000000000000016E-001	1.9088978628986064E-001
3.1500000000000017E-001	1.8778273828064984E-001
3.2000000000000017E-001	1.8469706830592925E-001
3.2500000000000018E-001	1.8163484966944132E-001
3.3000000000000018E-001	1.7860932806853524E-001
3.3500000000000019E-001	1.7558991000397883E-001
3.4000000000000019E-001	1.7261234933366909E-001
3.4500000000000020E-001	1.6966114778042796E-001
3.5000000000000020E-001	1.6673302278611013E-001
3.5500000000000020E-001	1.6384164660619938E-001
3.6000000000000021E-001	1.6096565317555234E-001
3.6500000000000021E-001	1.5812746427597135E-001
3.7000000000000022E-001	1.5532126133857194E-001
3.7500000000000022E-001	1.5255223849509258E-001
3.8000000000000023E-001	1.4984420801926213E-001
3.8500000000000023E-001	1.4717256290795122E-001
3.9000000000000024E-001	1.4456940016321873E-001
3.9500000000000024E-001	1.4198125769584014E-001
4.0000000000000024E-001	1.3953783012293997E-001
4.0500000000000025E-001	1.3708926155033607E-001
4.1000000000000025E-001	1.3466403325753484E-001
4.1500000000000026E-001	1.3228872435378669E-001
4.2000000000000026E-001	1.2994033019819229E-001
4.2500000000000027E-001	1.2686970892170857E-001
4.3000000000000027E-001	1.2506574359798295E-001
4.3500000000000028E-001	1.2314133151439544E-001
4.4000000000000028E-001	1.2113180802706669E-001
4.4500000000000028E-001	1.1913612372471238E-001
4.5000000000000029E-001	1.1715063722201169E-001
4.5500000000000029E-001	1.1521917663193193E-001
4.6000000000000030E-001	1.1335631997458329E-001
4.6500000000000030E-001	1.1155574634379173E-001
4.7000000000000031E-001	1.0981833655834317E-001
4.7500000000000031E-001	1.0814705782276057E-001
4.8000000000000032E-001	1.0654347859561009E-001
4.8500000000000032E-001	1.0497149989150012E-001
4.9000000000000032E-001	1.0350770791086905E-001
4.9500000000000033E-001	1.0212350282170224E-001
5.0000000000000033E-001	1.0078758743710825E-001
5.0500000000000034E-001	9.9535834689228331E-002
5.1000000000000034E-001	9.8370139855254557E-002
5.1500000000000035E-001	9.7276102736511660E-002
5.2000000000000035E-001	9.6250607025193613E-002
5.2500000000000036E-001	9.5292500792277579E-002
5.3000000000000036E-001	9.4395146656531370E-002
5.3500000000000036E-001	9.3547339395488205E-002
5.4000000000000037E-001	9.2833778043288628E-002
5.4500000000000037E-001	9.2119540595659188E-002
5.5000000000000038E-001	9.1486684045738009E-002
5.5500000000000038E-001	9.0909509164630808E-002
5.6000000000000039E-001	9.0382676968094433E-002
5.6500000000000039E-001	8.9842382727560732E-002
5.7000000000000040E-001	8.9422234598675043E-002
5.7500000000000040E-001	8.8992961982712782E-002
5.8000000000000040E-001	8.8662684183189011E-002
5.8500000000000041E-001	8.8303180986926133E-002
5.9000000000000041E-001	8.8048695133372323E-002
5.9500000000000042E-001	8.7815667203622993E-002
6.0000000000000042E-001	8.7601747538886166E-002
6.0500000000000043E-001	8.7405985700114819E-002
6.1000000000000043E-001	8.7227018592010541E-002
6.1500000000000044E-001	8.6988793529793274E-002
6.2000000000000044E-001	8.6677333524486144E-002
6.2500000000000044E-001	8.6529039087388515E-002
6.3000000000000045E-001	8.6559192186941747E-002
6.3500000000000045E-001	8.6382250775035807E-002
6.4000000000000046E-001	8.6228936386786526E-002
6.4500000000000046E-001	8.6175916056661084E-002
6.5000000000000047E-001	8.6110740760747095E-002
6.5500000000000047E-001	8.5994890066793506E-002
6.6000000000000048E-001	8.5839728721974762E-002
6.6500000000000048E-001	8.5418577426437547E-002
6.7000000000000048E-001	8.4940102746407842E-002
6.7500000000000049E-001	8.4478235240923905E-002
6.8000000000000049E-001	8.5296418589024370E-002
6.8500000000000050E-001	8.5120433405778684E-002
6.9000000000000050E-001	8.4792873223832110E-002
6.9500000000000051E-001	8.4647432776297382E-002
7.0000000000000051E-001	8.4448992931543732E-002
7.0500000000000052E-001	8.4122399587427843E-002
7.1000000000000052E-001	8.3921354974427320E-002
7.1500000000000052E-001	8.3667515177790364E-002
7.2000000000000053E-001	8.3383751359277891E-002
7.2500000000000053E-001	8.3075875981737379E-002
7.3000000000000054E-001	8.2745617197718335E-002
7.3500000000000054E-001	8.2393613407321098E-002
7.4000000000000055E-001	8.2020209807236011E-002
7.4500000000000055E-001	8.1625597791154636E-002
7.5000000000000056E-001	8.1209933160006909E-002
7.5500000000000056E-001	8.0773576486737220E-002
7.6000000000000056E-001	8.0246074414532576E-002
7.6500000000000057E-001	7.9796242071302537E-002
7.7000000000000057E-001	7.9290863305689907E-002
7.7500000000000058E-001	7.8781518706400266E-002
7.8000000000000058E-001	7.8264508245427411E-002
7.8500000000000059E-001	7.7721530828815055E-002
7.9000000000000059E-001	7.7157465888997301E-002
7.9500000000000060E-001	7.6572564113436048E-002
8.0000000000000060E-001	7.5968066791009647E-002
8.0500000000000060E-001	7.5345146560676923E-002
8.1000000000000061E-001	7.4704801457742054E-002
8.1500000000000061E-001	7.4020912027773278E-002
8.2000000000000062E-001	7.3357199634037862E-002
8.2500000000000062E-001	7.2675578791929762E-002
8.3000000000000063E-001	7.1970883677932918E-002
8.3500000000000063E-001	7.1237365108421269E-002
8.4000000000000064E-001	7.0514208814738133E-002
8.4500000000000064E-001	6.9789370803691408E-002
8.5000000000000064E-001	6.9045924595064090E-002
8.5500000000000065E-001	6.8291377415314880E-002
8.6000000000000065E-001	6.7524636765599944E-002
8.6500000000000066E-001	6.6746495675613193E-002
8.7000000000000066E-001	6.5958277908344964E-002
8.7500000000000067E-001	6.5160906927318685E-002
8.8000000000000067E-001	6.4355226596943371E-002
8.8500000000000068E-001	6.3541842198236775E-002
8.9000000000000068E-001	6.2721388413526036E-002
8.9500000000000068E-001	6.1894584680494358E-002
9.0000000000000069E-001	6.0983888422597055E-002
9.0500000000000069E-001	6.0109421918313366E-002
9.1000000000000070E-001	5.9186094040188930E-002
9.1500000000000070E-001	5.8101827167233999E-002
9.2000000000000071E-001	5.7690867095726350E-002
9.2500000000000071E-001	5.6822511499564410E-002
9.3000000000000071E-001	5.5948562757166087E-002
9.3500000000000072E-001	5.5070996488174817E-002
9.4000000000000072E-001	5.4192164618696026E-002
9.4500000000000073E-001	5.3315406363329654E-002
9.5000000000000073E-001	5.2446537405121507E-002
9.5500000000000074E-001	5.1402553505049298E-002
9.6000000000000074E-001	5.0636308934948637E-002
9.6500000000000075E-001	4.9797815268387779E-002
9.7000000000000075E-001	4.9025266225356745E-002
9.7500000000000075E-001	4.8216449286071938E-002
9.8000000000000076E-001	4.7405979959559197E-002
9.8500000000000076E-001	4.6436456070619414E-002
9.9000000000000077E-001	4.5711490625230500E-002
9.9500000000000077E-001	4.4928653192702672E-002
1.0000000000000007E+000	4.3914656671940833E-002
1.0050000000000006E+000	4.3174222781884986E-002
1.0100000000000005E+000	4.2351593656960507E-002
1.0150000000000003E+000	4.1446120200812508E-002
1.0200000000000002E+000	4.0722079638442654E-002
1.0250000000000001E+000	3.9831809949139263E-002
1.0300000000000000E+000	3.9065003315129854E-002
1.0349999999999999E+000	3.8431692856209843E-002
1.0399999999999998E+000	3.7746095570161398E-002
1.0449999999999997E+000	3.6904532482226582E-002
1.0499999999999996E+000	3.6311359814287236E-002
1.0549999999999995E+000	3.5673496459673881E-002
1.0599999999999994E+000	3.5043016814528816E-002
1.0649999999999993E+000	3.4427904116143715E-002
1.0699999999999992E+000	3.3830963010503812E-002
1.0749999999999991E+000	3.3106397199745174E-002
1.0799999999999990E+000	3.2555820368750155E-002
1.0849999999999989E+000	3.2067864235872712E-002
1.0899999999999987E+000	3.1507179088704707E-002
1.0949999999999986E+000	3.1004164539432111E-002
1.0999999999999985E+000	3.0529748586390681E-002
1.1049999999999984E+000	3.0076390686679666E-002
1.1099999999999983E+000	2.9639751251639090E-002
1.1149999999999982E+000	2.9226853481395754E-002
1.1199999999999981E+000	2.8828964369103982E-002
1.1249999999999980E+000	2.8489815896898918E-002
1.1299999999999979E+000	2.8095525316237158E-002
1.1349999999999978E+000	2.7786527489430668E-002
1.1399999999999977E+000	2.7427514029934041E-002
1.1449999999999976E+000	2.7150556079678978E-002
1.1499999999999975E+000	2.6876061450449740E-002
1.1549999999999974E+000	2.6613813555067534E-002
1.1599999999999973E+000	2.6365555892065462E-002
1.1649999999999971E+000	2.6131784382296352E-002
1.1699999999999970E+000	2.5912602828409792E-002
1.1749999999999969E+000	2.5707856458919487E-002
1.1799999999999968E+000	2.5517242640116233E-002
1.1849999999999967E+000	2.5340398953239252E-002
1.1899999999999966E+000	2.5176903172870357E-002
1.1949999999999965E+000	2.5026505935732413E-002
1.1999999999999964E+000	2.4889061214515618E-002
1.2049999999999963E+000	2.4763580174859801E-002
1.2099999999999962E+000	2.4619666180688338E-002
1.2149999999999961E+000	2.4538576874408857E-002
1.2199999999999960E+000	2.4445679057556013E-002
1.2249999999999959E+000	2.4359210441881274E-002
1.2299999999999958E+000	2.4281395862345789E-002
1.2349999999999957E+000	2.4211748459403548E-002
1.2399999999999956E+000	2.4149448007182439E-002
1.2449999999999954E+000	2.4093514859828691E-002
1.2499999999999953E+000	2.4043040715187480E-002
1.2549999999999952E+000	2.3997175216933009E-002
1.2599999999999951E+000	2.3955099620582399E-002
1.2649999999999950E+000	2.3916016758780856E-002
1.2699999999999949E+000	2.3879155094209015E-002
1.2749999999999948E+000	2.3843676134095215E-002
1.2799999999999947E+000	2.3808842024174659E-002
1.2849999999999946E+000	2.3773991309036901E-002
1.2899999999999945E+000	2.3738526673035665E-002
1.2949999999999944E+000	2.3701880692621913E-002
1.2999999999999943E+000	2.3663507924557958E-002
1.3049999999999942E+000	2.3622889654701940E-002
1.3099999999999941E+000	2.3579541045590346E-002
1.3149999999999940E+000	2.3533011316192454E-002
1.3199999999999938E+000	2.3483370778839774E-002
1.3249999999999937E+000	2.3429643064671879E-002
1.3299999999999936E+000	2.3371466152894538E-002
1.3349999999999935E+000	2.3308464622699088E-002
1.3399999999999934E+000	2.3240283557278030E-002
1.3449999999999933E+000	2.3166552661427975E-002
1.3499999999999932E+000	2.3087100076752520E-002
1.3549999999999931E+000	2.3001846470374065E-002
1.3599999999999930E+000	2.2910118308302696E-002
1.3649999999999929E+000	2.2808872910192957E-002
1.3699999999999928E+000	2.2709208310950579E-002
1.3749999999999927E+000	2.2598555180422419E-002
1.3799999999999926E+000	2.2427657107715326E-002
1.3849999999999925E+000	2.2327738644788653E-002
1.3899999999999924E+000	2.2203675901601549E-002
1.3949999999999922E+000	2.2068075451453950E-002
1.3999999999999921E+000	2.1881757220849618E-002
1.4049999999999920E+000	2.1749411839318444E-002
1.4099999999999919E+000	2.1595144335123884E-002
1.4149999999999918E+000	2.1429879075362201E-002
1.4199999999999917E+000	2.1255927654959539E-002
1.4249999999999916E+000	2.1044637826992396E-002
1.4299999999999915E+000	2.0876981878939826E-002
1.4349999999999914E+000	2.0686305955210926E-002
1.4399999999999913E+000	2.0485670447173643E-002
1.4449999999999912E+000	2.0277943533119291E-002
1.4499999999999911E+000	2.0039754068456261E-002
1.4549999999999910E+000	1.9840221187464202E-002
1.4599999999999909E+000	1.9620072589758397E-002
1.4649999999999908E+000	1.9378759213228847E-002
1.4699999999999906E+000	1.9166740888954870E-002
1.4749999999999905E+000	1.8905163990042162E-002
1.4799999999999904E+000	1.8683776395154617E-002
1.4849999999999903E+000	1.8412971912331155E-002
1.4899999999999902E+000	1.8187824058248037E-002
1.4949999999999901E+000	1.7941830474134779E-002
1.4999999999999900E+000	1.7690640133969815E-002
1.5049999999999899E+000	1.7436473496477145E-002
1.5099999999999898E+000	1.7180180024237046E-002
1.5149999999999897E+000	1.6921801862167296E-002
1.5199999999999896E+000	1.6661712547595631E-002
1.5249999999999895E+000	1.6400249338346384E-002
1.5299999999999894E+000	1.6137837536644994E-002
1.5349999999999893E+000	1.5874733352351456E-002
1.5399999999999892E+000	1.5611774786394417E-002
1.5449999999999890E+000	1.5348814359645857E-002
1.5499999999999889E+000	1.5086226416734849E-002
1.5549999999999888E+000	1.4824305056705178E-002
1.5599999999999887E+000	1.4563355480862405E-002
1.5649999999999886E+000	1.4306664856197138E-002
1.5699999999999885E+000	1.4063500026802789E-002
1.5749999999999884E+000	1.3807537131008907E-002
1.5799999999999883E+000	1.3565382601768761E-002
1.5849999999999882E+000	1.3326951439256440E-002
1.5899999999999881E+000	1.3069890870454515E-002
1.5949999999999880E+000	1.2835523379058689E-002
1.5999999999999879E+000	1.2576669971043231E-002
1.6049999999999878E+000	1.2344595124772706E-002
1.6099999999999877E+000	1.2114630163769124E-002
1.6149999999999876E+000	1.1896744072052545E-002
1.6199999999999875E+000	1.1672811788453696E-002
1.6249999999999873E+000	1.1452488349118273E-002
1.6299999999999872E+000	1.1236819752361793E-002
1.6349999999999871E+000	1.1026051876211529E-002
1.6399999999999870E+000	1.0820284592865992E-002
1.6449999999999869E+000	1.0619643957684222E-002
1.6499999999999868E+000	1.0424343786124002E-002
1.6549999999999867E+000	1.0234350491052702E-002
1.6599999999999866E+000	1.0049614394127548E-002
1.6649999999999865E+000	9.8703967071562815E-003
1.6699999999999864E+000	9.6970340166104840E-003
1.6749999999999863E+000	9.5296142875334056E-003
1.6799999999999862E+000	9.3682088342967873E-003
1.6849999999999861E+000	9.2128633650090386E-003
1.6899999999999860E+000	9.0636053162294061E-003
1.6949999999999859E+000	8.9204018936457352E-003
1.6999999999999857E+000	8.7835736477552828E-003
1.7049999999999856E+000	8.6531580054511892E-003
1.7099999999999855E+000	8.5020971888130070E-003
1.7149999999999854E+000	8.3835738866282483E-003
1.7199999999999853E+000	8.2737563946673198E-003
1.7249999999999852E+000	8.1701404962224444E-003
1.7299999999999851E+000	8.0512794573537327E-003
1.7349999999999850E+000	7.9585652417315522E-003
1.7399999999999849E+000	7.8736403972827773E-003
1.7449999999999848E+000	7.7937003684791506E-003
1.7499999999999847E+000	7.7181266490131684E-003
1.7549999999999846E+000	7.6468387365511425E-003
1.7599999999999845E+000	7.5801577257808006E-003
1.7649999999999844E+000	7.5178533508872825E-003
1.7699999999999843E+000	7.4599520766929217E-003
1.7749999999999841E+000	7.4062901280349536E-003
1.7799999999999840E+000	7.3567488943853121E-003
1.7849999999999839E+000	7.3111764574780302E-003
1.7899999999999838E+000	7.2693685779978701E-003
1.7949999999999837E+000	7.2311709359627052E-003
1.7999999999999836E+000	7.1963738443954206E-003
1.8049999999999835E+000	7.1647746053322692E-003
1.8099999999999834E+000	7.1361717741447173E-003
1.8149999999999833E+000	7.1103619297558929E-003
1.8199999999999832E+000	7.0871542892549932E-003
1.8249999999999831E+000	7.0663367817060951E-003
1.8299999999999830E+000	7.0476999199242663E-003
1.8349999999999829E+000	7.0310343259381014E-003
1.8399999999999828E+000	7.0161238111507984E-003
1.8449999999999827E+000	7.0027779689856295E-003
1.8499999999999825E+000	6.9907855317659084E-003
1.8549999999999824E+000	6.9799353580068946E-003
1.8599999999999823E+000	6.9700358904292159E-003
1.8599999999999823E+000	6.9254672415812735E-003
1.8649999999999822E+000	6.9242249876686479E-003
1.8699999999999821E+000	6.9201295227716564E-003
1.8749999999999820E+000	6.9147984774668991E-003
1.8799999999999819E+000	6.9089795269947629E-003
1.8849999999999818E+000	6.9027859695363070E-003
1.8899999999999817E+000	6.8961175968409449E-003
1.8949999999999816E+000	6.8888207113801947E-003
1.8999999999999815E+000	6.8807422341632396E-003
1.9049999999999814E+000	6.8717412456642535E-003
1.9099999999999813E+000	6.8617062940736773E-003
1.9149999999999812E+000	6.8505899638453549E-003
1.9199999999999811E+000	6.8384927069606860E-003
1.9249999999999809E+000	6.8250179722464388E-003
1.9299999999999808E+000	6.8100639770865001E-003
1.9349999999999807E+000	6.7933195971203730E-003
1.9399999999999806E+000	6.7748899055524170E-003
1.9449999999999805E+000	6.7547498620195157E-003
1.9499999999999804E+000	6.7328156636841108E-003
1.9549999999999803E+000	6.7090160077110106E-003
1.9599999999999802E+000	6.6832790644624218E-003
1.9649999999999801E+000	6.6555591933421532E-003
1.9699999999999800E+000	6.6258159117795756E-003
1.9749999999999799E+000	6.5940061421989604E-003
1.9799999999999798E+000	6.5601088719331457E-003
1.9849999999999797E+000	6.5241118704326695E-003
1.9899999999999796E+000	6.4860013082466139E-003
1.9949999999999795E+000	6.4457716009918009E-003
1.9999999999999793E+000	6.4034385758438006E-003
2.0049999999999795E+000	6.3590149936429974E-003
2.0099999999999794E+000	6.3125308007583314E-003
2.0149999999999793E+000	6.2640128082080970E-003
2.0199999999999791E+000	6.2135525791084945E-003
2.0249999999999790E+000	6.1611407511654726E-003
2.0299999999999789E+000	6.1068358310043536E-003
2.0349999999999788E+000	6.0507109221461519E-003
2.0399999999999787E+000	5.9928032207272608E-003
2.0449999999999786E+000	5.9331684710910437E-003
2.0499999999999785E+000	5.8718837755740161E-003
2.0549999999999784E+000	5.8090229522296255E-003
2.0599999999999783E+000	5.7446734328090443E-003
2.0649999999999782E+000	5.6789129423093776E-003
2.0699999999999781E+000	5.6118190674618873E-003
2.0749999999999780E+000	5.5434184433407196E-003
2.0799999999999779E+000	5.4738766794293348E-003
2.0849999999999778E+000	5.4032933195520272E-003
2.0899999999999777E+000	5.3317569408743992E-003
2.0949999999999775E+000	5.2593651372725425E-003
2.0999999999999774E+000	5.1863174137602996E-003
2.1049999999999773E+000	5.1125672495042629E-003
2.1099999999999772E+000	5.0382562651094531E-003
2.1149999999999771E+000	4.9635069306748214E-003
2.1199999999999770E+000	4.8884088574414619E-003
2.1249999999999769E+000	4.8131308859851174E-003
2.1299999999999768E+000	4.7376757898973665E-003
2.1349999999999767E+000	4.6621497766787812E-003
2.1399999999999766E+000	4.5866536488885501E-003
2.1449999999999765E+000	4.4746134974595897E-003
2.1499999999999764E+000	4.4045728698280939E-003
2.1549999999999763E+000	4.3330908097392040E-003
2.1599999999999762E+000	4.2621154506981007E-003
2.1649999999999761E+000	4.1678157413453931E-003
2.1699999999999759E+000	4.1043288390421040E-003
2.1749999999999758E+000	4.0369726246933801E-003
2.1799999999999757E+000	3.9696673893074852E-003
2.1849999999999756E+000	3.9024252408847993E-003
2.1899999999999755E+000	3.8353960703374490E-003
2.1949999999999754E+000	3.7687871608484969E-003
2.1999999999999753E+000	3.7027928786232955E-003
2.2049999999999752E+000	3.6375525938225906E-003
2.2099999999999751E+000	3.5731827679201800E-003
2.2149999999999750E+000	3.5097860278536785E-003
2.2199999999999749E+000	3.4474347327737576E-003
2.2249999999999748E+000	3.3862161733249074E-003
2.2299999999999747E+000	3.3262229399642074E-003
2.2349999999999746E+000	3.2675027801669643E-003
2.2399999999999745E+000	3.2100647968449358E-003
2.2449999999999743E+000	3.1539871289596455E-003
2.2499999999999742E+000	3.0993303656989823E-003
2.2549999999999741E+000	3.0461322633499321E-003
2.2599999999999740E+000	2.9944639032786213E-003
2.2649999999999739E+000	2.9443375953794870E-003
2.2699999999999738E+000	2.8957308295578521E-003
2.2749999999999737E+000	2.8487397346785848E-003
2.2799999999999736E+000	2.8033127238868971E-003
2.2849999999999735E+000	2.7594982277618918E-003
2.2899999999999734E+000	2.7171451918990286E-003
2.2949999999999733E+000	2.6763387176504949E-003
2.2999999999999732E+000	2.6370739813961208E-003
2.3049999999999731E+000	2.5994338553996243E-003
2.3099999999999730E+000	2.5634024776182152E-003
2.3149999999999729E+000	2.5289262817338454E-003
2.3199999999999728E+000	2.4959603634271410E-003
2.3249999999999726E+000	2.4644963578142054E-003
2.3299999999999725E+000	2.4345476442531044E-003
2.3349999999999724E+000	2.4061937891421969E-003
2.3399999999999723E+000	2.3791698393913485E-003
2.3449999999999722E+000	2.3535146800077733E-003
2.3499999999999721E+000	2.3291809862353574E-003
2.3549999999999720E+000	2.3061986340895402E-003
2.3599999999999719E+000	2.2844491819946633E-003
2.3649999999999718E+000	2.2639166841984526E-003
2.3699999999999717E+000	2.2445665636863232E-003
2.3749999999999716E+000	2.1688680590559173E-003
2.3799999999999715E+000	2.1808215655347851E-003
2.3849999999999714E+000	2.1730824873205101E-003
2.3899999999999713E+000	2.1630054464440995E-003
2.3949999999999712E+000	2.1150651893124817E-003
2.3999999999999710E+000	2.1314110833556832E-003
2.4049999999999709E+000	2.1280617474195296E-003
2.4099999999999708E+000	2.1216964719275033E-003
2.4149999999999707E+000	2.0557816271886686E-003
2.4199999999999706E+000	2.0733466125348876E-003
2.4249999999999705E+000	2.0726140865594544E-003
2.4299999999999704E+000	2.0692159506299213E-003
2.4349999999999703E+000	2.0649359069113693E-003
2.4399999999999702E+000	2.0602031244716379E-003
2.4449999999999701E+000	2.0552147031009937E-003
2.4499999999999700E+000	2.0500718559146591E-003
2.4549999999999699E+000	2.0448574245617301E-003
2.4599999999999698E+000	1.9649092567282089E-003
2.4649999999999697E+000	1.9856914971509987E-003
2.4699999999999696E+000	1.9884122522890735E-003
2.4749999999999694E+000	1.9882829072459529E-003
2.4799999999999693E+000	1.9869318287564219E-003
2.4849999999999692E+000	1.9847137293140804E-003
2.4899999999999691E+000	1.9817931545151879E-003
2.4949999999999690E+000	1.9782750785344305E-003
2.4999999999999689E+000	1.9742289562101334E-003
2.5049999999999688E+000	1.9697106553704380E-003
2.5099999999999687E+000	1.9647489494776238E-003
2.5149999999999686E+000	1.9593613686041955E-003
2.5199999999999685E+000	1.9535560914603067E-003
2.5249999999999684E+000	1.9473058977976798E-003
2.5299999999999683E+000	1.9406039157785493E-003
2.5349999999999682E+000	1.9334745162171707E-003
2.5399999999999681E+000	1.9260064288673107E-003
2.5449999999999680E+000	1.9179406964004997E-003
2.5499999999999678E+000	1.9093849096760707E-003
2.5549999999999677E+000	1.9003771543983916E-003
2.5599999999999676E+000	1.8909018437760494E-003
2.5649999999999675E+000	1.8809429041040104E-003
2.5699999999999674E+000	1.8704886047045122E-003
2.5749999999999673E+000	1.8595300995394304E-003
2.5799999999999672E+000	1.8480209607560916E-003
2.5849999999999671E+000	1.8359976083717200E-003
2.5899999999999670E+000	1.8234595917503427E-003
2.5949999999999669E+000	1.8104064744188797E-003
2.5999999999999668E+000	1.7968410166422366E-003
2.6049999999999667E+000	1.7827741099809558E-003
2.6099999999999666E+000	1.7682078947731661E-003
2.6149999999999665E+000	1.7531453783750095E-003
2.6199999999999664E+000	1.7375908741086299E-003
2.6249999999999662E+000	1.7215508670762603E-003
2.6299999999999661E+000	1.7050337201895971E-003
2.6349999999999660E+000	1.6880492594739671E-003
2.6399999999999659E+000	1.6036386986644224E-003
2.6449999999999658E+000	1.6078121340536988E-003
2.6499999999999657E+000	1.5969465409759742E-003
2.6549999999999656E+000	1.5831426721688580E-003
2.6599999999999655E+000	1.5679440945519652E-003
2.6649999999999654E+000	1.5517177402477600E-003
2.6699999999999653E+000	1.5346260434077053E-003
2.6749999999999652E+000	1.5168092844795034E-003
2.6799999999999651E+000	1.4982913412975307E-003
2.6849999999999650E+000	1.4791968003908806E-003
2.6899999999999649E+000	1.4595439238980212E-003
2.6949999999999648E+000	1.4393921889679362E-003
2.6999999999999647E+000	1.4188643289267944E-003
2.7049999999999645E+000	1.3979154122853998E-003
2.7099999999999644E+000	1.3766602321561017E-003
2.7149999999999643E+000	1.3551488796657019E-003
2.7199999999999642E+000	1.2749024826095301E-003
2.7249999999999641E+000	1.2643782175492113E-003
2.7299999999999640E+000	1.2456792278570106E-003
2.7349999999999639E+000	1.2261165938771690E-003
2.7399999999999638E+000	1.2061796102642575E-003
2.7449999999999637E+000	1.1859985000706175E-003
2.7499999999999636E+000	1.1655476053800129E-003
2.7549999999999635E+000	1.1449036484485475E-003
2.7599999999999634E+000	1.1241532773293983E-003
2.7649999999999633E+000	1.1032972842679456E-003
2.7699999999999632E+000	1.0491397566041449E-003
2.7749999999999631E+000	1.0355716137366855E-003
2.7799999999999629E+000	1.0171462695449662E-003
2.7849999999999628E+000	9.9853706238484108E-004
2.7899999999999627E+000	9.7987738113536338E-004
2.7949999999999626E+000	9.6123003167702947E-004
2.7999999999999625E+000	9.4255929703557229E-004
2.8049999999999624E+000	9.2392387713280399E-004
2.8099999999999623E+000	9.0538824677466323E-004
2.8149999999999622E+000	8.5655532578954308E-004
2.8199999999999621E+000	8.4409128594575833E-004
2.8249999999999620E+000	8.2775610999519245E-004
2.8299999999999619E+000	8.1169161876504248E-004
2.8349999999999618E+000	7.9594151034800831E-004
2.8399999999999617E+000	7.8037363611205279E-004
2.8449999999999616E+000	7.6511826258407467E-004
2.8499999999999615E+000	7.5006700149282679E-004
2.8549999999999613E+000	7.3525760650827721E-004
2.8599999999999612E+000	7.2062173318698797E-004
2.8649999999999611E+000	7.0629155084844797E-004
2.8699999999999610E+000	6.9232136443053705E-004
2.8749999999999609E+000	6.5498794707119501E-004
2.8799999999999608E+000	6.4554617982093276E-004
2.8849999999999607E+000	6.3406570512913873E-004
2.8899999999999606E+000	6.2324052173634570E-004
2.8949999999999605E+000	6.1289711680512227E-004
2.8999999999999604E+000	6.0297582957158369E-004
2.9049999999999603E+000	5.9334377157993501E-004
2.9099999999999602E+000	5.8398074400756173E-004
2.9149999999999601E+000	5.7490226476453188E-004
2.9199999999999600E+000	5.3965316120274665E-004
2.9249999999999599E+000	5.3559134859604285E-004
2.9299999999999597E+000	5.2930051527777522E-004
2.9349999999999596E+000	5.2344771188517214E-004
2.9399999999999595E+000	5.1791815566470945E-004
2.9449999999999594E+000	5.1265462237948256E-004
2.9499999999999593E+000	5.0754775095462890E-004
2.9549999999999592E+000	5.0259364019478170E-004
2.9599999999999591E+000	4.9781737390564018E-004
2.9649999999999590E+000	4.9324225615832162E-004
2.9699999999999589E+000	4.8888697473836729E-004
2.9749999999999588E+000	4.8476652933571174E-004
2.9799999999999587E+000	4.8089106588156127E-004
2.9849999999999586E+000	4.7725877941084960E-004
2.9899999999999585E+000	4.7386299756624339E-004
2.9949999999999584E+000	4.7074820351200586E-004
2.9999999999999583E+000	4.6787231021072628E-004
3.0049999999999581E+000	4.6522677147153857E-004
3.0099999999999580E+000	4.6280808881604685E-004
3.0149999999999579E+000	4.6060702826533628E-004
3.0199999999999578E+000	4.5861123012524985E-004
3.0249999999999577E+000	4.5680876415010729E-004
3.0299999999999576E+000	4.5518840024572071E-004
3.0349999999999575E+000	4.5373798153836020E-004
3.0399999999999574E+000	4.5244478109829345E-004
3.0449999999999573E+000	4.5128997234877843E-004
3.0499999999999572E+000	4.5024776635349539E-004
3.0549999999999571E+000	4.4935523923594900E-004
3.0599999999999570E+000	4.4856492598599473E-004
3.0649999999999569E+000	4.4785203252173389E-004
3.0699999999999568E+000	4.4719519513192196E-004
3.0749999999999567E+000	4.4657479617216111E-004
3.0799999999999566E+000	4.4597698149173581E-004
3.0849999999999564E+000	4.4538893806400637E-004
3.0899999999999563E+000	4.4479898616289759E-004
3.0949999999999562E+000	4.4419550179419787E-004
3.0999999999999561E+000	4.4356153974334234E-004
3.1049999999999560E+000	4.4286964256912142E-004
3.1099999999999559E+000	4.4216385786821633E-004
3.1149999999999558E+000	4.4139972976875441E-004
3.1199999999999557E+000	4.4056372680856271E-004
3.1249999999999556E+000	4.3965170128190678E-004
3.1299999999999555E+000	4.3865590341463090E-004
3.1349999999999554E+000	4.3756729066579680E-004
3.1399999999999553E+000	4.3637307783317425E-004
3.1449999999999552E+000	4.3504779238068281E-004
3.1499999999999551E+000	4.3364221767561162E-004
3.1549999999999550E+000	4.3211442416257739E-004
3.1599999999999548E+000	4.3045546205933150E-004
3.1649999999999547E+000	4.2866654263074011E-004
3.1699999999999546E+000	4.2674000776843357E-004
3.1749999999999545E+000	4.2465244301759242E-004
3.1799999999999544E+000	4.2245939543494870E-004
3.1849999999999543E+000	4.2012050752404662E-004
3.1899999999999542E+000	4.1762908663400822E-004
3.1949999999999541E+000	4.1498739507250804E-004
3.1999999999999540E+000	4.1218949330135146E-004
3.2049999999999539E+000	4.0921345240363394E-004
3.2099999999999538E+000	4.0611861149919548E-004
3.2149999999999537E+000	4.0286596452121515E-004
3.2199999999999536E+000	3.9945155035026048E-004
3.2249999999999535E+000	3.9587604418889200E-004
3.2299999999999534E+000	3.9213284518124780E-004
3.2349999999999532E+000	3.8820300835284982E-004
3.2399999999999531E+000	3.8418257331729322E-004
3.2449999999999530E+000	3.8001486383842931E-004
3.2499999999999529E+000	3.7573105812871432E-004
3.2549999999999528E+000	3.7131704832393808E-004
3.2599999999999527E+000	3.6676849062944328E-004
3.2649999999999526E+000	3.6208420049765877E-004
3.2699999999999525E+000	3.5726174121331056E-004
3.2749999999999524E+000	3.5230729419888362E-004
3.2799999999999523E+000	3.4718987559667625E-004
3.2849999999999522E+000	3.4201832786129316E-004
3.2899999999999521E+000	3.3673415469470669E-004
3.2949999999999520E+000	2.8671534919144648E-004
3.2999999999999519E+000	2.8045985645563931E-004
3.3049999999999518E+000	2.7619307950610406E-004
3.3099999999999516E+000	2.7105081418721255E-004
3.3149999999999515E+000	2.6701992818178866E-004
3.3199999999999514E+000	2.6328058905678020E-004
3.3249999999999513E+000	2.5946851287805828E-004
3.3299999999999512E+000	2.5545574318641684E-004
3.3349999999999511E+000	2.5134480385835545E-004
3.3399999999999510E+000	2.4705085989795705E-004
3.3449999999999509E+000	2.4255519695381977E-004
3.3499999999999508E+000	2.3790643290588775E-004
3.3549999999999507E+000	2.3312773121242358E-004
3.3599999999999506E+000	2.2823068022415072E-004
3.3649999999999505E+000	1.9602772097693233E-004
3.3699999999999504E+000	1.8689338273514267E-004
3.3749999999999503E+000	1.8348251032707097E-004
3.3799999999999502E+000	1.7870959806520759E-004
3.3849999999999500E+000	1.7496807829253669E-004
3.3899999999999499E+000	1.7141232965656172E-004
3.3949999999999498E+000	1.6776425062348110E-004
3.3999999999999497E+000	1.6394213447501471E-004
3.4049999999999496E+000	1.6004189144869230E-004
3.4099999999999495E+000	1.5600218711853131E-004
3.4149999999999494E+000	1.5183240427951716E-004
3.4199999999999493E+000	1.4756538860671853E-004
3.4249999999999492E+000	1.4320714152571412E-004
3.4299999999999491E+000	1.3878822659885159E-004
3.4349999999999490E+000	1.3443115997890942E-004
3.4399999999999489E+000	1.3006475439025778E-004
3.4449999999999488E+000	1.2569344773183388E-004
3.4499999999999487E+000	1.2131074641663631E-004
3.4549999999999486E+000	1.1693285647851326E-004
3.4599999999999485E+000	1.1266926618791473E-004
3.4649999999999483E+000	1.0845717429175394E-004
3.4699999999999482E+000	1.0434107949119920E-004
3.4749999999999481E+000	1.0025437455007946E-004
3.4799999999999480E+000	9.6227156805905878E-005
3.4849999999999479E+000	9.2265580282635540E-005
3.4899999999999478E+000	8.8455092218886477E-005
3.4949999999999477E+000	8.4723210883375089E-005
3.4999999999999476E+000	8.1091250799136816E-005
3.5049999999999475E+000	7.7556701356229496E-005
3.5099999999999474E+000	7.4131206019067974E-005
3.5149999999999473E+000	7.0877025241777858E-005
3.5199999999999472E+000	6.7714176085420519E-005
3.5249999999999471E+000	6.4662320146791075E-005
3.5299999999999470E+000	6.1694239687160035E-005
3.5349999999999469E+000	5.8826649274035248E-005
3.5399999999999467E+000	3.4776665663205364E-005
3.5449999999999466E+000	3.8210186899867438E-005
3.5499999999999465E+000	3.6525402266285312E-005
3.5549999999999464E+000	3.5361215310114602E-005
3.5599999999999463E+000	3.4428063303781897E-005
3.5649999999999462E+000	3.3570433632057473E-005
3.5699999999999461E+000	3.2699106068623252E-005
3.5749999999999460E+000	3.1838742579282098E-005
3.5799999999999459E+000	3.0885298478278145E-005
3.5849999999999458E+000	2.9894567332267030E-005
3.5899999999999457E+000	2.8840206664604295E-005
3.5949999999999456E+000	2.7739744047128312E-005
3.5999999999999455E+000	2.6686760094207784E-005
3.6049999999999454E+000	2.5611466405006666E-005
3.6099999999999453E+000	2.4571011520091446E-005
3.6149999999999451E+000	2.3529066377037111E-005
3.6199999999999450E+000	2.2501161101917688E-005
3.6249999999999449E+000	2.1483991697213156E-005
3.6299999999999448E+000	2.0537542457788049E-005
3.6349999999999447E+000	1.9584538599737300E-005
3.6399999999999446E+000	1.8675847557325653E-005
3.6449999999999445E+000	1.7769670460854314E-005
3.6499999999999444E+000	1.6876612726424156E-005
3.6549999999999443E+000	1.5991008190940903E-005
3.6599999999999442E+000	1.5191867706043638E-005
3.6649999999999441E+000	1.4377954123734327E-005
3.6699999999999440E+000	1.3604443679149369E-005
3.6749999999999439E+000	1.2917939422152358E-005
3.6799999999999438E+000	1.2276177556724832E-005
3.6849999999999437E+000	1.1613026474677213E-005
3.6899999999999435E+000	1.0972111467388856E-005
3.6949999999999434E+000	1.0292136429335130E-005
3.6999999999999433E+000	9.6329479233325799E-006
3.7049999999999432E+000	8.9506532248151416E-006
3.7099999999999431E+000	8.2509711529787921E-006
3.7149999999999430E+000	7.5279224405200296E-006
3.7199999999999429E+000	6.8200749998581500E-006
3.7249999999999428E+000	6.0024390782231762E-006
3.7299999999999427E+000	5.1781090619762438E-006
3.7349999999999426E+000	4.3095433408524286E-006
3.7399999999999425E+000	3.4078746433685581E-006
3.7449999999999424E+000	2.4690347442124505E-006
3.7499999999999423E+000	1.5299335309748585E-006
3.7549999999999422E+000	5.2684585849505083E-007
3.7599999999999421E+000	-4.9456623774091213E-007
3.7649999999999419E+000	-1.5490669964535186E-006
3.7699999999999418E+000	-2.6444876577436105E-006
3.7749999999999417E+000	-3.7882343195683177E-006
3.7799999999999416E+000	-4.9449061054751553E-006
3.7849999999999415E+000	-6.1743892305621273E-006
3.7899999999999414E+000	-7.4103917153678367E-006
3.7949999999999413E+000	-8.6987318805853420E-006
3.7999999999999412E+000	-1.0046127531637694E-005
3.8049999999999411E+000	-1.1417728076335010E-005
3.8099999999999410E+000	-1.2815349649031305E-005
3.8149999999999409E+000	-1.4282768170836846E-005
3.8199999999999408E+000	-1.5786298403153154E-005
3.8249999999999407E+000	-1.7317625403912018E-005
3.8299999999999406E+000	-1.8914274870773795E-005
3.8349999999999405E+000	-2.0535891675610429E-005
3.8399999999999403E+000	-2.2230268046818935E-005
3.8449999999999402E+000	-2.3931029799584280E-005
3.8499999999999401E+000	-2.5680794585092315E-005
3.8549999999999400E+000	-2.7476434599105204E-005
3.8599999999999399E+000	-2.9302621080251612E-005
3.8649999999999398E+000	-3.1147114198937231E-005
3.8699999999999397E+000	-3.3044278983762609E-005
3.8749999999999396E+000	-3.4994782869723906E-005
3.8799999999999395E+000	-3.6935370689494817E-005
3.8849999999999394E+000	-3.8912928529644120E-005
3.8899999999999393E+000	-4.0925623742804618E-005
3.8949999999999392E+000	-4.2957740113092058E-005
3.8999999999999391E+000	-4.4996016816956086E-005
3.9049999999999390E+000	-4.7085713451799904E-005
3.9099999999999389E+000	-4.9155875156081663E-005
3.9149999999999388E+000	-5.1260396095376137E-005
3.9199999999999386E+000	-5.3368859405544811E-005
3.9249999999999385E+000	-5.5555975312149286E-005
3.9299999999999384E+000	-5.7734236721174170E-005
3.9349999999999383E+000	-5.9917674556597689E-005
3.9399999999999382E+000	-6.2119454815157127E-005
3.9449999999999381E+000	-6.4305308833834118E-005
3.9499999999999380E+000	-6.6518080198196827E-005
3.9549999999999379E+000	-6.8693444935430392E-005
3.9599999999999378E+000	-7.0875447266249836E-005
3.9649999999999377E+000	-7.3063590959598912E-005
3.9699999999999376E+000	-7.5222476806136029E-005
3.9749999999999375E+000	-7.7383237774064639E-005
3.9799999999999374E+000	-7.9548389164685318E-005
3.9849999999999373E+000	-8.1666402029778595E-005
3.9899999999999372E+000	-8.3762981960333605E-005
3.9949999999999370E+000	-8.5844144396052258E-005
3.9999999999999369E+000	-8.7907796206376787E-005
4.0049999999999368E+000	-8.9925580089467161E-005
4.0099999999999367E+000	-9.1929796422807186E-005
4.0149999999999366E+000	-9.3923373542192934E-005
4.0199999999999365E+000	-9.5846750685968374E-005
4.0249999999999364E+000	-9.7747068328324360E-005
4.0299999999999363E+000	-9.9618360524189598E-005
4.0349999999999362E+000	-1.0145836627639682E-004
4.0399999999999361E+000	-1.0324007654727296E-004
4.0449999999999360E+000	-1.0499696489052468E-004
4.0499999999999359E+000	-1.0672346296036750E-004
4.0549999999999358E+000	-1.0837085758508280E-004
4.0599999999999357E+000	-1.0998577655563224E-004
4.0649999999999356E+000	-1.1158794385668358E-004
4.0699999999999354E+000	-1.1315895840313672E-004
4.0749999999999353E+000	-1.1466756030564795E-004
4.0799999999999352E+000	-1.1614700976014802E-004
4.0849999999999351E+000	-1.1760227689716629E-004
4.0899999999999350E+000	-1.1897833017160409E-004
4.0949999999999349E+000	-1.2031999529860116E-004
4.0999999999999348E+000	-1.2162826352746237E-004
4.1049999999999347E+000	-1.2286934593674914E-004
4.1099999999999346E+000	-1.2408961165988330E-004
4.1149999999999345E+000	-1.2524238014899325E-004
4.1199999999999344E+000	-1.2636456709325117E-004
4.1249999999999343E+000	-1.2745592685714513E-004
4.1299999999999342E+000	-1.2848337436333068E-004
4.1349999999999341E+000	-1.2949379320348342E-004
4.1399999999999340E+000	-1.3044048175991918E-004
4.1449999999999338E+000	-1.3136626212606473E-004
4.1499999999999337E+000	-1.3223691280650485E-004
4.1549999999999336E+000	-1.3309391470262000E-004
4.1599999999999335E+000	-1.3389214411629879E-004
4.1649999999999334E+000	-1.3466767531244983E-004
4.1699999999999333E+000	-1.3542062767246676E-004
4.1749999999999332E+000	-1.3611766516596902E-004
4.1799999999999331E+000	-1.3680647631275633E-004
4.1849999999999330E+000	-1.3744175051044749E-004
4.1899999999999329E+000	-1.3805883317719037E-004
4.1949999999999328E+000	-1.3865912228627764E-004
4.1999999999999327E+000	-1.3920917041554404E-004
4.2049999999999326E+000	-1.3974558959883865E-004
4.2099999999999325E+000	-1.4027761670076799E-004
4.2149999999999324E+000	-1.4075611330044424E-004
4.2199999999999322E+000	-1.4122235505054093E-004
4.2249999999999321E+000	-1.4167264873288232E-004
4.2299999999999320E+000	-1.4210731286690148E-004
4.2349999999999319E+000	-1.4250292971418332E-004
4.2399999999999318E+000	-1.4289695404512415E-004
4.2449999999999317E+000	-1.4329743159713360E-004
4.2499999999999316E+000	-1.4365616334721665E-004
4.2549999999999315E+000	-1.4401328430579952E-004
4.2599999999999314E+000	-1.4437247151288801E-004
4.2649999999999313E+000	-1.4469849637421817E-004
4.2699999999999312E+000	-1.4504185569474970E-004
4.2749999999999311E+000	-1.4536098138329123E-004
4.2799999999999310E+000	-1.4568847790297212E-004
4.2849999999999309E+000	-1.4602591028589629E-004
4.2899999999999308E+000	-1.4633825221110897E-004
4.2949999999999307E+000	-1.4666413070330009E-004
4.2999999999999305E+000	-1.4701338808764675E-004
4.3049999999999304E+000	-1.4733758663476593E-004
4.3099999999999303E+000	-1.4767882920807551E-004
4.3149999999999302E+000	-1.4801773733674750E-004
4.3199999999999301E+000	-1.4835971130855441E-004
4.3249999999999300E+000	-1.4867992840938982E-004
4.3299999999999299E+000	-1.4902126298155238E-004
4.3349999999999298E+000	-1.4939292363180812E-004
4.3399999999999297E+000	-1.4974699796610480E-004
4.3449999999999296E+000	-1.5010981660257272E-004
4.3499999999999295E+000	-1.5048185040722473E-004
4.3549999999999294E+000	-1.5086459097934934E-004
4.3599999999999293E+000	-1.5123246587966932E-004
4.3649999999999292E+000	-1.5162855432260258E-004
4.3699999999999291E+000	-1.5206175301329949E-004
4.3749999999999289E+000	-1.5247930964124023E-004
4.3799999999999288E+000	-1.5292120545629118E-004
4.3849999999999287E+000	-1.5338384840113406E-004
4.3899999999999286E+000	-1.5386797792427132E-004
4.3949999999999285E+000	-1.5434672494274437E-004
4.3999999999999284E+000	-1.5485857145280946E-004
4.4049999999999283E+000	-1.5541289967790917E-004
4.4099999999999282E+000	-1.5595465802764608E-004
4.4149999999999281E+000	-1.5652385807385372E-004
4.4199999999999280E+000	-1.5711626833869730E-004
4.4249999999999279E+000	-1.5773313678479894E-004
4.4299999999999278E+000	-1.5834465812325504E-004
4.4349999999999277E+000	-1.5899077708825260E-004
4.4399999999999276E+000	-1.5968042294867146E-004
4.4449999999999275E+000	-1.6035658708313250E-004
4.4499999999999273E+000	-1.6106021394124426E-004
4.4549999999999272E+000	-1.6178526976773355E-004
4.4599999999999271E+000	-1.6253351802220095E-004
4.4649999999999270E+000	-1.6327617451938892E-004
4.4699999999999269E+000	-1.6405088641135990E-004
4.4749999999999268E+000	-1.6486749608057849E-004
4.4799999999999267E+000	-1.6566743049795107E-004
4.4849999999999266E+000	-1.6649164291049345E-004
4.4899999999999265E+000	-1.6733395200452250E-004
4.4949999999999264E+000	-1.6819776989773771E-004
4.4999999999999263E+000	-1.6905032682767995E-004
4.5049999999999262E+000	-1.6993377288976319E-004
4.5099999999999261E+000	-1.7085540595429549E-004
4.5149999999999260E+000	-1.7175500834376578E-004
4.5199999999999259E+000	-1.7267515297048064E-004
4.5249999999999257E+000	-1.7360904115104603E-004
4.5299999999999256E+000	-1.8088893336098977E-004
4.5349999999999255E+000	-1.8163028931583725E-004
4.5399999999999254E+000	-1.8937222028680978E-004
4.5449999999999253E+000	-1.9458272091821271E-004
4.5499999999999252E+000	-1.9798383504321393E-004
4.5549999999999251E+000	-2.0024289327080780E-004
4.5599999999999250E+000	-2.0183937686502063E-004
4.5649999999999249E+000	-2.0306020878280151E-004
4.5699999999999248E+000	-2.0412467768560205E-004
4.5749999999999247E+000	-2.0504723287206872E-004
4.5799999999999246E+000	-2.0591146847026565E-004
4.5849999999999245E+000	-2.0674915710428010E-004
4.5899999999999244E+000	-2.0754606109241180E-004
4.5949999999999243E+000	-2.0833819421195443E-004
4.5999999999999241E+000	-2.0912902066871908E-004
4.6049999999999240E+000	-2.0985897447056701E-004
4.6099999999999239E+000	-2.1058311019439557E-004
4.6149999999999238E+000	-2.1131867571044793E-004
4.6199999999999237E+000	-2.1203959154769692E-004
4.6249999999999236E+000	-2.1277775474004557E-004
4.6299999999999235E+000	-2.2720696139355567E-004
4.6349999999999234E+000	-2.2135862761629710E-004
4.6399999999999233E+000	-2.2704882167889906E-004
4.6449999999999232E+000	-2.3096585676718462E-004
4.6499999999999231E+000	-2.3335211092812003E-004
4.6549999999999230E+000	-2.3480854249102734E-004
4.6599999999999229E+000	-2.3574492846334394E-004
4.6649999999999228E+000	-2.3645793851656549E-004
4.6699999999999227E+000	-2.3706991153238377E-004
4.6749999999999226E+000	-2.3764648726665172E-004
4.6799999999999224E+000	-2.3815585982500664E-004
4.6849999999999223E+000	-2.3865356857966091E-004
4.6899999999999222E+000	-2.3915561170984034E-004
4.6949999999999221E+000	-2.3962830249324441E-004
4.6999999999999220E+000	-2.4010893275772105E-004
4.7049999999999219E+000	-2.4060188103192104E-004
4.7099999999999218E+000	-2.4105053707446089E-004
4.7149999999999217E+000	-2.4151398428440274E-004
4.7199999999999216E+000	-2.4201087725650439E-004
4.7249999999999215E+000	-2.4253224091497216E-004
4.7299999999999214E+000	-2.4307985331928350E-004
4.7349999999999213E+000	-2.4359680122953975E-004
4.7399999999999212E+000	-2.4412846909838137E-004
4.7449999999999211E+000	-2.4468745367300926E-004
4.7499999999999210E+000	-2.4523144044241718E-004
4.7549999999999208E+000	-2.4579832164128845E-004
4.7599999999999207E+000	-2.4637589897569256E-004
4.7649999999999206E+000	-2.4696947660451940E-004
4.7699999999999205E+000	-2.4753182486136893E-004
4.7749999999999204E+000	-2.4810575603728680E-004
4.7799999999999203E+000	-2.4870156996614767E-004
4.7849999999999202E+000	-2.4927314260558830E-004
4.7899999999999201E+000	-2.4986010098171363E-004
4.7949999999999200E+000	-2.5045029998738144E-004
4.7999999999999199E+000	-2.5104933254693762E-004
4.8049999999999198E+000	-2.5161207767343541E-004
4.8099999999999197E+000	-2.5219134488674300E-004
4.8149999999999196E+000	-2.5274401929875623E-004
4.8199999999999195E+000	-2.5330744122431526E-004
4.8249999999999194E+000	-2.5388434099582469E-004
4.8299999999999192E+000	-2.5442326449853780E-004
4.8349999999999191E+000	-2.5497641929472792E-004
4.8399999999999190E+000	-2.5549778612976581E-004
4.8449999999999189E+000	-2.5602665178814377E-004
4.8499999999999188E+000	-5.8201736530838488E-004
4.8549999999999187E+000	-2.7010870134391851E-004
4.8599999999999186E+000	-2.6701224061342899E-004
4.8649999999999185E+000	-2.7429970301451334E-004
4.8649999999999185E+000	-2.6948663722681232E-004
4.8699999999999184E+000	-2.7654703426716054E-004
4.8749999999999183E+000	-2.8109725649239081E-004
4.8799999999999182E+000	-2.8372241592622416E-004
4.8849999999999181E+000	-2.8512751030351779E-004
4.8899999999999180E+000	-2.8588048460598259E-004
4.8949999999999179E+000	-2.7796566446136595E-004
4.8999999999999178E+000	-2.7283575273928662E-004
4.9049999999999176E+000	-2.7785180038275570E-004
4.9099999999999175E+000	-2.8103841638005278E-004
4.9149999999999174E+000	-2.8283397466877247E-004
4.9199999999999173E+000	-2.8382380185254519E-004
4.9249999999999172E+000	-2.8432135116807089E-004
4.9299999999999171E+000	-2.8457824656813457E-004
4.9349999999999170E+000	-2.8470990148932174E-004
4.9399999999999169E+000	-2.8471783842265452E-004
4.9449999999999168E+000	-2.8467588071112715E-004
4.9499999999999167E+000	-2.8454882800721393E-004
4.9549999999999166E+000	-2.8438266955133074E-004
4.9599999999999165E+000	-2.8419136699486813E-004
4.9649999999999164E+000	-2.8394171032841697E-004
4.9699999999999163E+000	-2.8367510448834565E-004
4.9749999999999162E+000	-2.8340679633309662E-004
4.9799999999999160E+000	-2.8309658765657275E-004
4.9849999999999159E+000	-2.8279270296716064E-004
4.9899999999999158E+000	-2.8249708666949758E-004
4.9949999999999157E+000	-2.8221052618571107E-004
4.9999999999999156E+000	-2.8191042708813896E-004
5.0049999999999155E+000	-2.8163084125543136E-004
5.0099999999999154E+000	-2.8138541671474115E-004
5.0149999999999153E+000	-2.8111282261011894E-004
5.0199999999999152E+000	-2.8085802584687514E-004
5.0249999999999151E+000	-2.8062948473905891E-004
5.0299999999999150E+000	-2.8038666956753389E-004
5.0349999999999149E+000	-2.8016275146391934E-004
5.0399999999999148E+000	-2.8630880790592173E-004
5.0449999999999147E+000	-2.8652993133526650E-004
5.0499999999999146E+000	-2.8235196268955320E-004
5.0549999999999145E+000	-2.8759659058463782E-004
5.0599999999999143E+000	-2.9077861953918926E-004
5.0649999999999142E+000	-2.9237778337076747E-004
5.0699999999999141E+000	-2.9300972725021524E-004
5.0749999999999140E+000	-2.9315324597956050E-004
5.0799999999999139E+000	-2.9305381135369402E-004
5.0849999999999138E+000	-2.9284457648204310E-004
5.0899999999999137E+000	-2.9253921567073959E-004
5.0949999999999136E+000	-2.9219826219728517E-004
5.0999999999999135E+000	-2.9177995201745688E-004
5.1049999999999134E+000	-2.9132452818947385E-004
5.1099999999999133E+000	-2.9083346949221323E-004
5.1149999999999132E+000	-2.9028138144671090E-004
5.1199999999999131E+000	-2.8970242998171969E-004
5.1249999999999130E+000	-2.8911966317846094E-004
5.1299999999999129E+000	-2.8848950607285317E-004
5.1349999999999127E+000	-2.8785697794697640E-004
5.1399999999999126E+000	-2.8721690758182206E-004
5.1449999999999125E+000	-2.8659015111154318E-004
5.1499999999999124E+000	-2.8595097523398394E-004
5.1549999999999123E+000	-2.8532996203711747E-004
5.1599999999999122E+000	-2.8474095813635358E-004
5.1649999999999121E+000	-2.8412836460889324E-004
5.1699999999999120E+000	-2.8352953672738934E-004
5.1749999999999119E+000	-2.8295526558741457E-004
5.1799999999999118E+000	-2.8236969508954601E-004
5.1849999999999117E+000	-2.8181503565827271E-004
5.1899999999999116E+000	-2.8124172389754065E-004
5.1949999999999115E+000	-2.8069348538206640E-004
5.1999999999999114E+000	-2.8013498917633939E-004
5.2049999999999113E+000	-2.7960371428115138E-004
5.2099999999999111E+000	-2.7905054954846520E-004
5.2149999999999110E+000	-2.7850618167191143E-004
5.2199999999999109E+000	-2.7797926505312986E-004
5.2249999999999108E+000	-2.7743418801895459E-004
5.2299999999999107E+000	-2.7691332886359277E-004
5.2349999999999106E+000	-2.7636677286402289E-004
5.2399999999999105E+000	-2.7582584124852261E-004
5.2449999999999104E+000	-2.7529939924075819E-004
5.2499999999999103E+000	-2.7475350858185976E-004
5.2549999999999102E+000	-2.7421596368037982E-004
5.2599999999999101E+000	-2.7370072139065726E-004
5.2649999999999100E+000	-2.7314962918012498E-004
5.2699999999999099E+000	-2.7259814563862506E-004
5.2749999999999098E+000	-2.7204386025969640E-004
5.2799999999999097E+000	-2.7149533625481226E-004
5.2849999999999095E+000	-2.7092603896328171E-004
5.2899999999999094E+000	-2.7037758591141881E-004
5.2949999999999093E+000	-2.6979832900630996E-004
5.2999999999999092E+000	-2.6921928731438172E-004
5.3049999999999091E+000	-2.6864909294221917E-004
5.3099999999999090E+000	-2.6805638042404212E-004
5.3149999999999089E+000	-2.6746876360217442E-004
5.3199999999999088E+000	-2.6690062216960797E-004
5.3249999999999087E+000	-2.6629271126132892E-004
5.3299999999999086E+000	-2.6567942838928715E-004
5.3349999999999085E+000	-2.6505979665492063E-004
5.3399999999999084E+000	-2.6444356495369803E-004
5.3449999999999083E+000	-2.6380540568204935E-004
5.3499999999999082E+000	-2.6318632082311666E-004
5.3549999999999081E+000	-2.6253415940846736E-004
5.3599999999999079E+000	-2.6187942840438794E-004
5.3649999999999078E+000	-2.6123143864786869E-004
5.3699999999999077E+000	-2.6056069768509715E-004
5.3749999999999076E+000	-2.5990911020690177E-004
5.3799999999999075E+000	-2.5922425352886691E-004
5.3849999999999074E+000	-2.5853672513154180E-004
5.3899999999999073E+000	-2.5785604345829327E-004
5.3949999999999072E+000	-2.5715360669709142E-004
5.3999999999999071E+000	-2.5647125235561674E-004
5.4049999999999070E+000	-2.5575607145755797E-004
5.4099999999999069E+000	-2.5503845639462952E-004
5.4149999999999068E+000	-2.5432799199665013E-004
5.4199999999999067E+000	-2.5359672791047672E-004
5.4249999999999066E+000	-2.5288642409515560E-004
5.4299999999999065E+000	-2.5214397347594897E-004
5.4349999999999064E+000	-2.5139927297646025E-004
5.4399999999999062E+000	-2.5066277040064477E-004
5.4449999999999061E+000	-2.4990530513768761E-004
5.4499999999999060E+000	-2.4916954725995311E-004
5.4549999999999059E+000	-2.4840503795919844E-004
5.4599999999999058E+000	-2.4764156646472912E-004
5.4649999999999057E+000	-2.4688255029303718E-004
5.4699999999999056E+000	-2.4610398313962278E-004
5.4749999999999055E+000	-2.4534562405253979E-004
5.4799999999999054E+000	-2.4455938762812934E-004
5.4849999999999053E+000	-2.4377415935461499E-004
5.4899999999999052E+000	-2.4298132601874300E-004
5.4949999999999051E+000	-2.4219353966659085E-004
5.4999999999999050E+000	-2.4138946350316104E-004
5.5049999999999049E+000	-2.4059421038291617E-004
5.5099999999999048E+000	-2.3982118254384233E-004
5.5149999999999046E+000	-2.3900903578422117E-004
5.5199999999999045E+000	-2.3819482210463150E-004
5.5249999999999044E+000	-2.3737808015189543E-004
5.5299999999999043E+000	-2.3655906232722401E-004
5.5349999999999042E+000	-2.3575648267692983E-004
5.5399999999999041E+000	-2.3495333836054400E-004
5.5449999999999040E+000	-2.3419735083951565E-004
5.5499999999999039E+000	-2.3335979304572874E-004
5.5549999999999038E+000	-2.3251109973276840E-004
5.5599999999999037E+000	-2.3167600229623275E-004
5.5649999999999036E+000	-2.3082995909717852E-004
5.5699999999999035E+000	-2.3000798663508348E-004
5.5749999999999034E+000	-2.2915341413209944E-004
5.5799999999999033E+000	-2.2829868460227942E-004
5.5849999999999032E+000	-2.2744969336407905E-004
5.5899999999999030E+000	-2.2658702784861262E-004
5.5949999999999029E+000	-2.2573306016049344E-004
5.5999999999999028E+000	-2.2490165352317959E-004
5.6049999999999027E+000	-2.2403137943038942E-004
5.6099999999999026E+000	-2.2315908790515593E-004
5.6149999999999025E+000	-2.2228523036549319E-004
5.6199999999999024E+000	-2.2140819612559426E-004
5.6249999999999023E+000	-2.2053466184335235E-004
5.6299999999999022E+000	-2.1964809681440656E-004
5.6349999999999021E+000	-2.1876945313792362E-004
5.6399999999999020E+000	-2.1791241159263564E-004
5.6449999999999019E+000	-2.1701776987193000E-004
5.6499999999999018E+000	-2.1613522138475005E-004
5.6549999999999017E+000	-2.1526418199036002E-004
5.6599999999999016E+000	-2.1439872108475200E-004
5.6649999999999014E+000	-2.1353772584209452E-004
5.6699999999999013E+000	-2.1266748860426787E-004
5.6749999999999012E+000	-2.1177899604341022E-004
5.6799999999999011E+000	-2.1085392898356758E-004
5.6849999999999010E+000	-2.0993062778229543E-004
5.6899999999999009E+000	-2.0901202486811599E-004
5.6949999999999008E+000	-2.0808168048835896E-004
5.6999999999999007E+000	-2.0715786974800920E-004
5.7049999999999006E+000	-2.0625503912885534E-004
5.7099999999999005E+000	-2.0531026969106136E-004
5.7149999999999004E+000	-2.0436169646798064E-004
5.7199999999999003E+000	-2.0341082537500554E-004
5.7249999999999002E+000	-2.0246414469049512E-004
5.7299999999999001E+000	-2.0150721141165562E-004
5.7349999999999000E+000	-2.0055542422481309E-004
5.7399999999998998E+000	-1.9962384467842043E-004
5.7449999999998997E+000	-1.9865104651861643E-004
5.7499999999998996E+000	-1.9767473235710042E-004
5.7549999999998995E+000	-1.9669526560095463E-004
5.7599999999998994E+000	-1.9571162559506305E-004
5.7649999999998993E+000	-1.9474435697697245E-004
5.7699999999998992E+000	-1.9377280737531422E-004
5.7749999999998991E+000	-1.9282358515493314E-004
5.7799999999998990E+000	-1.9184305308206362E-004
5.7849999999998989E+000	-1.9085452564970851E-004
5.7899999999998988E+000	-1.8987396862879535E-004
5.7949999999998987E+000	-1.8886484779079282E-004
5.7999999999998986E+000	-1.8784290935114356E-004
5.8049999999998985E+000	-1.8682958970295260E-004
5.8099999999998984E+000	-1.8583296660334980E-004
5.8149999999998983E+000	-1.8479426207829164E-004
5.8199999999998981E+000	-1.8374789028907657E-004
5.8249999999998980E+000	-1.8270678019005615E-004
5.8299999999998979E+000	-1.8165312592710592E-004
5.8349999999998978E+000	-1.8060197810143563E-004
5.8399999999998977E+000	-1.7957132308588086E-004
5.8449999999998976E+000	-1.7849980078032956E-004
5.8499999999998975E+000	-1.7742424330879913E-004
5.8549999999998974E+000	-1.7634484560824504E-004
5.8599999999998973E+000	-1.7526803610490305E-004
5.8649999999998972E+000	-1.7418083838816045E-004
5.8699999999998971E+000	-1.7325173950899497E-004
5.8749999999998970E+000	-1.7229948735453249E-004
5.8799999999998969E+000	-1.7134723109535344E-004
5.8849999999998968E+000	-1.7039466460788688E-004
5.8899999999998967E+000	-1.6945780529020738E-004
5.8949999999998965E+000	-1.6851429325148715E-004
5.8999999999998964E+000	-1.6759011180589312E-004
5.9049999999998963E+000	-1.6664107268882233E-004
5.9099999999998962E+000	-1.6568423793517084E-004
5.9149999999998961E+000	-1.6473133728389655E-004
5.9199999999998960E+000	-1.6375562673598409E-004
5.9249999999998959E+000	-1.6276577104035184E-004
5.9299999999998958E+000	-1.6178608057559885E-004
5.9349999999998957E+000	-1.6082502735104143E-004
5.9399999999998956E+000	-1.5982528146984976E-004
5.9449999999998955E+000	-1.5881779727333623E-004
5.9499999999998954E+000	-1.5781544695014915E-004
5.9549999999998953E+000	-1.5680162790676633E-004
5.9599999999998952E+000	-1.5579114859454180E-004
5.9649999999998951E+000	-1.5480087818309229E-004
5.9699999999998949E+000	-1.5377504860403235E-004
5.9749999999998948E+000	-1.5274565279632668E-004
5.9799999999998947E+000	-1.5171374198841292E-004
5.9849999999998946E+000	-1.5068695587006076E-004
5.9899999999998945E+000	-1.4964791582006143E-004
5.9949999999998944E+000	-1.4862807442783676E-004
5.9999999999998943E+000	-1.4757982310964479E-004
6.0049999999998942E+000	-1.4653019103860743E-004
6.0099999999998941E+000	-1.4548966110261574E-004
6.0149999999998940E+000	-1.4443623574411646E-004
6.0199999999998939E+000	-1.4340188325823178E-004
6.0249999999998938E+000	-1.4234000313528838E-004
6.0299999999998937E+000	-1.4127906905248011E-004
6.0349999999998936E+000	-1.4022925002343811E-004
6.0399999999998935E+000	-1.3919699087550086E-004
6.0449999999998933E+000	-1.3815063977729025E-004
6.0499999999998932E+000	-1.3713083491628808E-004
6.0549999999998931E+000	-1.3605485662848693E-004
6.0599999999998930E+000	-1.3496885066643927E-004
6.0649999999998929E+000	-1.3389743166314361E-004
6.0699999999998928E+000	-1.3281642399043392E-004
6.0749999999998927E+000	-1.3174404393323513E-004
6.0799999999998926E+000	-1.3069349648375805E-004
6.0849999999998925E+000	-1.2961420888846220E-004
6.0899999999998924E+000	-1.2853126321576980E-004
6.0949999999998923E+000	-1.2745595956475952E-004
6.0999999999998922E+000	-1.2637066372445105E-004
6.1049999999998921E+000	-1.2530753717809873E-004
6.1099999999998920E+000	-1.2422008977708288E-004
6.1149999999998919E+000	-1.2313367726868307E-004
6.1199999999998917E+000	-1.2205868564496569E-004
6.1249999999998916E+000	-1.2098283049866154E-004
6.1299999999998915E+000	-1.1992900682722407E-004
6.1349999999998914E+000	-1.1884588958332998E-004
6.1399999999998913E+000	-1.1797585131079202E-004
6.1449999999998912E+000	-1.1717288053647579E-004
6.1499999999998911E+000	-1.1637850664225624E-004
6.1549999999998910E+000	-1.1556713930227502E-004
6.1599999999998909E+000	-1.1476875624305549E-004
6.1649999999998908E+000	-1.1395253876766986E-004
6.1699999999998907E+000	-1.1312134504892768E-004
6.1749999999998906E+000	-1.1230130117789727E-004
6.1799999999998905E+000	-1.1142455125279227E-004
6.1849999999998904E+000	-1.1056201270021049E-004
6.1899999999998903E+000	-1.0966763676911739E-004
6.1949999999998902E+000	-1.0876071757959238E-004
6.1999999999998900E+000	-1.0785694414972014E-004
6.2049999999998899E+000	-1.0693714801357501E-004
6.2099999999998898E+000	-1.0602223978128933E-004
6.2149999999998897E+000	-1.0512663035777692E-004
6.2199999999998896E+000	-1.0420201509075966E-004
6.2249999999998895E+000	-1.0327024695921949E-004
6.2299999999998894E+000	-1.0234288225774435E-004
6.2349999999998893E+000	-1.0140322781904132E-004
6.2399999999998892E+000	-1.0048364816128696E-004
6.2449999999998891E+000	-9.9539656434277646E-005
6.2499999999998890E+000	-9.8594276360941535E-005
6.2549999999998889E+000	-9.7648123416060884E-005
6.2599999999998888E+000	-9.6709618264245734E-005
6.2649999999998887E+000	-9.5763325985487313E-005
6.2699999999998886E+000	-9.4835300894491326E-005
6.2749999999998884E+000	-9.3888606288672349E-005
6.2799999999998883E+000	-9.2941323565742806E-005
6.2849999999998882E+000	-9.2018498300650009E-005
6.2899999999998881E+000	-9.1094894597798515E-005
6.2949999999998880E+000	-9.0173502816259798E-005
6.2999999999998879E+000	-8.9263070279343992E-005
6.3049999999998878E+000	-8.8332024376303053E-005
6.3099999999998877E+000	-8.7427742192058844E-005
6.3149999999998876E+000	-8.6481591691445203E-005
6.3199999999998875E+000	-8.5525198342484288E-005
6.3249999999998874E+000	-8.4572409878802546E-005
6.3299999999998873E+000	-8.3632547542400459E-005
6.3349999999998872E+000	-8.2687327087604956E-005
6.3399999999998871E+000	-8.1752685184621754E-005
6.3449999999998870E+000	-8.0824773329268851E-005
6.3499999999998868E+000	-1.0096574917284329E-004
6.3549999999998867E+000	-1.0230301830560506E-004
6.3599999999998866E+000	-9.7724780800056976E-005
6.3649999999998865E+000	-1.0221071068006182E-004
6.3699999999998864E+000	-1.0470656509431464E-004
6.3749999999998863E+000	-1.0518383705582224E-004
6.3799999999998862E+000	-1.3024027879904310E-004
6.3849999999998861E+000	-1.3052382074008051E-004
6.3899999999998860E+000	-1.1084329297750273E-004
6.3949999999998859E+000	-1.0466378425144640E-004
6.3999999999998858E+000	-1.0056616092191106E-004
6.4049999999998857E+000	-9.7546670172921068E-005
6.4099999999998856E+000	-9.5203041940550293E-005
6.4149999999998855E+000	-9.3298595382762528E-005
6.4199999999998854E+000	-9.1638040604191673E-005
6.4249999999998852E+000	-9.0075502448438982E-005
6.4299999999998851E+000	-8.8525758521917908E-005
6.4349999999998850E+000	-8.6908063518631451E-005
6.4399999999998849E+000	-8.5228476025545064E-005
6.4449999999998848E+000	-8.3502510084265680E-005
6.4499999999998847E+000	-8.1730129684931541E-005
6.4549999999998846E+000	-7.9928146490715335E-005
6.4599999999998845E+000	-7.8135264383494274E-005
6.4649999999998844E+000	-7.6316653149888225E-005
6.4699999999998843E+000	-7.4517216435587841E-005
6.4749999999998842E+000	-7.2765410405573050E-005
6.4799999999998841E+000	-7.1057268264063111E-005
6.4849999999998840E+000	-6.9405966413249587E-005
6.4899999999998839E+000	-6.7833366802716455E-005
6.4949999999998838E+000	-6.6295157066686983E-005
6.4999999999998836E+000	-6.4812084379806123E-005
6.5049999999998835E+000	-6.3390694790665947E-005
6.5099999999998834E+000	-6.2047431657497043E-005
6.5149999999998833E+000	-6.0748390962928056E-005
6.5199999999998832E+000	-5.9517950031118261E-005
6.5249999999998831E+000	-5.8327157157034293E-005
6.5299999999998830E+000	-5.7170532091088688E-005
6.5349999999998829E+000	-5.6063507605674801E-005
6.5399999999998828E+000	-5.4981809089582612E-005
6.5449999999998827E+000	-5.3924067410449084E-005
6.5499999999998826E+000	-5.2917880173808385E-005
6.5549999999998825E+000	-5.1922955341510146E-005
6.5599999999998824E+000	-5.0958960107205797E-005
6.5649999999998823E+000	-5.0010062005778622E-005
6.5699999999998822E+000	-4.9090501060611302E-005
6.5749999999998820E+000	-4.8201202169195767E-005
6.5799999999998819E+000	-4.7357651244084309E-005
6.5849999999998818E+000	-4.6509324720833689E-005
6.5899999999998817E+000	-4.5677820017520077E-005
6.5949999999998816E+000	-4.4865541708904999E-005
6.5999999999998815E+000	-4.4079195015367389E-005
6.6049999999998814E+000	-4.3305337161569923E-005
6.6099999999998813E+000	-7.6364340390266960E-005
6.6149999999998812E+000	-7.9491424305633274E-005
6.6199999999998811E+000	-7.5915705931794975E-005
6.6249999999998810E+000	-7.8327482547546623E-005
6.6299999999998809E+000	-7.8401802630079231E-005
6.6349999999998808E+000	-1.1706755287033133E-004
6.6399999999998807E+000	-1.2809021656101649E-004
6.6449999999998806E+000	-1.1478503884232438E-004
6.6499999999998805E+000	-1.0905848785691674E-004
6.6549999999998803E+000	-1.0410203366228998E-004
6.6599999999998802E+000	-9.9895283736106677E-005
6.6649999999998801E+000	-9.6368576481431489E-005
6.6699999999998800E+000	-9.3337678224614251E-005
6.6749999999998799E+000	-9.0631287881670630E-005
6.6799999999998798E+000	-8.8119975776290715E-005
6.6849999999998797E+000	-8.5613653102001308E-005
6.6899999999998796E+000	-8.3145632161052418E-005
6.6949999999998795E+000	-8.0697949927266421E-005
6.6999999999998794E+000	-7.8292878393337872E-005
6.7049999999998793E+000	-7.5882105945002110E-005
6.7099999999998792E+000	-7.3523398962382913E-005
6.7149999999998791E+000	-7.1221593625825363E-005
6.7199999999998790E+000	-6.9007734881498806E-005
6.7249999999998789E+000	-6.6807153169534672E-005
6.7299999999998787E+000	-6.4723811957545507E-005
6.7349999999998786E+000	-6.2735489615661777E-005
6.7399999999998785E+000	-6.0857306746431306E-005
6.7449999999998784E+000	-5.9066673426588778E-005
6.7499999999998783E+000	-5.7378466857382904E-005
6.7549999999998782E+000	-5.5806138893998991E-005
6.7599999999998781E+000	-5.4318298518651886E-005
6.7649999999998780E+000	-5.2907928540957272E-005
6.7699999999998779E+000	-5.1560808949968617E-005
6.7749999999998778E+000	-5.0304034975745537E-005
6.7799999999998777E+000	-4.9096966309392087E-005
6.7849999999998776E+000	-4.7940821678693624E-005
6.7899999999998775E+000	-5.5053044787367611E-005
6.7949999999998774E+000	-4.6256439676373162E-005
6.7999999999998773E+000	-5.2072071528463937E-005
6.8049999999998771E+000	-5.8084648881351342E-005
6.8099999999998770E+000	-6.1473842748682728E-005
6.8149999999998769E+000	-6.2400063689960206E-005
6.8199999999998768E+000	-6.1919030867940705E-005
6.8249999999998767E+000	-6.0850917562582651E-005
6.8299999999998766E+000	-5.9475214194470993E-005
6.8349999999998765E+000	-5.7993447628135186E-005
6.8399999999998764E+000	-5.6410180462318493E-005
6.8449999999998763E+000	-5.4754894027286838E-005
6.8499999999998762E+000	-5.3053988804840913E-005
6.8549999999998761E+000	-5.1336464152118566E-005
6.8599999999998760E+000	-4.9594934023566850E-005
6.8649999999998759E+000	-4.7852309151164008E-005
6.8699999999998758E+000	-9.0683349695641624E-005
6.8749999999998757E+000	-5.9024424119424879E-005
6.8799999999998755E+000	-5.8645221535869041E-005
6.8849999999998754E+000	-5.9030727722397813E-005
6.8899999999998753E+000	-5.8145093461803299E-005
6.8949999999998752E+000	-5.6152650267371484E-005
6.8999999999998751E+000	-5.3798805118798754E-005
6.9049999999998750E+000	-8.8595731663865251E-005
6.9099999999998749E+000	-6.6987474494073496E-005
6.9149999999998748E+000	-6.1127352279477520E-005
6.9199999999998747E+000	-5.7664157851800013E-005
6.9249999999998746E+000	-5.4715479896216834E-005
6.9299999999998745E+000	-5.1949806357143302E-005
6.9349999999998744E+000	-4.9420159922597406E-005
6.9399999999998743E+000	-4.7187392371750292E-005
6.9449999999998742E+000	-4.5112894976107043E-005
6.9499999999998741E+000	-4.3117449940233143E-005
6.9549999999998739E+000	-4.1149118361172299E-005
6.9599999999998738E+000	-3.9293588756539322E-005
6.9649999999998737E+000	-3.7445282700332427E-005
6.9699999999998736E+000	-3.5563322220433236E-005
6.9749999999998735E+000	-3.3687957280204017E-005
6.9799999999998734E+000	-3.1807203820122254E-005
6.9849999999998733E+000	-2.9948861722139952E-005
6.9899999999998732E+000	-2.8129635679885467E-005
6.9949999999998731E+000	-2.6356921866366179E-005
6.9999999999998730E+000	-6.1370523366299778E-005

 
