Grouping:kineticEnergy J686
# x 	 y
0.0000000000000000E+000	0.0000000000000000E+000
5.0000000000000001E-003	3.6936791284019042E-005
1.0000000000000000E-002	1.4594673928609926E-004
1.4999999999999999E-002	3.2376488382859726E-004
2.0000000000000000E-002	5.6662734358249773E-004
2.5000000000000001E-002	8.7071629041806514E-004
3.0000000000000002E-002	1.2323121800212791E-003
3.5000000000000003E-002	1.6477783128570889E-003
4.0000000000000001E-002	2.1135222492057295E-003
4.4999999999999998E-002	2.6259818390771605E-003
4.9999999999999996E-002	3.1816695728074146E-003
5.4999999999999993E-002	3.7770550834299254E-003
5.9999999999999991E-002	4.4087009565919877E-003
6.4999999999999988E-002	5.0732643016811706E-003
6.9999999999999993E-002	5.7674025174793021E-003
7.4999999999999997E-002	6.4877787943937526E-003
8.0000000000000002E-002	7.2311874515775072E-003
8.5000000000000006E-002	7.9944660421012431E-003
9.0000000000000011E-002	8.7744854732636299E-003
9.5000000000000015E-002	9.5682535227338879E-003
1.0000000000000002E-001	1.0372614494426884E-002
1.0500000000000002E-001	1.1184968509100680E-002
1.1000000000000003E-001	1.2002259248168778E-002
1.1500000000000003E-001	1.2821795630508032E-002
1.2000000000000004E-001	1.3640756759840288E-002
1.2500000000000003E-001	1.4456653354672487E-002
1.3000000000000003E-001	1.5266878382741459E-002
1.3500000000000004E-001	1.6069263513385581E-002
1.4000000000000004E-001	1.6861365406383024E-002
1.4500000000000005E-001	1.7640770296483029E-002
1.5000000000000005E-001	1.8405554866796028E-002
1.5500000000000005E-001	1.9153583078044805E-002
1.6000000000000006E-001	1.9882836986694592E-002
1.6500000000000006E-001	2.0591420408427888E-002
1.7000000000000007E-001	2.1277047803265808E-002
1.7500000000000007E-001	2.1938880168777659E-002
1.8000000000000008E-001	2.2574920322891694E-002
1.8500000000000008E-001	2.3183517362862970E-002
1.9000000000000009E-001	2.3763616341649432E-002
1.9500000000000009E-001	2.4313513627654982E-002
2.0000000000000009E-001	2.4832462670379241E-002
2.0500000000000010E-001	2.5319050425307226E-002
2.1000000000000010E-001	2.5772293986583716E-002
2.1500000000000011E-001	2.6191309529545188E-002
2.2000000000000011E-001	2.6575305689179648E-002
2.2500000000000012E-001	2.6923601411225021E-002
2.3000000000000012E-001	2.7235612034952172E-002
2.3500000000000013E-001	2.7509874028322071E-002
2.4000000000000013E-001	2.7748188352488101E-002
2.4500000000000013E-001	2.7948515193464269E-002
2.5000000000000011E-001	2.8111534963099542E-002
2.5500000000000012E-001	2.8237173523410639E-002
2.6000000000000012E-001	2.8324968876888412E-002
2.6500000000000012E-001	2.8374907784017484E-002
2.7000000000000013E-001	2.8388098380743854E-002
2.7500000000000013E-001	2.8364096905294692E-002
2.8000000000000014E-001	2.8303078530859584E-002
2.8500000000000014E-001	2.8206640067401634E-002
2.9000000000000015E-001	2.8074176751119909E-002
2.9500000000000015E-001	2.7907421607866394E-002
3.0000000000000016E-001	2.7706121517987105E-002
3.0500000000000016E-001	2.7472050213952447E-002
3.1000000000000016E-001	2.7205195742631264E-002
3.1500000000000017E-001	2.6907418900085051E-002
3.2000000000000017E-001	2.6578948176884391E-002
3.2500000000000018E-001	2.6221624365410513E-002
3.3000000000000018E-001	2.5836146465082772E-002
3.3500000000000019E-001	2.5423846861818797E-002
3.4000000000000019E-001	2.4986030224442946E-002
3.4500000000000020E-001	2.4524030838494748E-002
3.5000000000000020E-001	2.4039224915351279E-002
3.5500000000000020E-001	2.3533023849119591E-002
3.6000000000000021E-001	2.3006874698398877E-002
3.6500000000000021E-001	2.2462254160813922E-002
3.7000000000000022E-001	2.1900741831873804E-002
3.7500000000000022E-001	2.1323752279897787E-002
3.8000000000000023E-001	2.0732674108291743E-002
3.8500000000000023E-001	2.0129453432425327E-002
3.9000000000000024E-001	1.9515324476893782E-002
3.9500000000000024E-001	1.8891749393886038E-002
4.0000000000000024E-001	1.8260590535330096E-002
4.0500000000000025E-001	1.7623302864625254E-002
4.1000000000000025E-001	1.6981559769379543E-002
4.1500000000000026E-001	1.6336501702931220E-002
4.2000000000000026E-001	1.5690155551402941E-002
4.2500000000000027E-001	1.5043501359478647E-002
4.3000000000000027E-001	1.4398455137451856E-002
4.3500000000000028E-001	1.3756059518894843E-002
4.4000000000000028E-001	1.3117970528345801E-002
4.4500000000000028E-001	1.2485486941603327E-002
4.5000000000000029E-001	1.1859959702397194E-002
4.5500000000000029E-001	1.1242593294670476E-002
4.6000000000000030E-001	1.0634710495448103E-002
4.6500000000000030E-001	1.0037472193775829E-002
4.7000000000000031E-001	9.4520203996991958E-003
4.7500000000000031E-001	8.8794327196240631E-003
4.8000000000000032E-001	8.3207301836309387E-003
4.8500000000000032E-001	7.7767976279150310E-003
4.9000000000000032E-001	7.2487717955831577E-003
4.9500000000000033E-001	6.7372940500941636E-003
5.0000000000000033E-001	6.2433200984731430E-003
5.0500000000000034E-001	5.7674863997348967E-003
5.1000000000000034E-001	5.3104506596294869E-003
5.1500000000000035E-001	4.8728815305068658E-003
5.2000000000000035E-001	4.4553588003360947E-003
5.2500000000000036E-001	4.0583148038830109E-003
5.3000000000000036E-001	3.6822162394431323E-003
5.3500000000000036E-001	3.3274345579666653E-003
5.4000000000000037E-001	2.9942623688887756E-003
5.4500000000000037E-001	2.6829368204515859E-003
5.5000000000000038E-001	2.3936209737652910E-003
5.5500000000000038E-001	2.1264190238058475E-003
5.6000000000000039E-001	1.8813556361468779E-003
5.6500000000000039E-001	1.6584036349949114E-003
5.7000000000000040E-001	1.4574880697622379E-003
5.7500000000000040E-001	1.2784894779076898E-003
5.8000000000000040E-001	1.1212278225063788E-003
5.8500000000000041E-001	9.8546564915683249E-004
5.9000000000000041E-001	8.7091100837186357E-004
5.9500000000000042E-001	7.7721845366701084E-004
6.0000000000000042E-001	7.0399318385074721E-004
6.0500000000000043E-001	6.5079430482973828E-004
6.1000000000000043E-001	6.1713635100089470E-004
6.1500000000000044E-001	6.0249118005685303E-004
6.2000000000000044E-001	6.0629048501038894E-004
6.2500000000000044E-001	6.2792811249590022E-004
6.3000000000000045E-001	6.6676246474040328E-004
6.3500000000000045E-001	7.2211959518229680E-004
6.4000000000000046E-001	7.9329568665303333E-004
6.4500000000000046E-001	8.7956019267680901E-004
6.5000000000000047E-001	9.8016025843977598E-004
6.5500000000000047E-001	1.0943198527547293E-003
6.6000000000000048E-001	1.2212444815022435E-003
6.6500000000000048E-001	1.3601239787052121E-003
6.7000000000000048E-001	1.5101350167320178E-003
6.7500000000000049E-001	1.6704440051526009E-003
6.8000000000000049E-001	1.8402093445518168E-003
6.8500000000000050E-001	2.0185836023427777E-003
6.9000000000000050E-001	2.2047123721923340E-003
6.9500000000000051E-001	2.3977501913367357E-003
7.0000000000000051E-001	2.5968482230707018E-003
7.0500000000000052E-001	2.8011622909835951E-003
7.1000000000000052E-001	3.0098547354618587E-003
7.1500000000000052E-001	3.2220966215345411E-003
7.2000000000000053E-001	3.4369666168736421E-003
7.2500000000000053E-001	3.6538922067575193E-003
7.3000000000000054E-001	3.8718987869618415E-003
7.3500000000000054E-001	4.0902430086338865E-003
7.4000000000000055E-001	4.3081934872907703E-003
7.4500000000000055E-001	4.5249811754246184E-003
7.5000000000000056E-001	4.7399542963580885E-003
7.5500000000000056E-001	4.9523850321856935E-003
7.6000000000000056E-001	5.1615629277839362E-003
7.6500000000000057E-001	5.3669221114435927E-003
7.7000000000000057E-001	5.5677981227054045E-003
7.7500000000000058E-001	5.7636205159003239E-003
7.8000000000000058E-001	5.9538347367945679E-003
7.8500000000000059E-001	6.1379026142144985E-003
7.9000000000000059E-001	6.3153134471188857E-003
7.9500000000000060E-001	6.4855636611005057E-003
8.0000000000000060E-001	6.6481508336636722E-003
8.0500000000000060E-001	6.8027977999703089E-003
8.1000000000000061E-001	6.9490817820354869E-003
8.1500000000000061E-001	7.0866487038124329E-003
8.2000000000000062E-001	7.2152166738498596E-003
8.2500000000000062E-001	7.3342561094656656E-003
8.3000000000000063E-001	7.4438114550881406E-003
8.3500000000000063E-001	7.5435817090295813E-003
8.4000000000000064E-001	7.6333613659902710E-003
8.4500000000000064E-001	7.7129829476205143E-003
8.5000000000000064E-001	7.7823983721870072E-003
8.5500000000000065E-001	7.8411265551523810E-003
8.6000000000000065E-001	7.8895439224229719E-003
8.6500000000000066E-001	7.9276387635244128E-003
8.7000000000000066E-001	7.9548852659866182E-003
8.7500000000000067E-001	7.9718197485648973E-003
8.8000000000000067E-001	7.9783641494164219E-003
8.8500000000000068E-001	7.9745717405465995E-003
8.9000000000000068E-001	7.9605337126848977E-003
8.9500000000000068E-001	7.9363752224313779E-003
9.0000000000000069E-001	7.9022512197576191E-003
9.0500000000000069E-001	7.8584923987737500E-003
9.1000000000000070E-001	7.8047791682811750E-003
9.1500000000000070E-001	7.7418691284238403E-003
9.2000000000000071E-001	7.6698743600834823E-003
9.2500000000000071E-001	7.5892158241483692E-003
9.3000000000000071E-001	7.4997655571616521E-003
9.3500000000000072E-001	7.4019264720954795E-003
9.4000000000000072E-001	7.2963207343216870E-003
9.4500000000000073E-001	7.1831724085832018E-003
9.5000000000000073E-001	7.0628043786394633E-003
9.5500000000000074E-001	6.9355655396160874E-003
9.6000000000000074E-001	6.8018279847767505E-003
9.6500000000000075E-001	6.6619805322042135E-003
9.7000000000000075E-001	6.5164227692832422E-003
9.7500000000000075E-001	6.3655618067919913E-003
9.8000000000000076E-001	6.2098144909336810E-003
9.8500000000000076E-001	6.0496005988299609E-003
9.9000000000000077E-001	5.8853463413019906E-003
9.9500000000000077E-001	5.7174823436788608E-003
1.0000000000000007E+000	5.5464415449041488E-003
1.0050000000000006E+000	5.3726579441257319E-003
1.0100000000000005E+000	5.1966778497599536E-003
1.0150000000000003E+000	5.0186362212895873E-003
1.0200000000000002E+000	4.8391721128457493E-003
1.0250000000000001E+000	4.6586847281588689E-003
1.0300000000000000E+000	4.4776899005881570E-003
1.0349999999999999E+000	4.2964462392035517E-003
1.0399999999999998E+000	4.1153826110732813E-003
1.0449999999999997E+000	3.9349945158958788E-003
1.0499999999999996E+000	3.7556673882338204E-003
1.0549999999999995E+000	3.5777768543648306E-003
1.0599999999999994E+000	3.4016842113646262E-003
1.0649999999999993E+000	3.2277652213348424E-003
1.0699999999999992E+000	3.0562889371409446E-003
1.0749999999999991E+000	2.8876826447716848E-003
1.0799999999999990E+000	2.7222518386061890E-003
1.0849999999999989E+000	2.5603128613525530E-003
1.0899999999999987E+000	2.4021584398336133E-003
1.0949999999999986E+000	2.2480657530135019E-003
1.0999999999999985E+000	2.0982986497000830E-003
1.1049999999999984E+000	1.9531073728285032E-003
1.1099999999999983E+000	1.8127274881833558E-003
1.1149999999999982E+000	1.6773775253295401E-003
1.1199999999999981E+000	1.5472553603974096E-003
1.1249999999999980E+000	1.4225424720585081E-003
1.1299999999999979E+000	1.3034044797921832E-003
1.1349999999999978E+000	1.1899903938824435E-003
1.1399999999999977E+000	1.0824315795743766E-003
1.1449999999999976E+000	9.8084131479024453E-004
1.1499999999999975E+000	8.8531472858123170E-004
1.1549999999999974E+000	7.9592873393990202E-004
1.1599999999999973E+000	7.1276378278375139E-004
1.1649999999999971E+000	6.3586847185507448E-004
1.1699999999999970E+000	5.6520666461907468E-004
1.1749999999999969E+000	5.0078209063867773E-004
1.1799999999999968E+000	4.4261491063455000E-004
1.1849999999999967E+000	3.9069219333057452E-004
1.1899999999999966E+000	3.4496856999361705E-004
1.1949999999999965E+000	3.0537844128213196E-004
1.1999999999999964E+000	2.7184402705717571E-004
1.2049999999999963E+000	2.4427166626896649E-004
1.2099999999999962E+000	2.2258458849860432E-004
1.2149999999999961E+000	2.0663959509229743E-004
1.2199999999999960E+000	1.9630664396934943E-004
1.2249999999999959E+000	1.9145274577494548E-004
1.2299999999999958E+000	1.9192686810247394E-004
1.2349999999999957E+000	1.9756219327985694E-004
1.2399999999999956E+000	2.0818045476631649E-004
1.2449999999999954E+000	2.2359422097830244E-004
1.2499999999999953E+000	2.4360763991767496E-004
1.2549999999999952E+000	2.6801677157572035E-004
1.2599999999999951E+000	2.9660944664454923E-004
1.2649999999999950E+000	3.2916810861451790E-004
1.2699999999999949E+000	3.6546736940395373E-004
1.2749999999999948E+000	4.0527881739175402E-004
1.2799999999999947E+000	4.4838785392959843E-004
1.2849999999999946E+000	4.9451291023545245E-004
1.2899999999999945E+000	5.4341092188497486E-004
1.2949999999999944E+000	5.9485406252910724E-004
1.2999999999999943E+000	6.4860312905942611E-004
1.3049999999999942E+000	7.0440929377232615E-004
1.3099999999999941E+000	7.6201748400514220E-004
1.3149999999999940E+000	8.2119250971221178E-004
1.3199999999999938E+000	8.8166815650694266E-004
1.3249999999999937E+000	9.4320130674648136E-004
1.3299999999999936E+000	1.0055607391632885E-003
1.3349999999999935E+000	1.0685098535249897E-003
1.3399999999999934E+000	1.1318111484059810E-003
1.3449999999999933E+000	1.1952325501824739E-003
1.3499999999999932E+000	1.2585481973679843E-003
1.3549999999999931E+000	1.3215382711735365E-003
1.3599999999999930E+000	1.3839891444064421E-003
1.3649999999999929E+000	1.4456936494243562E-003
1.3699999999999928E+000	1.5064507998866065E-003
1.3749999999999927E+000	1.5660680931547980E-003
1.3799999999999926E+000	1.6243595275846449E-003
1.3849999999999925E+000	1.6811470401536562E-003
1.3899999999999924E+000	1.7362609401663526E-003
1.3949999999999922E+000	1.7895561633841641E-003
1.3999999999999921E+000	1.8408780680732482E-003
1.4049999999999920E+000	1.8900468609937614E-003
1.4099999999999919E+000	1.9369320249891929E-003
1.4149999999999918E+000	1.9814293679405741E-003
1.4199999999999917E+000	2.0234312339979825E-003
1.4249999999999916E+000	2.0628309150479782E-003
1.4299999999999915E+000	2.0995306578368649E-003
1.4349999999999914E+000	2.1334466416736298E-003
1.4399999999999913E+000	2.1645107144248870E-003
1.4449999999999912E+000	2.1926400399322303E-003
1.4499999999999911E+000	2.2177795523303191E-003
1.4549999999999910E+000	2.2398921670574046E-003
1.4599999999999909E+000	2.2589436736332397E-003
1.4649999999999908E+000	2.2749058340793223E-003
1.4699999999999906E+000	2.2877588782530241E-003
1.4749999999999905E+000	2.2975049260365995E-003
1.4799999999999904E+000	2.3041313548982710E-003
1.4849999999999903E+000	2.3076493634699232E-003
1.4899999999999902E+000	2.3080833042169258E-003
1.4949999999999901E+000	2.3054626083596069E-003
1.4999999999999900E+000	2.2998212740794046E-003
1.5049999999999899E+000	2.2911974635146234E-003
1.5099999999999898E+000	2.2796433094315885E-003
1.5149999999999897E+000	2.2652202992724619E-003
1.5199999999999896E+000	2.2479934186885138E-003
1.5249999999999895E+000	2.2280337139708581E-003
1.5299999999999894E+000	2.2054192302414237E-003
1.5349999999999893E+000	2.1802344856582533E-003
1.5399999999999892E+000	2.1525697335961378E-003
1.5449999999999890E+000	2.1225204339807785E-003
1.5499999999999889E+000	2.0901865772232579E-003
1.5549999999999888E+000	2.0556733388026769E-003
1.5599999999999887E+000	2.0190901583470628E-003
1.5649999999999886E+000	1.9805493353342390E-003
1.5699999999999885E+000	1.9401665364936571E-003
1.5749999999999884E+000	1.8980608252824559E-003
1.5799999999999883E+000	1.8543539259673249E-003
1.5849999999999882E+000	1.8091697963239517E-003
1.5899999999999881E+000	1.7626342188698462E-003
1.5949999999999880E+000	1.7148897630005152E-003
1.5999999999999879E+000	1.6660469862639241E-003
1.6049999999999878E+000	1.6162252727400220E-003
1.6099999999999877E+000	1.5655687275465140E-003
1.6149999999999876E+000	1.5141848699204484E-003
1.6199999999999875E+000	1.4622169591402211E-003
1.6249999999999873E+000	1.4098153985847765E-003
1.6299999999999872E+000	1.3570815821175879E-003
1.6349999999999871E+000	1.3041504313032960E-003
1.6399999999999870E+000	1.2511483664162520E-003
1.6449999999999869E+000	1.1981984798100625E-003
1.6499999999999868E+000	1.1454192962220321E-003
1.6549999999999867E+000	1.0929268841797723E-003
1.6599999999999866E+000	1.0408351368103824E-003
1.6649999999999865E+000	9.8925565754888630E-004
1.6699999999999864E+000	9.3829598938527251E-004
1.6749999999999863E+000	8.8806135186561509E-004
1.6799999999999862E+000	8.3865008702632682E-004
1.6849999999999861E+000	7.9016084112463157E-004
1.6899999999999860E+000	7.4268710058809917E-004
1.6949999999999859E+000	6.9631625868877590E-004
1.6999999999999857E+000	6.5113084090944460E-004
1.7049999999999856E+000	6.0720911212817973E-004
1.7099999999999855E+000	5.6462452278436290E-004
1.7149999999999854E+000	5.2344589468960505E-004
1.7199999999999853E+000	4.8373752862589477E-004
1.7249999999999852E+000	4.4555883089977962E-004
1.7299999999999851E+000	4.0896404409668181E-004
1.7349999999999850E+000	3.7400212622717819E-004
1.7399999999999849E+000	3.4071671498603172E-004
1.7449999999999848E+000	3.0914617466505900E-004
1.7499999999999847E+000	2.7932349866127449E-004
1.7549999999999846E+000	2.5127636366220190E-004
1.7599999999999845E+000	2.2502720294043205E-004
1.7649999999999844E+000	2.0059323787619909E-004
1.7699999999999843E+000	1.7798652181253357E-004
1.7749999999999841E+000	1.5721401189692786E-004
1.7799999999999840E+000	1.3827763215208341E-004
1.7849999999999839E+000	1.2117431135308049E-004
1.7899999999999838E+000	1.0589612572959331E-004
1.7949999999999837E+000	9.2430291718021559E-005
1.7999999999999836E+000	8.0759693314230317E-005
1.8049999999999835E+000	7.0862911247966705E-005
1.8099999999999834E+000	6.2714237184816786E-005
1.8149999999999833E+000	5.6283775193825414E-005
1.8199999999999832E+000	5.1537592066029428E-005
1.8249999999999831E+000	4.8437891829205636E-005
1.8299999999999830E+000	4.6943189055967470E-005
1.8349999999999829E+000	4.7008520289913598E-005
1.8349999999999829E+000	4.7008484207782134E-005
1.8399999999999828E+000	4.8553364476218013E-005
1.8449999999999827E+000	5.1578322165861473E-005
1.8499999999999825E+000	5.6011665461462535E-005
1.8549999999999824E+000	6.1792518373901713E-005
1.8599999999999823E+000	6.8863633756848942E-005
1.8649999999999822E+000	7.7165102991758822E-005
1.8699999999999821E+000	8.6633189789632302E-005
1.8749999999999820E+000	9.7201609294980145E-005
1.8799999999999819E+000	1.0880266069417903E-004
1.8849999999999818E+000	1.2136766425598610E-004
1.8899999999999817E+000	1.3482704324825745E-004
1.8949999999999816E+000	1.4911037389785459E-004
1.8999999999999815E+000	1.6414650948028245E-004
1.9049999999999814E+000	1.7986376847613475E-004
1.9099999999999813E+000	1.9619015063624624E-004
1.9149999999999812E+000	2.1305355838174952E-004
1.9199999999999811E+000	2.3038200855588647E-004
1.9249999999999809E+000	2.4810383545680780E-004
1.9299999999999808E+000	2.6614788590793078E-004
1.9349999999999807E+000	2.8444370818010278E-004
1.9399999999999806E+000	3.0292173530012065E-004
1.9449999999999805E+000	3.2151346232069962E-004
1.9499999999999804E+000	3.4015161709517223E-004
1.9549999999999803E+000	3.5877032367090980E-004
1.9599999999999802E+000	3.7730525794657792E-004
1.9649999999999801E+000	3.9569379536783672E-004
1.9699999999999800E+000	4.1387515044721932E-004
1.9749999999999799E+000	4.3179040835258676E-004
1.9799999999999798E+000	4.4938302302204486E-004
1.9849999999999797E+000	4.6659859099732593E-004
1.9899999999999796E+000	4.8338479901429576E-004
1.9949999999999795E+000	4.9969182199966237E-004
1.9999999999999793E+000	5.1547236587263221E-004
2.0049999999999795E+000	5.3068171158445854E-004
2.0099999999999794E+000	5.4527778118528870E-004
2.0149999999999793E+000	5.5922120245650961E-004
2.0199999999999791E+000	5.7247536232701184E-004
2.0249999999999790E+000	5.8500644971606745E-004
2.0299999999999789E+000	5.9678349009711321E-004
2.0349999999999788E+000	6.0777836918205809E-004
2.0399999999999787E+000	6.1796584908637938E-004
2.0449999999999786E+000	6.2732358056612507E-004
2.0499999999999785E+000	6.3583210114521560E-004
2.0549999999999784E+000	6.4347482682129166E-004
2.0599999999999783E+000	6.5023803665487383E-004
2.0649999999999782E+000	6.5611084956062444E-004
2.0699999999999781E+000	6.6109335871791916E-004
2.0749999999999780E+000	6.6518385954772506E-004
2.0799999999999779E+000	6.6834949553645859E-004
2.0849999999999778E+000	6.7058999685263546E-004
2.0899999999999777E+000	6.7192657686688216E-004
2.0949999999999775E+000	6.7237528630994311E-004
2.0999999999999774E+000	6.7193341426523235E-004
2.1049999999999773E+000	6.7061147156470872E-004
2.1099999999999772E+000	6.6842367043391457E-004
2.1149999999999771E+000	6.6538627033986325E-004
2.1199999999999770E+000	6.6151454413366378E-004
2.1249999999999769E+000	6.5682577740240448E-004
2.1299999999999768E+000	6.5134030088863175E-004
2.1349999999999767E+000	6.4508094897452681E-004
2.1399999999999766E+000	6.3806543779479352E-004
2.1449999999999765E+000	6.3033620678054267E-004
2.1499999999999764E+000	6.2190295929257107E-004
2.1549999999999763E+000	6.1279872833481565E-004
2.1599999999999762E+000	6.0306315202969670E-004
2.1649999999999761E+000	5.9272966496104441E-004
2.1699999999999759E+000	5.8182796436122752E-004
2.1749999999999758E+000	5.7038856243338742E-004
2.1799999999999757E+000	5.5844556416841389E-004
2.1849999999999756E+000	5.4603497786542441E-004
2.1899999999999755E+000	5.3319338026641683E-004
2.1949999999999754E+000	5.1995756865816345E-004
2.1999999999999753E+000	5.0636457528817379E-004
2.2049999999999752E+000	4.9245167764666033E-004
2.2099999999999751E+000	4.7825634229736556E-004
2.2149999999999750E+000	4.6381612656829055E-004
2.2199999999999749E+000	4.4916856576251681E-004
2.2249999999999748E+000	4.3435106118527812E-004
2.2299999999999747E+000	4.1940077476908613E-004
2.2349999999999746E+000	4.0435453082892812E-004
2.2399999999999745E+000	3.8924872322409077E-004
2.2449999999999743E+000	3.7411922598061737E-004
2.2499999999999742E+000	3.5900130638454140E-004
2.2549999999999741E+000	3.4392954045695705E-004
2.2599999999999740E+000	3.2893773119709323E-004
2.2649999999999739E+000	3.1405883014050054E-004
2.2699999999999738E+000	2.9932486286491348E-004
2.2749999999999737E+000	2.8476685872550741E-004
2.2799999999999736E+000	2.7041478505464555E-004
2.2849999999999735E+000	2.5629748585521853E-004
2.2899999999999734E+000	2.4244262497723825E-004
2.2949999999999733E+000	2.2887657175102140E-004
2.2999999999999732E+000	2.1562443205723475E-004
2.3049999999999731E+000	2.0271002686847691E-004
2.3099999999999730E+000	1.9015582846059742E-004
2.3149999999999729E+000	1.7798281575581346E-004
2.3199999999999728E+000	1.6621059418319266E-004
2.3249999999999726E+000	1.5485735087255367E-004
2.3299999999999725E+000	1.4393984219478469E-004
2.3349999999999724E+000	1.3347334674560258E-004
2.3399999999999723E+000	1.2347164845092013E-004
2.3449999999999722E+000	1.1394701215226261E-004
2.3499999999999721E+000	1.0491018201713946E-004
2.3549999999999720E+000	9.6370383737548099E-005
2.3599999999999719E+000	8.8335329882883150E-005
2.3649999999999718E+000	8.0811229067773331E-005
2.3699999999999717E+000	7.3802798791227224E-005
2.3749999999999716E+000	6.7313275401958316E-005
2.3799999999999715E+000	6.1344442879518744E-005
2.3849999999999714E+000	5.5896650115308336E-005
2.3899999999999713E+000	5.0968863507754190E-005
2.3949999999999712E+000	4.6558689522491638E-005
2.3999999999999710E+000	4.2662399876573578E-005
2.4049999999999709E+000	3.9274959650956462E-005
2.4099999999999708E+000	3.6390055681260067E-005
2.4149999999999707E+000	3.4000167123281658E-005
2.4199999999999706E+000	3.2096581903093364E-005
2.4249999999999705E+000	3.0669482564887891E-005
2.4299999999999704E+000	2.9707997322430592E-005
2.4349999999999703E+000	2.9200237876384540E-005
2.4399999999999702E+000	2.9133344070383150E-005
2.4449999999999701E+000	2.9493536418625729E-005
2.4499999999999700E+000	3.0266171763650020E-005
2.4549999999999699E+000	3.1435802123922208E-005
2.4599999999999698E+000	3.2986234685594335E-005
2.4649999999999697E+000	3.4900591550709175E-005
2.4699999999999696E+000	3.7161369344082850E-005
2.4749999999999694E+000	3.9750500079750922E-005
2.4799999999999693E+000	4.2649414030207069E-005
2.4849999999999692E+000	4.5839099630782600E-005
2.4899999999999691E+000	4.9300163145654029E-005
2.4949999999999690E+000	5.3012895861471256E-005
2.4999999999999689E+000	5.6957331240992897E-005
2.5049999999999688E+000	6.1113306502224082E-005
2.5099999999999687E+000	6.5460523745068406E-005
2.5149999999999686E+000	6.9978609387409240E-005
2.5199999999999685E+000	7.4647170912233604E-005
2.5249999999999684E+000	7.9445852848822538E-005
2.5299999999999683E+000	8.4354392003192479E-005
2.5349999999999682E+000	8.9352670804094124E-005
2.5399999999999681E+000	9.4420770420718467E-005
2.5449999999999680E+000	9.9539022536262051E-005
2.5499999999999678E+000	1.0468805925216575E-004
2.5549999999999677E+000	1.0984885650338424E-004
2.5599999999999676E+000	1.1500278247813632E-004
2.5649999999999675E+000	1.2013164283844455E-004
2.5699999999999674E+000	1.2521771945395301E-004
2.5749999999999673E+000	1.3024381024156475E-004
2.5799999999999672E+000	1.3519326604512054E-004
2.5849999999999671E+000	1.4005002506476400E-004
2.5899999999999670E+000	1.4479864499365825E-004
2.5949999999999669E+000	1.4942433115484326E-004
2.5999999999999668E+000	1.5391296581517737E-004
2.6049999999999667E+000	1.5825115146502486E-004
2.6099999999999666E+000	1.6242619429647289E-004
2.6149999999999665E+000	1.6642610657987834E-004
2.6199999999999664E+000	1.7023973707948586E-004
2.6249999999999662E+000	1.7385667463753183E-004
2.6299999999999661E+000	1.7726726999908214E-004
2.6349999999999660E+000	1.8046272323880938E-004
2.6399999999999659E+000	1.8343503312669333E-004
2.6449999999999658E+000	1.8617698568334275E-004
2.6499999999999657E+000	1.8868224854126498E-004
2.6549999999999656E+000	1.9094525064864042E-004
2.6599999999999655E+000	1.9296120992550220E-004
2.6649999999999654E+000	1.9472621686573570E-004
2.6699999999999653E+000	1.9623713526456177E-004
2.6749999999999652E+000	1.9749160606862944E-004
2.6799999999999651E+000	1.9848811198203205E-004
2.6849999999999650E+000	1.9922587876448526E-004
2.6899999999999649E+000	1.9970487448917176E-004
2.6949999999999648E+000	1.9992586298969443E-004
2.6999999999999647E+000	1.9989030613426378E-004
2.7049999999999645E+000	1.9960037249326001E-004
2.7099999999999644E+000	1.9905891199549901E-004
2.7149999999999643E+000	1.9826948109157415E-004
2.7199999999999642E+000	1.9723624983531327E-004
2.7249999999999641E+000	1.9598051756989583E-004
2.7299999999999640E+000	1.9450800639129651E-004
2.7349999999999639E+000	1.9278239984128826E-004
2.7399999999999638E+000	1.9081086109652525E-004
2.7449999999999637E+000	1.8862082713057830E-004
2.7499999999999636E+000	1.8622983748093594E-004
2.7549999999999635E+000	1.8364583638600570E-004
2.7599999999999634E+000	1.8087472134521710E-004
2.7649999999999633E+000	1.7792360926033250E-004
2.7699999999999632E+000	1.7480089246616181E-004
2.7749999999999631E+000	1.7151564355301612E-004
2.7799999999999629E+000	1.6807729711785233E-004
2.7849999999999628E+000	1.6449556531547050E-004
2.7899999999999627E+000	1.6078045675013353E-004
2.7949999999999626E+000	1.5694226682067607E-004
2.7999999999999625E+000	1.5299153280599496E-004
2.8049999999999624E+000	1.4893896860238809E-004
2.8099999999999623E+000	1.4479534613914618E-004
2.8149999999999622E+000	1.4057178647915202E-004
2.8199999999999621E+000	1.3627894418746995E-004
2.8249999999999620E+000	1.3192763359143580E-004
2.8299999999999619E+000	1.2752871610643521E-004
2.8349999999999618E+000	1.2309297855570838E-004
2.8399999999999617E+000	1.1863109473451236E-004
2.8449999999999616E+000	1.1415361012200056E-004
2.8499999999999615E+000	1.0968105094503493E-004
2.8549999999999613E+000	1.0522602431873051E-004
2.8599999999999612E+000	1.0077034672190013E-004
2.8649999999999611E+000	9.6338301985147227E-005
2.8699999999999610E+000	9.1927600746471614E-005
2.8749999999999609E+000	8.7554040618074017E-005
2.8799999999999608E+000	8.3236672027517551E-005
2.8849999999999607E+000	7.8986316715352097E-005
2.8899999999999606E+000	7.4809139442975390E-005
2.8949999999999605E+000	7.0711308436295758E-005
2.8999999999999604E+000	6.6699802826430396E-005
2.9049999999999603E+000	6.2781756572497042E-005
2.9099999999999602E+000	5.8964043911340804E-005
2.9149999999999601E+000	5.5253188017388511E-005
2.9199999999999600E+000	5.1655372165041961E-005
2.9249999999999599E+000	4.8176435119691526E-005
2.9299999999999597E+000	4.4821849569378609E-005
2.9349999999999596E+000	4.1596680691648805E-005
2.9399999999999595E+000	3.8505553007272738E-005
2.9449999999999594E+000	3.5552629210376342E-005
2.9499999999999593E+000	3.2741605454492101E-005
2.9549999999999592E+000	3.0075712326395188E-005
2.9599999999999591E+000	2.7557722954320057E-005
2.9649999999999590E+000	2.5189963319966770E-005
2.9699999999999589E+000	2.2974321301731322E-005
2.9749999999999588E+000	2.0912252659555105E-005
2.9799999999999587E+000	1.9004790957387030E-005
2.9849999999999586E+000	1.7252550487904880E-005
2.9899999999999585E+000	1.5655732204382298E-005
2.9949999999999584E+000	1.4214129040856796E-005
2.9999999999999583E+000	1.2927138051238489E-005
3.0049999999999581E+000	1.1793768155762567E-005
3.0099999999999580E+000	1.0812648130708922E-005
3.0149999999999579E+000	9.9820361213993950E-006
3.0199999999999578E+000	9.2998318231593271E-006
3.0249999999999577E+000	8.7635893149789188E-006
3.0299999999999576E+000	8.3705296720763844E-006
3.0349999999999575E+000	8.1175549609843430E-006
3.0399999999999574E+000	8.0012625023269366E-006
3.0449999999999573E+000	8.0179591717488876E-006
3.0499999999999572E+000	8.1636777856290114E-006
3.0549999999999571E+000	8.4341932922086694E-006
3.0599999999999570E+000	8.8250388798069830E-006
3.0649999999999569E+000	9.3315230060305188E-006
3.0699999999999568E+000	9.9487477454866890E-006
3.0749999999999567E+000	1.0671623303357721E-005
3.0799999999999566E+000	1.1494886386141262E-005
3.0849999999999564E+000	1.2413119661328450E-005
3.0899999999999563E+000	1.3420768352990765E-005
3.0949999999999562E+000	1.4512157815099499E-005
3.0999999999999561E+000	1.5681511391054121E-005
3.1049999999999560E+000	1.6922967827971897E-005
3.1099999999999559E+000	1.8230599016143542E-005
3.1149999999999558E+000	1.9598361300817875E-005
3.1199999999999557E+000	2.1020304233417805E-005
3.1249999999999556E+000	2.2490497347327022E-005
3.1299999999999555E+000	2.4002873349594272E-005
3.1349999999999554E+000	2.5551361327742882E-005
3.1399999999999553E+000	2.7130016169012648E-005
3.1449999999999552E+000	2.8732930007680433E-005
3.1499999999999551E+000	3.0354253538371126E-005
3.1549999999999550E+000	3.1988148365127509E-005
3.1599999999999548E+000	3.3628972537576165E-005
3.1649999999999547E+000	3.5271113301921625E-005
3.1699999999999546E+000	3.6909137203877446E-005
3.1749999999999545E+000	3.8537684730298551E-005
3.1799999999999544E+000	4.0151595292921100E-005
3.1849999999999543E+000	4.1745807500780714E-005
3.1899999999999542E+000	4.3315463100937902E-005
3.1949999999999541E+000	4.4855881485263874E-005
3.1999999999999540E+000	4.6362537369450981E-005
3.2049999999999539E+000	4.7831130521246694E-005
3.2099999999999538E+000	4.9257517111184181E-005
3.2149999999999537E+000	5.0637811872484290E-005
3.2199999999999536E+000	5.1968293577498982E-005
3.2249999999999535E+000	5.3245495533223148E-005
3.2299999999999534E+000	5.4466174362573401E-005
3.2349999999999532E+000	5.5627293513710361E-005
3.2399999999999531E+000	5.6726075504719500E-005
3.2449999999999530E+000	5.7759939286124100E-005
3.2499999999999529E+000	5.8726574911914468E-005
3.2549999999999528E+000	5.9623907028382478E-005
3.2599999999999527E+000	6.0450083107530656E-005
3.2649999999999526E+000	6.1203502142110055E-005
3.2699999999999525E+000	6.1882803087976899E-005
3.2749999999999524E+000	6.2486878452526891E-005
3.2799999999999523E+000	6.3014988168632577E-005
3.2849999999999522E+000	6.3466204679568642E-005
3.2899999999999521E+000	6.3840111296834405E-005
3.2949999999999520E+000	6.4136560688380352E-005
3.2999999999999519E+000	6.4355596401942524E-005
3.3049999999999518E+000	6.4497455521262924E-005
3.3099999999999516E+000	6.4577886475348126E-005
3.3149999999999515E+000	6.4599955776286873E-005
3.3199999999999514E+000	6.4522682826773182E-005
3.3249999999999513E+000	6.4348461423870143E-005
3.3299999999999512E+000	6.4098801128261516E-005
3.3349999999999511E+000	6.3783947369405454E-005
3.3399999999999510E+000	6.3404454586736721E-005
3.3449999999999509E+000	6.2959324927052554E-005
3.3499999999999508E+000	6.2449001099246085E-005
3.3549999999999507E+000	6.1875072696219514E-005
3.3599999999999506E+000	6.1239559973763066E-005
3.3649999999999505E+000	6.0544610264489179E-005
3.3699999999999504E+000	5.9792480117618994E-005
3.3749999999999503E+000	5.8985586206562294E-005
3.3799999999999502E+000	5.8127693814035562E-005
3.3849999999999500E+000	5.7230649321012247E-005
3.3899999999999499E+000	5.6277162602074461E-005
3.3949999999999498E+000	5.5272449418425999E-005
3.3999999999999497E+000	5.4228355320211564E-005
3.4049999999999496E+000	5.3149991761525411E-005
3.4099999999999495E+000	5.2038917824139416E-005
3.4149999999999494E+000	5.0897008601669538E-005
3.4199999999999493E+000	4.9727051443633817E-005
3.4249999999999492E+000	4.8532186953587535E-005
3.4299999999999491E+000	4.7315548183144918E-005
3.4349999999999490E+000	4.6080193321534602E-005
3.4399999999999489E+000	4.4829211366020017E-005
3.4449999999999488E+000	4.3565684972124418E-005
3.4499999999999487E+000	4.2292732755359930E-005
3.4549999999999486E+000	4.1013476169325346E-005
3.4599999999999485E+000	3.9731006623279253E-005
3.4649999999999483E+000	3.8448358970366055E-005
3.4699999999999482E+000	3.7168494847414632E-005
3.4749999999999481E+000	3.5894294296837807E-005
3.4799999999999480E+000	3.4628552354767564E-005
3.4849999999999479E+000	3.3373977562527299E-005
3.4899999999999478E+000	3.2133190447358769E-005
3.4949999999999477E+000	3.0908721037454491E-005
3.4999999999999476E+000	2.9703003889329393E-005
3.5049999999999475E+000	2.8518376365340261E-005
3.5099999999999474E+000	2.7357074889917007E-005
3.5149999999999473E+000	2.6221230103116986E-005
3.5199999999999472E+000	2.5112862434399245E-005
3.5249999999999471E+000	2.4033876722991719E-005
3.5299999999999470E+000	2.2986058275618180E-005
3.5349999999999469E+000	2.1971075036938699E-005
3.5399999999999467E+000	2.0990474069404288E-005
3.5449999999999466E+000	2.0045678770489680E-005
3.5499999999999465E+000	1.9137987934345554E-005
3.5549999999999464E+000	1.8268574172111625E-005
3.5599999999999463E+000	1.7438482798486809E-005
3.5649999999999462E+000	1.6648631309879963E-005
3.5699999999999461E+000	1.5899809361118214E-005
3.5749999999999460E+000	1.5192679041908666E-005
3.5799999999999459E+000	1.4527775708311920E-005
3.5849999999999458E+000	1.3905509285380644E-005
3.5899999999999457E+000	1.3326165371109831E-005
3.5949999999999456E+000	1.2789906990289867E-005
3.5999999999999455E+000	1.2296776886050710E-005
3.6049999999999454E+000	1.1846699704631366E-005
3.6099999999999453E+000	1.1439484464732288E-005
3.6149999999999451E+000	1.1074826707751195E-005
3.6199999999999450E+000	1.0752312531160781E-005
3.6249999999999449E+000	1.0471390889299263E-005
3.6299999999999448E+000	1.0231485961766556E-005
3.6349999999999447E+000	1.0031874064634531E-005
3.6399999999999446E+000	9.8717214166877345E-006
3.6449999999999445E+000	9.7500897993006332E-006
3.6499999999999444E+000	9.6660332383701356E-006
3.6549999999999443E+000	9.6184785093110612E-006
3.6599999999999442E+000	9.6062594505698786E-006
3.6649999999999441E+000	9.6281222366599369E-006
3.6699999999999440E+000	9.6828213355708458E-006
3.6749999999999439E+000	9.7690042841452372E-006
3.6799999999999438E+000	9.8852450556916823E-006
3.6849999999999437E+000	1.0030050442927889E-005
3.6899999999999435E+000	1.0201954491973132E-005
3.6949999999999434E+000	1.0399405615857957E-005
3.6999999999999433E+000	1.0620799264592163E-005
3.7049999999999432E+000	1.0864512361601200E-005
3.7099999999999431E+000	1.1128898619122176E-005
3.7099999999999431E+000	1.1128890482402821E-005
3.7149999999999430E+000	1.1425291967217116E-005
3.7199999999999429E+000	1.1745311635058786E-005
3.7249999999999428E+000	1.2064403149382609E-005
3.7299999999999427E+000	1.2386010344364725E-005
3.7349999999999426E+000	1.2717681356843161E-005
3.7399999999999425E+000	1.3062262540521717E-005
3.7449999999999424E+000	1.3418731111704381E-005
3.7499999999999423E+000	1.3784752263866234E-005
3.7549999999999422E+000	1.4157929370671160E-005
3.7599999999999421E+000	1.4536036295439543E-005
3.7649999999999419E+000	1.4916977542971109E-005
3.7699999999999418E+000	1.5298776797609447E-005
3.7749999999999417E+000	1.5679604691688384E-005
3.7799999999999416E+000	1.6057798199745275E-005
3.7849999999999415E+000	1.6431850729397121E-005
3.7899999999999414E+000	1.6800380649191070E-005
3.7949999999999413E+000	1.7162069201484809E-005
3.7999999999999412E+000	1.7515719499299438E-005
3.8049999999999411E+000	1.7860118705955000E-005
3.8099999999999410E+000	1.8194097526110023E-005
3.8149999999999409E+000	1.8516522062772285E-005
3.8199999999999408E+000	1.8826299589778765E-005
3.8249999999999407E+000	1.9122386258145153E-005
3.8299999999999406E+000	1.9403794380901503E-005
3.8349999999999405E+000	1.9669598182798343E-005
3.8399999999999403E+000	1.9918938057374811E-005
3.8449999999999402E+000	2.0151023425878795E-005
3.8499999999999401E+000	2.0365134321989853E-005
3.8549999999999400E+000	2.0560622143873616E-005
3.8599999999999399E+000	2.0736909863316437E-005
3.8649999999999398E+000	2.0893491873169275E-005
3.8699999999999397E+000	2.1029933589270630E-005
3.8749999999999396E+000	2.1145870880971970E-005
3.8799999999999395E+000	2.1256351265027856E-005
3.8849999999999394E+000	2.1365106172903920E-005
3.8899999999999393E+000	2.1428576073012818E-005
3.8949999999999392E+000	2.1448339025678305E-005
3.8999999999999391E+000	2.1443328560016872E-005
3.9049999999999390E+000	2.1421560005290851E-005
3.9099999999999389E+000	2.1386353399772714E-005
3.9149999999999388E+000	2.1334567325978994E-005
3.9199999999999386E+000	2.1255831712108278E-005
3.9249999999999385E+000	2.1155627550107874E-005
3.9299999999999384E+000	2.1039082359732921E-005
3.9349999999999383E+000	2.0905620342841593E-005
3.9399999999999382E+000	2.0753472658575053E-005
3.9449999999999381E+000	2.0582125237473750E-005
3.9499999999999380E+000	2.0391990096069752E-005
3.9549999999999379E+000	2.0183721738276545E-005
3.9599999999999378E+000	1.9957991186978799E-005
3.9649999999999377E+000	1.9715512198927183E-005
3.9699999999999376E+000	1.9457081878585147E-005
3.9749999999999375E+000	1.9183537892934481E-005
3.9799999999999374E+000	1.8895849410371363E-005
3.9849999999999373E+000	1.8594916810399576E-005
3.9899999999999372E+000	1.8281642648958009E-005
3.9949999999999370E+000	1.7956913809627979E-005
3.9999999999999369E+000	1.7621605698230906E-005
4.0049999999999368E+000	1.7276590773027986E-005
4.0099999999999367E+000	1.6922746383667604E-005
4.0149999999999366E+000	1.6560959674915738E-005
4.0199999999999365E+000	1.6192129492380211E-005
4.0249999999999364E+000	1.5817165693880513E-005
4.0299999999999363E+000	1.5436986726282695E-005
4.0349999999999362E+000	1.5052516382486724E-005
4.0399999999999361E+000	1.4664680285807692E-005
4.0449999999999360E+000	1.4274402416255047E-005
4.0499999999999359E+000	1.3882601819997263E-005
4.0549999999999358E+000	1.3490189544091747E-005
4.0599999999999357E+000	1.3098065790521984E-005
4.0649999999999356E+000	1.2707117269685082E-005
4.0699999999999354E+000	1.2318214734294963E-005
4.0749999999999353E+000	1.1932210679729942E-005
4.0799999999999352E+000	1.1549937200382287E-005
4.0849999999999351E+000	1.1172203991246374E-005
4.0899999999999350E+000	1.0799796477568904E-005
4.0949999999999349E+000	1.0433474017614956E-005
4.0999999999999348E+000	1.0073968237221615E-005
4.1049999999999347E+000	9.7219816108174972E-006
4.1099999999999346E+000	9.3781861794550881E-006
4.1149999999999345E+000	9.0432221573261042E-006
4.1199999999999344E+000	8.7176966508972627E-006
4.1249999999999343E+000	8.4021825302268970E-006
4.1299999999999342E+000	8.0972174397982875E-006
4.1349999999999341E+000	7.8033029307245127E-006
4.1399999999999340E+000	7.5209037244393761E-006
4.1449999999999338E+000	7.2504470953903334E-006
4.1499999999999337E+000	6.9923223699194213E-006
4.1549999999999336E+000	6.7468805399173472E-006
4.1599999999999335E+000	6.5144340078125012E-006
4.1649999999999334E+000	6.2952564485183012E-006
4.1699999999999333E+000	6.0895827448774730E-006
4.1749999999999332E+000	5.8976090156307518E-006
4.1799999999999331E+000	5.7194928049644916E-006
4.1849999999999330E+000	5.5553533429323780E-006
4.1899999999999329E+000	5.4052718256835254E-006
4.1949999999999328E+000	5.2692919634324521E-006
4.1999999999999327E+000	5.1474205491783944E-006
4.2049999999999326E+000	5.0396280786081938E-006
4.2099999999999325E+000	4.9458494623804857E-006
4.2149999999999324E+000	4.8659848353430575E-006
4.2199999999999322E+000	4.7999004503131626E-006
4.2249999999999321E+000	4.7474295918682104E-006
4.2299999999999320E+000	4.7083735418813701E-006
4.2349999999999319E+000	4.6825028768678025E-006
4.2399999999999318E+000	4.6695585046243873E-006
4.2449999999999317E+000	4.6692529914714964E-006
4.2499999999999316E+000	4.6812719014862977E-006
4.2549999999999315E+000	4.7052750644525551E-006
4.2599999999999314E+000	4.7408978871280395E-006
4.2649999999999313E+000	4.7877528180818283E-006
4.2699999999999312E+000	4.8454307572599695E-006
4.2749999999999311E+000	4.9134975683364018E-006
4.2799999999999310E+000	4.9915124540406703E-006
4.2849999999999309E+000	5.0790191004137885E-006
4.2899999999999308E+000	5.1755222076470125E-006
4.2949999999999307E+000	5.2805316223092621E-006
4.2999999999999305E+000	5.3935514325891549E-006
4.3049999999999304E+000	5.5140515106359531E-006
4.3099999999999303E+000	5.6415086536324321E-006
4.3149999999999302E+000	5.7754004242665863E-006
4.3199999999999301E+000	5.9151775781545957E-006
4.3249999999999300E+000	6.0602921032619069E-006
4.3299999999999299E+000	6.2102022760553702E-006
4.3349999999999298E+000	6.3643704431074631E-006
4.3399999999999297E+000	6.5222378337114640E-006
4.3449999999999296E+000	6.6832531115577846E-006
4.3499999999999295E+000	6.8468777837733716E-006
4.3549999999999294E+000	7.0125831871734229E-006
4.3599999999999293E+000	7.1798247668445186E-006
4.3649999999999292E+000	7.3480705142755639E-006
4.3699999999999291E+000	7.5168071670672494E-006
4.3749999999999289E+000	7.6855365186911891E-006
4.3799999999999288E+000	7.8537489557733721E-006
4.3849999999999287E+000	8.0209517409828172E-006
4.3899999999999286E+000	8.1866761512333875E-006
4.3949999999999285E+000	8.3504729272719828E-006
4.3999999999999284E+000	8.5118850692786058E-006
4.4049999999999283E+000	8.6704810357421061E-006
4.4099999999999282E+000	8.8258422955085341E-006
4.4149999999999281E+000	8.9775776789873185E-006
4.4199999999999280E+000	9.1253196772792666E-006
4.4249999999999279E+000	9.2686959358520508E-006
4.4299999999999278E+000	9.4073632976509144E-006
4.4349999999999277E+000	9.5409943007780615E-006
4.4399999999999276E+000	9.6692932969777404E-006
4.4449999999999275E+000	9.7919904971468045E-006
4.4499999999999273E+000	9.9088129524780394E-006
4.4549999999999272E+000	1.0019518789688421E-005
4.4599999999999271E+000	1.0123882905963349E-005
4.4649999999999270E+000	1.0221714784664884E-005
4.4699999999999269E+000	1.0312850463573227E-005
4.4749999999999268E+000	1.0397122936228347E-005
4.4799999999999267E+000	1.0474396599262937E-005
4.4849999999999266E+000	1.0544559750750936E-005
4.4899999999999265E+000	1.0607513451630607E-005
4.4949999999999264E+000	1.0663195933887661E-005
4.4999999999999263E+000	1.0711569764726093E-005
4.5049999999999262E+000	1.0752593005311466E-005
4.5099999999999261E+000	1.0786253767857015E-005
4.5149999999999260E+000	1.0812562639250488E-005
4.5199999999999259E+000	1.0831540200321812E-005
4.5249999999999257E+000	1.0843243941602027E-005
4.5299999999999256E+000	1.0847752492799808E-005
4.5349999999999255E+000	1.0845136510492480E-005
4.5399999999999254E+000	1.0835493605255067E-005
4.5449999999999253E+000	1.0818940762228398E-005
4.5499999999999252E+000	1.0795610557285203E-005
4.5549999999999251E+000	1.0765650379993403E-005
4.5599999999999250E+000	1.0729211107880316E-005
4.5649999999999249E+000	1.0686478979622767E-005
4.5699999999999248E+000	1.0637654217808519E-005
4.5749999999999247E+000	1.0582922929025305E-005
4.5799999999999246E+000	1.0522492463617020E-005
4.5849999999999245E+000	1.0456583850822223E-005
4.5899999999999244E+000	1.0385427704074810E-005
4.5949999999999243E+000	1.0309263201253771E-005
4.5999999999999241E+000	1.0228325442900518E-005
4.6049999999999240E+000	1.0142880990264200E-005
4.6099999999999239E+000	1.0053202918593780E-005
4.6149999999999238E+000	9.9595427690151565E-006
4.6199999999999237E+000	9.8621666320756149E-006
4.6249999999999236E+000	9.7613478409852636E-006
4.6299999999999235E+000	9.6573354874744210E-006
4.6349999999999234E+000	9.5504835037488858E-006
4.6399999999999233E+000	9.4410055716634867E-006
4.6449999999999232E+000	9.3291935647197014E-006
4.6499999999999231E+000	9.2153441916084953E-006
4.6549999999999230E+000	9.0997236254983763E-006
4.6599999999999229E+000	8.9826049129166644E-006
4.6649999999999228E+000	8.8642620338137554E-006
4.6699999999999227E+000	8.7449533739841399E-006
4.6749999999999226E+000	8.6249602050403458E-006
4.6799999999999224E+000	8.5044825765186509E-006
4.6849999999999223E+000	8.3838991497152690E-006
4.6899999999999222E+000	8.2633975631972766E-006
4.6949999999999221E+000	8.1432282214256019E-006
4.6999999999999220E+000	8.0236432402696503E-006
4.7049999999999219E+000	7.9048603879343441E-006
4.7099999999999218E+000	7.7870864820707622E-006
4.7149999999999217E+000	7.6705488185956136E-006
4.7199999999999216E+000	7.5554694305631916E-006
4.7249999999999215E+000	7.4420329962254902E-006
4.7299999999999214E+000	7.3304241297698224E-006
4.7349999999999213E+000	7.2208082553461040E-006
4.7399999999999212E+000	7.1133686067678720E-006
4.7449999999999211E+000	7.0082491292939839E-006
4.7499999999999210E+000	6.9056729783248251E-006
4.7549999999999208E+000	6.8057122727504682E-006
4.7599999999999207E+000	6.7084899740929336E-006
4.7649999999999206E+000	6.6141131441449571E-006
4.7699999999999205E+000	6.5227071624798863E-006
4.7749999999999204E+000	6.4343831065697983E-006
4.7799999999999203E+000	6.3492108992690058E-006
4.7849999999999202E+000	6.2671612285580019E-006
4.7899999999999201E+000	6.1884629551625910E-006
4.7949999999999200E+000	6.1131283812085381E-006
4.7999999999999199E+000	6.0411790150282389E-006
4.8049999999999198E+000	5.9726277511435202E-006
4.8099999999999197E+000	5.9075085878516227E-006
4.8149999999999196E+000	5.8458484337024764E-006
4.8199999999999195E+000	5.7876348530846478E-006
4.8249999999999194E+000	5.7328551639658800E-006
4.8299999999999192E+000	5.6814772550799327E-006
4.8349999999999191E+000	5.6334894311533644E-006
4.8399999999999190E+000	5.5888725356774510E-006
4.8449999999999189E+000	5.5475683999752791E-006
4.8499999999999188E+000	5.5094851356243356E-006
4.8549999999999187E+000	5.4746614122010531E-006
4.8599999999999186E+000	5.4429463625640912E-006
4.8649999999999185E+000	5.4142787446220084E-006
4.8699999999999184E+000	5.3885977469000941E-006
4.8749999999999183E+000	5.3658037429344406E-006
4.8799999999999182E+000	5.3457849337594870E-006
4.8849999999999181E+000	5.3284580123357542E-006
4.8899999999999180E+000	5.3136423164352657E-006
4.8949999999999179E+000	5.3013815000916362E-006
4.8999999999999178E+000	5.2914843889306145E-006
4.9049999999999176E+000	5.2838403559629258E-006
4.9099999999999175E+000	5.2783451701357109E-006
4.9149999999999174E+000	5.2748624250613333E-006
4.9199999999999173E+000	5.2732487774743105E-006
4.9249999999999172E+000	5.2733906124648784E-006
4.9299999999999171E+000	5.2751760146701101E-006
4.9349999999999170E+000	5.2784615285551316E-006
4.9399999999999169E+000	5.2831123651363521E-006
4.9449999999999168E+000	5.2889834559828626E-006
4.9499999999999167E+000	5.2959592134660654E-006
4.9549999999999166E+000	5.3039263405635933E-006
4.9599999999999165E+000	5.3127005289196840E-006
4.9649999999999164E+000	5.3222601685053841E-006
4.9699999999999163E+000	5.3324029213421775E-006
4.9749999999999162E+000	5.3429844333953112E-006
4.9799999999999160E+000	5.3539043366941843E-006
4.9849999999999159E+000	5.3650616462621691E-006
4.9899999999999158E+000	5.3763245875425356E-006
4.9949999999999157E+000	5.3875607932998635E-006
4.9999999999999156E+000	5.3985726116428583E-006
5.0049999999999155E+000	5.4094520727684624E-006
5.0099999999999154E+000	5.4200136954557427E-006
5.0149999999999153E+000	5.4301338465387969E-006
5.0199999999999152E+000	5.4397289848813300E-006
5.0249999999999151E+000	5.4487261469742071E-006
5.0299999999999150E+000	5.4570259344663686E-006
5.0349999999999149E+000	5.4645308274960065E-006
5.0399999999999148E+000	5.4711779767052769E-006
5.0449999999999147E+000	5.4769146749116756E-006
5.0499999999999146E+000	5.4816624168801388E-006
5.0549999999999145E+000	5.4853576200573044E-006
5.0599999999999143E+000	5.4879333806734725E-006
5.0649999999999142E+000	5.4893550084262759E-006
5.0699999999999141E+000	5.4895511427510700E-006
5.0749999999999140E+000	5.4885940933982079E-006
5.0799999999999139E+000	5.4863650480899879E-006
5.0849999999999138E+000	5.4828316427684940E-006
5.0899999999999137E+000	5.4779657512294526E-006
5.0949999999999136E+000	5.4717704394798034E-006
5.0999999999999135E+000	5.4642530471651375E-006
5.1049999999999134E+000	5.4552854198874295E-006
5.1099999999999133E+000	5.4450584660167125E-006
5.1149999999999132E+000	5.4334622279616823E-006
5.1199999999999131E+000	5.4205978415720483E-006
5.1249999999999130E+000	5.4064098669700268E-006
5.1299999999999129E+000	5.3909251874445673E-006
5.1349999999999127E+000	5.3741881242705168E-006
5.1399999999999126E+000	5.3562159528342054E-006
5.1449999999999125E+000	5.3370275390148086E-006
5.1499999999999124E+000	5.3166707505654507E-006
5.1549999999999123E+000	5.2952052063360190E-006
5.1599999999999122E+000	5.2726625875539878E-006
5.1649999999999121E+000	5.2490877461842793E-006
5.1699999999999120E+000	5.2245216102904747E-006
5.1749999999999119E+000	5.1990308922391516E-006
5.1799999999999118E+000	5.1726397917546965E-006
5.1849999999999117E+000	5.1455319816450435E-006
5.1899999999999116E+000	5.1176764926012248E-006
5.1949999999999115E+000	5.0891202788923248E-006
5.1999999999999114E+000	5.0599487786839869E-006
5.2049999999999113E+000	5.0302520577013619E-006
5.2099999999999111E+000	5.0000861558186307E-006
5.2149999999999110E+000	4.9693909865077831E-006
5.2199999999999109E+000	4.9384723508773263E-006
5.2249999999999108E+000	4.9072841517010953E-006
5.2299999999999107E+000	4.8759651868891094E-006
5.2349999999999106E+000	4.8445248761081729E-006
5.2399999999999105E+000	4.8130468191555161E-006
5.2449999999999104E+000	4.7816255459578807E-006
5.2499999999999103E+000	4.7503221286730633E-006
5.2549999999999102E+000	4.7191959297489334E-006
5.2599999999999101E+000	4.6883273147872691E-006
5.2649999999999100E+000	4.6578058828037001E-006
5.2699999999999099E+000	4.6276878982790852E-006
5.2749999999999098E+000	4.5980282334174391E-006
5.2799999999999097E+000	4.5689025669036001E-006
5.2849999999999095E+000	4.5403948319569526E-006
5.2899999999999094E+000	4.5124961693847067E-006
5.2949999999999093E+000	4.4854153650681684E-006
5.2999999999999092E+000	4.4591038850677294E-006
5.3049999999999091E+000	4.4336221211385749E-006
5.3099999999999090E+000	4.4090485634108979E-006
5.3149999999999089E+000	4.3854231557876549E-006
5.3199999999999088E+000	4.3627912797867507E-006
5.3249999999999087E+000	4.3411895992268787E-006
5.3299999999999086E+000	4.3205428766601754E-006
5.3349999999999085E+000	4.3011435812963995E-006
5.3399999999999084E+000	4.2829139815543677E-006
5.3449999999999083E+000	4.2658789897840696E-006
5.3499999999999082E+000	4.2500864427160409E-006
5.3549999999999081E+000	4.2355502411944999E-006
5.3599999999999079E+000	4.2222812287725079E-006
5.3649999999999078E+000	4.2103062692771347E-006
5.3699999999999077E+000	4.1996617067566423E-006
5.3749999999999076E+000	4.1903476160320046E-006
5.3799999999999075E+000	4.1823614316387343E-006
5.3849999999999074E+000	4.1757175745682220E-006
5.3899999999999073E+000	4.1704392535235815E-006
5.3949999999999072E+000	4.1664479064138658E-006
5.3999999999999071E+000	4.1883948810286068E-006
5.4049999999999070E+000	4.2391329117052204E-006
5.4099999999999069E+000	4.2578409628483326E-006
5.4149999999999068E+000	4.2437852347162514E-006
5.4199999999999067E+000	4.2228006661109733E-006
5.4249999999999066E+000	4.2082365515308431E-006
5.4299999999999065E+000	4.2013105925746468E-006
5.4349999999999064E+000	4.2001410420143380E-006
5.4399999999999062E+000	4.2034021121359787E-006
5.4449999999999061E+000	4.2102272689435966E-006
5.4499999999999060E+000	4.2197605989237015E-006
5.4549999999999059E+000	4.2311400671785865E-006
5.4599999999999058E+000	4.2436668855712286E-006
5.4649999999999057E+000	4.2569134510500118E-006
5.4699999999999056E+000	4.2707141825988909E-006
5.4749999999999055E+000	4.2850847100151548E-006
5.4799999999999054E+000	4.3001185287686248E-006
5.4849999999999053E+000	4.3159377547545666E-006
5.4899999999999052E+000	4.3325875671301383E-006
5.4949999999999051E+000	4.3501516908525863E-006
5.4999999999999050E+000	4.3685965535284677E-006
5.5049999999999049E+000	4.3878643134969352E-006
5.5099999999999048E+000	4.4078975356150626E-006
5.5149999999999046E+000	4.4286267259612457E-006
5.5199999999999045E+000	4.4499755887062456E-006
5.5249999999999044E+000	4.4718680245786103E-006
5.5299999999999043E+000	4.4942306155187593E-006
5.5349999999999042E+000	4.5168326236964804E-006
5.5399999999999041E+000	4.5398950984557013E-006
5.5449999999999040E+000	4.5632425351028717E-006
5.5499999999999039E+000	4.5867988736003891E-006
5.5549999999999038E+000	4.6105024139510981E-006
5.5599999999999037E+000	4.6342939094373101E-006
5.5649999999999036E+000	4.6581152569535649E-006
5.5699999999999035E+000	4.6819102516607391E-006
5.5749999999999034E+000	4.7056245826784047E-006
5.5799999999999033E+000	4.7292055107004254E-006
5.5849999999999032E+000	4.7526016109251291E-006
5.5899999999999030E+000	4.7757626494773442E-006
5.5949999999999029E+000	4.7986395750714440E-006

 
