Grouping:totalEnergy J686
# x 	 y
0.0000000000000000E+000	1.8875641995961701E-001
5.0000000000000001E-003	1.8890975862981696E-001
1.0000000000000000E-002	1.8903282151455647E-001
1.4999999999999999E-002	1.8911888650545272E-001
2.0000000000000000E-002	1.8915755316406679E-001
2.5000000000000001E-002	1.8914201453300361E-001
3.0000000000000002E-002	1.8906905992214540E-001
3.5000000000000003E-002	1.8893718940006954E-001
4.0000000000000001E-002	1.8875231868621567E-001
4.4999999999999998E-002	1.8849774948870079E-001
4.9999999999999996E-002	1.8818406588835579E-001
5.4999999999999993E-002	1.8781123525884125E-001
5.9999999999999991E-002	1.8737854697612732E-001
6.4999999999999988E-002	1.8688590941241001E-001
6.9999999999999993E-002	1.8633344210874370E-001
7.4999999999999997E-002	1.8572135411323831E-001
8.0000000000000002E-002	1.8505578533268974E-001
8.5000000000000006E-002	1.8432068135278490E-001
9.0000000000000011E-002	1.8352908649027055E-001
9.5000000000000015E-002	1.8268523785758806E-001
1.0000000000000002E-001	1.8177409514336818E-001
1.0500000000000002E-001	1.8080882084061667E-001
1.1000000000000003E-001	1.7978897822945727E-001
1.1500000000000003E-001	1.7871458198933698E-001
1.2000000000000004E-001	1.7759427873537659E-001
1.2500000000000003E-001	1.7640982288165752E-001
1.3000000000000003E-001	1.7517562591388725E-001
1.3500000000000004E-001	1.7389120175536554E-001
1.4000000000000004E-001	1.7254978188522863E-001
1.4500000000000005E-001	1.7116368044137875E-001
1.5000000000000005E-001	1.6973391988331565E-001
1.5500000000000005E-001	1.6827306404733822E-001
1.6000000000000006E-001	1.6675174927262759E-001
1.6500000000000006E-001	1.6519947913290611E-001
1.7000000000000007E-001	1.6360013656283856E-001
1.7500000000000007E-001	1.6194942920004474E-001
1.8000000000000008E-001	1.6027555593808795E-001
1.8500000000000008E-001	1.5856511970646281E-001
1.9000000000000009E-001	1.5681773302741808E-001
1.9500000000000009E-001	1.5505927906314243E-001
2.0000000000000009E-001	1.5326414055892190E-001
2.0500000000000010E-001	1.5143392467726757E-001
2.1000000000000010E-001	1.4956178964472411E-001
2.1500000000000011E-001	1.4767618838189067E-001
2.2000000000000011E-001	1.4577249439046724E-001
2.2500000000000012E-001	1.4385051937719595E-001
2.3000000000000012E-001	1.4195025709659514E-001
2.3500000000000013E-001	1.3997812450337310E-001
2.4000000000000013E-001	1.3803684519726955E-001
2.4500000000000013E-001	1.3603237361702858E-001
2.5000000000000011E-001	1.3407129736013346E-001
2.5500000000000012E-001	1.3204571094184203E-001
2.6000000000000012E-001	1.3002910549804314E-001
2.6500000000000012E-001	1.2807103085601801E-001
2.7000000000000013E-001	1.2605164603692609E-001
2.7500000000000013E-001	1.2401239752804116E-001
2.8000000000000014E-001	1.2199007538448514E-001
2.8500000000000014E-001	1.1997607610450833E-001
2.9000000000000015E-001	1.1799842964931306E-001
2.9500000000000015E-001	1.1597934429593471E-001
3.0000000000000016E-001	1.1401161614475486E-001
3.0500000000000016E-001	1.1201621712747567E-001
3.1000000000000016E-001	1.1004993099454285E-001
3.1500000000000017E-001	1.0810290993354021E-001
3.2000000000000017E-001	1.0617388428618035E-001
3.2500000000000018E-001	1.0426418558944972E-001
3.3000000000000018E-001	1.0239481140859175E-001
3.3500000000000019E-001	1.0052851880744518E-001
3.4000000000000019E-001	9.8691406328328846E-002
3.4500000000000020E-001	9.6855859680573086E-002
3.5000000000000020E-001	9.5052410494099959E-002
3.5500000000000020E-001	9.3283226364273109E-002
3.6000000000000021E-001	9.1539343825635111E-002
3.6500000000000021E-001	8.9833944947994127E-002
3.7000000000000022E-001	8.8196020087448090E-002
3.7500000000000022E-001	8.6547778156802924E-002
3.8000000000000023E-001	8.4957649070748431E-002
3.8500000000000023E-001	8.3407983460295210E-002
3.9000000000000024E-001	8.1879698669238277E-002
3.9500000000000024E-001	8.0395801529962618E-002
4.0000000000000024E-001	7.8954023220001002E-002
4.0500000000000025E-001	7.7538275262697631E-002
4.1000000000000025E-001	7.6185467356018499E-002
4.1500000000000026E-001	7.4876704774112124E-002
4.2000000000000026E-001	7.3609515048327356E-002
4.2500000000000027E-001	7.2383893091665374E-002
4.3000000000000027E-001	7.1286395830087113E-002
4.3500000000000028E-001	7.0157165527519716E-002
4.4000000000000028E-001	6.9063408906880230E-002
4.4500000000000028E-001	6.8021242184205466E-002
4.5000000000000029E-001	6.7037613176245348E-002
4.5500000000000029E-001	6.6081122212610310E-002
4.6000000000000030E-001	6.5172077637795311E-002
4.6500000000000030E-001	6.4307493532123505E-002
4.7000000000000031E-001	6.3487186521406169E-002
4.7500000000000031E-001	6.2710566509811549E-002
4.8000000000000032E-001	6.1977204342184233E-002
4.8500000000000032E-001	6.1286252150833942E-002
4.9000000000000032E-001	6.0637110529909943E-002
4.9500000000000033E-001	6.0028907777478491E-002
5.0000000000000033E-001	5.9562313466259287E-002
5.0500000000000034E-001	5.9025240328460349E-002
5.1000000000000034E-001	5.8555498009388529E-002
5.1500000000000035E-001	5.8117834576449035E-002
5.2000000000000035E-001	5.7700026012805772E-002
5.2500000000000036E-001	5.7310580896847263E-002
5.3000000000000036E-001	5.6953985872621349E-002
5.3500000000000036E-001	5.6628732116912772E-002
5.4000000000000037E-001	5.6352662858434321E-002
5.4500000000000037E-001	5.6079619472531927E-002
5.5000000000000038E-001	5.5859998749915540E-002
5.5500000000000038E-001	5.5625689263928191E-002
5.6000000000000039E-001	5.5423251787308558E-002
5.6500000000000039E-001	5.5243781743117282E-002
5.7000000000000040E-001	5.5082072473546795E-002
5.7500000000000040E-001	5.4936352405411615E-002
5.8000000000000040E-001	5.4804840582524772E-002
5.8500000000000041E-001	5.4685385743120651E-002
5.9000000000000041E-001	5.4593633363734018E-002
5.9500000000000042E-001	5.4479496814309858E-002
6.0000000000000042E-001	5.4383293835856161E-002
6.0500000000000043E-001	5.4296869344114818E-002
6.1000000000000043E-001	5.4215561899651821E-002
6.1500000000000044E-001	5.4137423965697096E-002
6.2000000000000044E-001	5.4061102137388239E-002
6.2500000000000044E-001	5.3985279289102461E-002
6.3000000000000045E-001	5.3908664397905870E-002
6.3500000000000045E-001	5.3830003458560149E-002
6.4000000000000046E-001	5.3748028431776174E-002
6.4500000000000046E-001	5.3661611611707905E-002
6.5000000000000047E-001	5.3569649994826385E-002
6.5500000000000047E-001	5.3471023274479279E-002
6.6000000000000048E-001	5.3364488013392108E-002
6.6500000000000048E-001	5.3249139990636074E-002
6.7000000000000048E-001	5.3124168418735795E-002
6.7500000000000049E-001	5.2988838138723349E-002
6.8000000000000049E-001	5.2842549835803609E-002
6.8500000000000050E-001	5.2684645242727868E-002
6.9000000000000050E-001	5.2522775729868076E-002
6.9500000000000051E-001	5.2332804147122935E-002
7.0000000000000051E-001	5.2133149244653065E-002
7.0500000000000052E-001	5.1923514496465373E-002
7.1000000000000052E-001	5.1700906524537960E-002
7.1500000000000052E-001	5.1464491486043595E-002
7.2000000000000053E-001	5.1213970181173352E-002
7.2500000000000053E-001	5.0949147074059287E-002
7.3000000000000054E-001	5.0669915270103338E-002
7.3500000000000054E-001	5.0376238079647528E-002
7.4000000000000055E-001	5.0068434299561204E-002
7.4500000000000055E-001	4.9744392453419106E-002
7.5000000000000056E-001	4.9414271447282054E-002
7.5500000000000056E-001	4.9061551634362210E-002
7.6000000000000056E-001	4.8696641667151486E-002
7.6500000000000057E-001	4.8307595598074737E-002
7.7000000000000057E-001	4.7923276855783126E-002
7.7500000000000058E-001	4.7531759233561566E-002
7.8000000000000058E-001	4.7133506902897526E-002
7.8500000000000059E-001	4.6702924470871210E-002
7.9000000000000059E-001	4.6245552249388311E-002
7.9500000000000060E-001	4.5809182965119710E-002
8.0000000000000060E-001	4.5351504263329900E-002
8.0500000000000060E-001	4.4880804034782784E-002
8.1000000000000061E-001	4.4398347840903796E-002
8.1500000000000061E-001	4.3904818168784665E-002
8.2000000000000062E-001	4.3400809437109888E-002
8.2500000000000062E-001	4.2886834860022205E-002
8.3000000000000063E-001	4.2363486882262436E-002
8.3500000000000063E-001	4.1831422320035117E-002
8.4000000000000064E-001	4.1291453418252466E-002
8.4500000000000064E-001	4.0744275915212125E-002
8.5000000000000064E-001	4.0190861111118803E-002
8.5500000000000065E-001	3.9633238649451563E-002
8.6000000000000065E-001	3.9071664961110031E-002
8.6500000000000066E-001	3.8507537071528208E-002
8.7000000000000066E-001	3.7942644332663811E-002
8.7500000000000067E-001	3.7302217583780717E-002
8.8000000000000067E-001	3.6776486504183303E-002
8.8500000000000068E-001	3.6229976389102969E-002
8.9000000000000068E-001	3.5666169500923051E-002
8.9500000000000068E-001	3.5096884387969762E-002
9.0000000000000069E-001	3.4524658351958504E-002
9.0500000000000069E-001	3.3950779753089133E-002
9.1000000000000070E-001	3.3375018195664907E-002
9.1500000000000070E-001	3.2797006319466693E-002
9.2000000000000071E-001	3.2215971815808153E-002
9.2500000000000071E-001	3.1631421050815067E-002
9.3000000000000071E-001	3.1043227861308864E-002
9.3500000000000072E-001	3.0455030840092601E-002
9.4000000000000072E-001	2.9802379512690269E-002
9.4500000000000073E-001	2.9226404404445461E-002
9.5000000000000073E-001	2.8713025327280928E-002
9.5500000000000074E-001	2.8114632444717458E-002
9.6000000000000074E-001	2.7576241268897128E-002
9.6500000000000075E-001	2.7043474177932403E-002
9.7000000000000075E-001	2.6516055564000052E-002
9.7500000000000075E-001	2.6004165203911800E-002
9.8000000000000076E-001	2.5558645498568566E-002
9.8500000000000076E-001	2.5003158091057465E-002
9.9000000000000077E-001	2.4570812253282615E-002
9.9500000000000077E-001	2.4114085040745525E-002
1.0000000000000007E+000	2.3585966679651627E-002
1.0050000000000006E+000	2.3182780499554134E-002
1.0100000000000005E+000	2.2760641407887139E-002
1.0150000000000003E+000	2.2345443396389442E-002
1.0200000000000002E+000	2.1940745514023252E-002
1.0250000000000001E+000	2.1547404296796469E-002
1.0300000000000000E+000	2.1165992847120840E-002
1.0349999999999999E+000	2.0796827872108459E-002
1.0399999999999998E+000	2.0440411047187190E-002
1.0449999999999997E+000	2.0096906716041474E-002
1.0499999999999996E+000	1.9697601825545252E-002
1.0549999999999995E+000	1.9400345377033723E-002
1.0599999999999994E+000	1.9103950812372261E-002
1.0649999999999993E+000	1.8785280442596086E-002
1.0699999999999992E+000	1.8515679906261351E-002
1.0749999999999991E+000	1.8264893653067382E-002
1.0799999999999990E+000	1.8018336294142401E-002
1.0849999999999989E+000	1.7773482322668954E-002
1.0899999999999987E+000	1.7527429962159502E-002
1.0949999999999986E+000	1.7326606122896493E-002
1.0999999999999985E+000	1.7129039800519941E-002
1.1049999999999984E+000	1.6912353182189754E-002
1.1099999999999983E+000	1.6742186514183910E-002
1.1149999999999982E+000	1.6577349555227716E-002
1.1199999999999981E+000	1.6389936020876128E-002
1.1249999999999980E+000	1.6249646688403896E-002
1.1299999999999979E+000	1.6116439845630826E-002
1.1349999999999978E+000	1.5991223809768140E-002
1.1399999999999977E+000	1.5873936226733054E-002
1.1449999999999976E+000	1.5764609696768517E-002
1.1499999999999975E+000	1.5663193241675533E-002
1.1549999999999974E+000	1.5569532284105403E-002
1.1599999999999973E+000	1.5483388558318989E-002
1.1649999999999971E+000	1.5404467078171447E-002
1.1699999999999970E+000	1.5332432258871265E-002
1.1749999999999969E+000	1.5266915081356025E-002
1.1799999999999968E+000	1.5207516021396028E-002
1.1849999999999967E+000	1.5153795971151851E-002
1.1899999999999966E+000	1.5105329908727150E-002
1.1949999999999965E+000	1.5061682255845366E-002
1.1999999999999964E+000	1.5022420691389371E-002
1.2049999999999963E+000	1.4987104813330987E-002
1.2099999999999962E+000	1.4955376965470890E-002
1.2149999999999961E+000	1.4926663611773971E-002
1.2199999999999960E+000	1.4900800949598558E-002
1.2249999999999959E+000	1.4877044900631464E-002
1.2299999999999958E+000	1.4855204704165903E-002
1.2349999999999957E+000	1.4834826508192567E-002
1.2399999999999956E+000	1.4815231373896065E-002
1.2449999999999954E+000	1.4796106052246127E-002
1.2499999999999953E+000	1.4767690426233493E-002
1.2549999999999952E+000	1.4748896984230875E-002
1.2599999999999951E+000	1.4726712318347879E-002
1.2649999999999950E+000	1.4704045343802985E-002
1.2699999999999949E+000	1.4680630152370089E-002
1.2749999999999948E+000	1.4655928188205269E-002
1.2799999999999947E+000	1.4629463579375557E-002
1.2849999999999946E+000	1.4600850010483502E-002
1.2899999999999945E+000	1.4569767517422783E-002
1.2949999999999944E+000	1.4535925660515314E-002
1.2999999999999943E+000	1.4501932114418636E-002
1.3049999999999942E+000	1.4461747830426308E-002
1.3099999999999941E+000	1.4418141264285200E-002
1.3149999999999940E+000	1.4370917965683905E-002
1.3199999999999938E+000	1.4320001349005018E-002
1.3249999999999937E+000	1.4265125887426677E-002
1.3299999999999936E+000	1.4206156387079005E-002
1.3349999999999935E+000	1.4142974605382275E-002
1.3399999999999934E+000	1.4080351513501732E-002
1.3449999999999933E+000	1.4004739575196101E-002
1.3499999999999932E+000	1.3925412342410404E-002
1.3549999999999931E+000	1.3842713226576375E-002
1.3599999999999930E+000	1.3756228216199595E-002
1.3649999999999929E+000	1.3665708848943581E-002
1.3699999999999928E+000	1.3577021312318305E-002
1.3749999999999927E+000	1.3476921832392907E-002
1.3799999999999926E+000	1.3370697979066648E-002
1.3849999999999925E+000	1.3262945976872498E-002
1.3899999999999924E+000	1.3151436994189858E-002
1.3949999999999922E+000	1.3035769718186874E-002
1.3999999999999921E+000	1.2915798513846610E-002
1.4049999999999920E+000	1.2792125656764686E-002
1.4099999999999919E+000	1.2665276762265698E-002
1.4149999999999918E+000	1.2534899518477971E-002
1.4199999999999917E+000	1.2400966652211576E-002
1.4249999999999916E+000	1.2261442722639515E-002
1.4299999999999915E+000	1.2119140755304958E-002
1.4349999999999914E+000	1.1969635700964876E-002
1.4399999999999913E+000	1.1821450915099785E-002
1.4449999999999912E+000	1.1671651467545452E-002
1.4499999999999911E+000	1.1520363831733160E-002
1.4549999999999910E+000	1.1360953580384248E-002
1.4599999999999909E+000	1.1203990798145380E-002
1.4649999999999908E+000	1.1045481662076639E-002
1.4699999999999906E+000	1.0886170873920076E-002
1.4749999999999905E+000	1.0725797981827601E-002
1.4799999999999904E+000	1.0564056446770387E-002
1.4849999999999903E+000	1.0401034691058353E-002
1.4899999999999902E+000	1.0236923410297027E-002
1.4949999999999901E+000	1.0071944856873127E-002
1.4999999999999900E+000	9.9063309515221576E-003
1.5049999999999899E+000	9.7403151814474676E-003
1.5099999999999898E+000	9.5741295154061490E-003
1.5149999999999897E+000	9.4080020004874143E-003
1.5199999999999896E+000	9.2421574071366308E-003
1.5249999999999895E+000	9.0768165197872008E-003
1.5299999999999894E+000	8.9052302373158199E-003
1.5349999999999893E+000	8.7359811114287034E-003
1.5399999999999892E+000	8.5719748157648823E-003
1.5449999999999890E+000	8.4170866873001238E-003
1.5499999999999889E+000	8.2522429976061851E-003
1.5549999999999888E+000	8.0934976781135148E-003
1.5599999999999887E+000	7.9381682373371731E-003
1.5649999999999886E+000	7.7854139139938994E-003
1.5699999999999885E+000	7.6350308161745595E-003
1.5749999999999884E+000	7.5040602038463078E-003
1.5799999999999883E+000	7.3505771466098047E-003
1.5849999999999882E+000	7.2066209887200472E-003
1.5899999999999881E+000	7.0690079362667468E-003
1.5949999999999880E+000	6.9214063640314905E-003
1.5999999999999879E+000	6.7980343830220669E-003
1.6049999999999878E+000	6.6603075760434116E-003
1.6099999999999877E+000	6.5491365362193577E-003
1.6149999999999876E+000	6.4201605809186546E-003
1.6199999999999875E+000	6.2984197977105083E-003
1.6249999999999873E+000	6.1811898156736156E-003
1.6299999999999872E+000	6.0677080296094310E-003
1.6349999999999871E+000	5.9578644270859016E-003
1.6399999999999870E+000	5.8459422780843262E-003
1.6449999999999869E+000	5.7417248610693861E-003
1.6499999999999868E+000	5.6418205105579489E-003
1.6549999999999867E+000	5.5463108319062648E-003
1.6599999999999866E+000	5.4548634558524434E-003
1.6649999999999865E+000	5.3672845314283180E-003
1.6699999999999864E+000	5.2834027253747529E-003
1.6749999999999863E+000	5.2033544126222075E-003
1.6799999999999862E+000	5.1271699006929516E-003
1.6849999999999861E+000	5.0547090517758519E-003
1.6899999999999860E+000	4.9859229863140619E-003
1.6949999999999859E+000	4.9207430858735357E-003
1.6999999999999857E+000	4.8590747338623785E-003
1.7049999999999856E+000	4.8008889711668168E-003
1.7099999999999855E+000	4.7461160009816261E-003
1.7149999999999854E+000	4.6946734188808570E-003
1.7199999999999853E+000	4.6455929414710440E-003
1.7249999999999852E+000	4.5998347092921499E-003
1.7299999999999851E+000	4.5572374305162811E-003
1.7299999999999851E+000	4.5574920632671656E-003
1.7349999999999850E+000	4.5171541736661602E-003
1.7399999999999849E+000	4.4807455272373176E-003
1.7449999999999848E+000	4.4474400993950169E-003
1.7499999999999847E+000	4.4168583415644669E-003
1.7549999999999846E+000	4.3838328023038109E-003
1.7599999999999845E+000	4.3591548879975406E-003
1.7649999999999844E+000	4.3350938302944009E-003
1.7699999999999843E+000	4.3135744193172343E-003
1.7749999999999841E+000	4.2941368432822813E-003
1.7799999999999840E+000	4.2766152469635443E-003
1.7849999999999839E+000	4.2608681331444132E-003
1.7899999999999838E+000	4.2467499207794468E-003
1.7949999999999837E+000	4.2341175320284030E-003
1.7999999999999836E+000	4.2228278778990713E-003
1.8049999999999835E+000	4.2127392992341584E-003
1.8099999999999834E+000	4.2037123402365317E-003
1.8149999999999833E+000	4.1956110936869351E-003
1.8199999999999832E+000	4.1883020901174461E-003
1.8249999999999831E+000	4.1816985480465085E-003
1.8299999999999830E+000	4.1756268278994035E-003
1.8349999999999829E+000	4.1699625449993505E-003
1.8399999999999828E+000	4.1645750460617137E-003
1.8449999999999827E+000	4.1593475443764127E-003
1.8499999999999825E+000	4.1541727348324287E-003
1.8549999999999824E+000	4.1489349994598967E-003
1.8599999999999823E+000	4.1435336708648407E-003
1.8649999999999822E+000	4.1378589167191393E-003
1.8699999999999821E+000	4.1318028888688296E-003
1.8749999999999820E+000	4.1252626979892959E-003
1.8799999999999819E+000	4.1181525100419947E-003
1.8849999999999818E+000	4.1103891689404648E-003
1.8899999999999817E+000	4.1018949538216276E-003
1.8949999999999816E+000	4.0925965951603693E-003
1.8999999999999815E+000	4.0824257584510804E-003
1.9049999999999814E+000	4.0713192139003596E-003
1.9099999999999813E+000	4.0592190928969707E-003
1.9149999999999812E+000	4.0460721540345190E-003
1.9199999999999811E+000	4.0318315773713032E-003
1.9249999999999809E+000	4.0164542238416701E-003
1.9299999999999808E+000	3.9999059682176430E-003
1.9349999999999807E+000	3.9821717118546651E-003
1.9399999999999806E+000	3.9631925887149144E-003
1.9449999999999805E+000	3.9429638955321700E-003
1.9499999999999804E+000	3.9214727085696843E-003
1.9549999999999803E+000	3.8987011922091419E-003
1.9599999999999802E+000	3.8746603324009143E-003
1.9649999999999801E+000	3.8493374054482388E-003
1.9699999999999800E+000	3.8227359310614162E-003
1.9749999999999799E+000	3.7948623234922430E-003
1.9799999999999798E+000	3.7657315622752208E-003
1.9849999999999797E+000	3.7353411372396117E-003
1.9899999999999796E+000	3.7037300250126748E-003
1.9949999999999795E+000	3.6709276204871522E-003
1.9999999999999793E+000	3.6369627482701894E-003
2.0049999999999795E+000	3.6019239799456315E-003
2.0099999999999794E+000	3.5657919185121401E-003
2.0149999999999793E+000	3.5286071763693805E-003
2.0199999999999791E+000	3.4880219967741155E-003
2.0249999999999790E+000	3.4500045066043761E-003
2.0299999999999789E+000	3.4086704762965603E-003
2.0349999999999788E+000	3.3671204007776900E-003
2.0399999999999787E+000	3.3251430210969879E-003
2.0449999999999786E+000	3.2826228074278596E-003
2.0499999999999785E+000	3.2343847279503457E-003
2.0549999999999784E+000	3.1945084715530037E-003
2.0599999999999783E+000	3.1504941225115601E-003
2.0649999999999782E+000	3.1060993832676687E-003
2.0699999999999781E+000	3.0612775038783013E-003
2.0749999999999780E+000	3.0160803014056548E-003
2.0799999999999779E+000	2.9705809479270151E-003
2.0849999999999778E+000	2.9248309575464759E-003
2.0899999999999777E+000	2.8788978605862603E-003
2.0949999999999775E+000	2.8326762696191388E-003
2.0999999999999774E+000	2.7889787689425738E-003
2.1049999999999773E+000	2.7435927244350289E-003
2.1099999999999772E+000	2.6983353121736720E-003
2.1149999999999771E+000	2.6530522100087772E-003
2.1199999999999770E+000	2.6077433816196205E-003
2.1249999999999769E+000	2.5625132614401913E-003
2.1299999999999768E+000	2.4967822873041001E-003
2.1349999999999767E+000	2.4530376513447472E-003
2.1399999999999766E+000	2.4107954574570378E-003
2.1449999999999765E+000	2.3683254058610714E-003
2.1499999999999764E+000	2.3258231963918519E-003
2.1549999999999763E+000	2.2834348236413504E-003
2.1599999999999762E+000	2.2412672331943995E-003
2.1649999999999761E+000	2.1994246028085307E-003
2.1699999999999759E+000	2.1580965716134770E-003
2.1749999999999758E+000	2.1173766127167148E-003
2.1799999999999757E+000	2.0773055080622882E-003
2.1849999999999756E+000	2.0379332165911812E-003
2.1899999999999755E+000	1.9993027904856575E-003
2.1949999999999754E+000	1.9613895378216561E-003
2.1999999999999753E+000	1.9243333950189623E-003
2.2049999999999752E+000	1.8881357266971044E-003
2.2099999999999751E+000	1.8528866996221360E-003
2.2149999999999750E+000	1.8185494353613052E-003
2.2199999999999749E+000	1.7851460240470018E-003
2.2249999999999748E+000	1.7527011470317433E-003
2.2299999999999747E+000	1.7212331279843340E-003
2.2349999999999746E+000	1.6907562540713350E-003
2.2399999999999745E+000	1.6612819900014841E-003
2.2449999999999743E+000	1.6328192286594323E-003
2.2499999999999742E+000	1.6053742593453713E-003
2.2549999999999741E+000	1.5789507518464418E-003
2.2599999999999740E+000	1.5535498777992096E-003
2.2649999999999739E+000	1.5291849684113679E-003
2.2699999999999738E+000	1.4733039355974142E-003
2.2749999999999737E+000	1.4587507112322484E-003
2.2799999999999736E+000	1.4425757114215898E-003
2.2849999999999735E+000	1.4262031513916362E-003
2.2899999999999734E+000	1.4100376440460138E-003
2.2949999999999733E+000	1.3942596322542578E-003
2.2999999999999732E+000	1.3789765524112596E-003
2.3049999999999731E+000	1.3307193287461772E-003
2.3099999999999730E+000	1.3230969038309226E-003
2.3149999999999729E+000	1.3137852929547833E-003
2.3199999999999728E+000	1.3042375674960915E-003
2.3249999999999726E+000	1.2947172292174791E-003
2.3299999999999725E+000	1.2853682958278156E-003
2.3349999999999724E+000	1.2762966141885990E-003
2.3399999999999723E+000	1.2675829255233140E-003
2.3449999999999722E+000	1.2592810376750307E-003
2.3499999999999721E+000	1.2514249833519564E-003
2.3549999999999720E+000	1.2440305117968897E-003
2.3599999999999719E+000	1.2371007497287145E-003
2.3649999999999718E+000	1.2306320781099167E-003
2.3699999999999717E+000	1.2246109585034581E-003
2.3749999999999716E+000	1.2190187801150998E-003
2.3799999999999715E+000	1.2138330775273154E-003
2.3849999999999714E+000	1.2090451508077749E-003
2.3899999999999713E+000	1.2046114847108491E-003
2.3949999999999712E+000	1.2005063242459535E-003
2.3999999999999710E+000	1.1966938171688035E-003
2.4049999999999709E+000	1.1931514218863626E-003
2.4099999999999708E+000	1.1898533636314212E-003
2.4149999999999707E+000	1.1867715905009568E-003
2.4199999999999706E+000	1.1838760383171554E-003
2.4249999999999705E+000	1.1811363846256917E-003
2.4299999999999704E+000	1.1785218716111601E-003
2.4349999999999703E+000	1.1759997964895241E-003
2.4399999999999702E+000	1.1735379836301796E-003
2.4449999999999701E+000	1.1711143912571664E-003
2.4499999999999700E+000	1.1687061155609690E-003
2.4549999999999699E+000	1.1662857938867788E-003
2.4599999999999698E+000	1.1638263560982409E-003
2.4649999999999697E+000	1.1613015459714937E-003
2.4699999999999696E+000	1.1586857920109495E-003
2.4749999999999694E+000	1.1559546346555649E-003
2.4799999999999693E+000	1.1530838621469641E-003
2.4849999999999692E+000	1.1500504637513842E-003
2.4899999999999691E+000	1.1468330378385794E-003
2.4949999999999690E+000	1.1434116237478698E-003
2.4999999999999689E+000	1.1397681085343336E-003
2.5049999999999688E+000	1.1358855855947425E-003
2.5099999999999687E+000	1.1317482497195108E-003
2.5149999999999686E+000	1.1273411702421576E-003
2.5199999999999685E+000	1.1226503667001175E-003
2.5249999999999684E+000	1.1176636120775463E-003
2.5299999999999683E+000	1.1123562040022961E-003
2.5349999999999682E+000	1.1067304848038084E-003
2.5399999999999681E+000	1.1007802723437266E-003
2.5449999999999680E+000	1.0944805893160492E-003
2.5499999999999678E+000	1.0878444157262912E-003
2.5549999999999677E+000	1.0808640204937880E-003
2.5599999999999676E+000	1.0735350057058390E-003
2.5649999999999675E+000	1.0658552713223024E-003
2.5699999999999674E+000	1.0578239312311055E-003
2.5749999999999673E+000	1.0494400196550124E-003
2.5799999999999672E+000	1.0407037855442169E-003
2.5849999999999671E+000	1.0316174696844982E-003
2.5899999999999670E+000	1.0221850503531194E-003
2.5949999999999669E+000	1.0124115914473819E-003
2.5999999999999668E+000	1.0023033934771775E-003
2.6049999999999667E+000	9.9186765402947685E-004
2.6099999999999666E+000	9.8111251590715653E-004
2.6149999999999665E+000	9.7004613864815070E-004
2.6199999999999664E+000	9.5870760496152840E-004
2.6249999999999662E+000	9.4708066361581800E-004
2.6299999999999661E+000	9.3517496982808979E-004
2.6349999999999660E+000	9.2294949073856714E-004
2.6399999999999659E+000	9.1042026954069044E-004
2.6449999999999658E+000	8.9765978904576826E-004
2.6499999999999657E+000	8.8468525266716114E-004
2.6549999999999656E+000	8.7150760913257130E-004
2.6599999999999655E+000	8.5814058467947874E-004
2.6649999999999654E+000	8.4459974430739493E-004
2.6699999999999653E+000	8.3090136258379133E-004
2.6749999999999652E+000	8.1706218476762515E-004
2.6799999999999651E+000	8.0309916196341646E-004
2.6849999999999650E+000	7.8902956365345389E-004
2.6899999999999649E+000	7.7487083739757878E-004
2.6949999999999648E+000	7.6064058008951108E-004
2.6999999999999647E+000	7.1215024221027434E-004
2.7049999999999645E+000	6.9991894782406305E-004
2.7099999999999644E+000	6.8827355162026649E-004
2.7149999999999643E+000	6.7645831929530331E-004
2.7199999999999642E+000	6.6446691066834873E-004
2.7249999999999641E+000	6.5264811203480377E-004
2.7299999999999640E+000	6.4333720830589414E-004
2.7349999999999639E+000	6.3117390816991303E-004
2.7399999999999638E+000	6.1900046836926848E-004
2.7449999999999637E+000	6.0676127193293183E-004
2.7499999999999636E+000	5.9442406791143654E-004
2.7549999999999635E+000	5.8200721213630402E-004
2.7599999999999634E+000	5.5208754474822541E-004
2.7649999999999633E+000	5.3997389930771078E-004
2.7699999999999632E+000	5.2718913003557688E-004
2.7749999999999631E+000	5.1516295452413985E-004
2.7799999999999629E+000	5.0346812125345863E-004
2.7849999999999628E+000	4.8259348093804277E-004
2.7899999999999627E+000	4.7411762493831944E-004
2.7949999999999626E+000	4.6207406394582762E-004
2.7999999999999625E+000	4.5065601515625886E-004
2.8049999999999624E+000	4.3964577110156000E-004
2.8099999999999623E+000	4.2892749355161186E-004
2.8149999999999622E+000	4.1845679695073912E-004
2.8199999999999621E+000	4.0818149961596717E-004
2.8249999999999620E+000	3.9814406067950614E-004
2.8299999999999619E+000	3.8835578242268909E-004
2.8349999999999618E+000	3.7882510530984348E-004
2.8399999999999617E+000	3.6955972678098803E-004
2.8449999999999616E+000	3.6056562800323988E-004
2.8499999999999615E+000	3.5184727412973515E-004
2.8549999999999613E+000	3.4341999201803475E-004
2.8599999999999612E+000	3.3526520843452090E-004
2.8649999999999611E+000	3.2739813872906254E-004
2.8699999999999610E+000	3.1982335658398142E-004
2.8749999999999609E+000	3.1257882256019442E-004
2.8799999999999608E+000	3.0562590836558101E-004
2.8849999999999607E+000	2.9896642681315200E-004
2.8899999999999606E+000	2.9259951246052296E-004
2.8949999999999605E+000	2.8656028269669065E-004
2.8999999999999604E+000	2.8080819507092514E-004
2.9049999999999603E+000	2.7534145022478640E-004
2.9099999999999602E+000	2.5772598767126453E-004
2.9149999999999601E+000	2.5335777834767370E-004
2.9199999999999600E+000	2.4741537745009978E-004
2.9249999999999599E+000	2.4282508805262282E-004
2.9299999999999597E+000	2.3903937503533257E-004
2.9349999999999596E+000	2.3575712145618155E-004
2.9399999999999595E+000	2.3279963413669336E-004
2.9449999999999594E+000	2.3012712772851884E-004
2.9499999999999593E+000	2.2767299250414652E-004
2.9549999999999592E+000	2.2541825010513605E-004
2.9599999999999591E+000	2.2335211176160996E-004
2.9649999999999590E+000	2.2146430496272629E-004
2.9699999999999589E+000	2.1974618543429969E-004
2.9749999999999588E+000	2.1818980925347731E-004
2.9799999999999587E+000	2.1678717001583081E-004
2.9849999999999586E+000	2.1553012053221465E-004
2.9899999999999585E+000	2.1441029260182987E-004
2.9949999999999584E+000	2.1341857349899129E-004
2.9999999999999583E+000	2.1254609218290810E-004
3.0049999999999581E+000	2.0042022656818759E-004
3.0099999999999580E+000	1.9812433545185471E-004
3.0149999999999579E+000	1.9817299004643019E-004
3.0199999999999578E+000	1.9613425319997546E-004
3.0249999999999577E+000	1.9542535573302544E-004
3.0299999999999576E+000	1.9532938363742147E-004
3.0349999999999575E+000	1.9550321589933972E-004
3.0399999999999574E+000	1.9583718329174715E-004
3.0449999999999573E+000	1.9622988588752222E-004
3.0499999999999572E+000	1.9664424810184045E-004
3.0549999999999571E+000	1.9705941941339233E-004
3.0599999999999570E+000	1.9745955244943048E-004
3.0649999999999569E+000	1.9783269687767557E-004
3.0699999999999568E+000	1.9817083895956600E-004
3.0749999999999567E+000	1.9846698643632976E-004
3.0799999999999566E+000	1.9871487743960969E-004
3.0849999999999564E+000	1.9890869904415354E-004
3.0899999999999563E+000	1.9904301298412364E-004
3.0949999999999562E+000	1.9911285113183297E-004
3.0999999999999561E+000	1.9911351122425813E-004
3.1049999999999560E+000	1.9904077710330981E-004
3.1099999999999559E+000	1.9889083137591967E-004
3.1149999999999558E+000	1.9866031373005910E-004
3.1199999999999557E+000	1.9834593899581421E-004
3.1249999999999556E+000	1.9794454915844639E-004
3.1299999999999555E+000	1.9745345908805945E-004
3.1349999999999554E+000	1.9687056082684506E-004
3.1399999999999553E+000	1.9619349452781876E-004
3.1449999999999552E+000	1.9543211881911660E-004
3.1499999999999551E+000	1.9457529149757846E-004
3.1549999999999550E+000	1.9362169377279415E-004
3.1599999999999548E+000	1.9256959028091103E-004
3.1649999999999547E+000	1.9141767431118950E-004
3.1699999999999546E+000	1.9016520053405372E-004
3.1749999999999545E+000	1.8881195746178747E-004
3.1799999999999544E+000	1.8735804324876426E-004
3.1849999999999543E+000	1.8580377221644184E-004
3.1899999999999542E+000	1.8414971723546003E-004
3.1949999999999541E+000	1.8239678729958797E-004
3.1999999999999540E+000	1.8054610644746560E-004
3.2049999999999539E+000	1.7859921976670634E-004
3.2099999999999538E+000	1.7655580318409747E-004
3.2149999999999537E+000	1.7440813102131969E-004
3.2199999999999536E+000	1.7219098033116609E-004
3.2249999999999535E+000	1.6988335120915465E-004
3.2299999999999534E+000	1.5326290989925440E-004
3.2349999999999532E+000	1.5088407791274960E-004
3.2399999999999531E+000	1.4681232367896868E-004
3.2449999999999530E+000	1.4832602407288675E-004
3.2499999999999529E+000	1.4450073952421150E-004
3.2549999999999528E+000	1.4133229649715418E-004
3.2599999999999527E+000	1.3934080657262982E-004
3.2649999999999526E+000	1.3763395815047375E-004
3.2699999999999525E+000	1.3595286328493827E-004
3.2749999999999524E+000	1.3416258600473796E-004
3.2799999999999523E+000	1.3224554336854766E-004
3.2849999999999522E+000	1.3020081661396787E-004
3.2899999999999521E+000	1.1175115284345338E-004
3.2949999999999520E+000	1.0613384799018633E-004
3.2999999999999519E+000	1.0406190677825222E-004
3.3049999999999518E+000	1.0260374760173718E-004
3.3099999999999516E+000	1.0115342599359423E-004
3.3149999999999515E+000	9.1602261413026298E-005
3.3199999999999514E+000	8.7629230256069945E-005
3.3249999999999513E+000	8.5829615579680052E-005
3.3299999999999512E+000	8.4409683057451446E-005
3.3349999999999511E+000	8.2995182662859435E-005
3.3399999999999510E+000	8.1440089396700444E-005
3.3449999999999509E+000	7.9678413003048121E-005
3.3499999999999508E+000	7.7816601395053198E-005
3.3549999999999507E+000	7.5832217778515343E-005
3.3599999999999506E+000	7.3742951311128735E-005
3.3649999999999505E+000	7.1568473289040924E-005
3.3699999999999504E+000	6.9324284586169682E-005
3.3749999999999503E+000	6.7024647347313504E-005
3.3799999999999502E+000	6.4682904853174961E-005
3.3849999999999500E+000	6.2310972024803846E-005
3.3899999999999499E+000	5.9919353688542287E-005
3.3949999999999498E+000	5.7514534945291018E-005
3.3999999999999497E+000	5.5098384942997569E-005
3.4049999999999496E+000	5.2709987199417441E-005
3.4099999999999495E+000	5.0327520852100349E-005
3.4149999999999494E+000	4.7960162193216860E-005
3.4199999999999493E+000	4.5618067440411636E-005
3.4249999999999492E+000	4.3307023094296682E-005
3.4299999999999491E+000	4.1028892112660031E-005
3.4349999999999490E+000	3.8781118946396020E-005
3.4399999999999489E+000	3.6599816028104470E-005
3.4449999999999488E+000	3.4460012178882948E-005
3.4499999999999487E+000	3.2367544943845417E-005
3.4549999999999486E+000	3.0329385861005420E-005
3.4599999999999485E+000	2.8348356548857367E-005
3.4649999999999483E+000	2.6423439592804243E-005
3.4699999999999482E+000	2.4549174352461733E-005
3.4749999999999481E+000	2.2759625359025648E-005
3.4799999999999480E+000	2.1026751293895529E-005
3.4849999999999479E+000	1.9353954342271606E-005
3.4899999999999478E+000	1.7745930800394660E-005
3.4949999999999477E+000	1.6200373551988889E-005
3.4999999999999476E+000	1.4709571174442715E-005
3.5049999999999475E+000	1.3306365449938795E-005
3.5099999999999474E+000	1.1960534755051100E-005
3.5149999999999473E+000	1.0674122667531094E-005
3.5199999999999472E+000	9.4505421870394457E-006
3.5249999999999471E+000	8.2862709818165570E-006
3.5299999999999470E+000	7.1753154906595285E-006
3.5349999999999469E+000	6.1029222466757460E-006
3.5399999999999467E+000	5.1261054894169433E-006
3.5449999999999466E+000	4.2029419873301777E-006
3.5499999999999465E+000	3.3315752641094321E-006
3.5549999999999464E+000	2.5129928094003162E-006
3.5599999999999463E+000	1.7451987237571132E-006
3.5649999999999462E+000	1.0258926175232830E-006
3.5699999999999461E+000	3.4996696207656441E-007
3.5749999999999460E+000	-2.8846166211238256E-007
3.5799999999999459E+000	-9.0621871073892635E-007
3.5849999999999458E+000	-1.4468686608815062E-006
3.5899999999999457E+000	-1.9542381903825401E-006
3.5949999999999456E+000	-2.4307266452971987E-006
3.5999999999999455E+000	-2.8758278953766592E-006
3.6049999999999454E+000	-3.2918146213312127E-006
3.6099999999999453E+000	-3.6844028565852227E-006
3.6149999999999451E+000	-4.0596067316656104E-006
3.6199999999999450E+000	-4.4350948038562876E-006
3.6249999999999449E+000	-4.7541886858404325E-006
3.6299999999999448E+000	-5.0619080820268891E-006
3.6349999999999447E+000	-5.3604495842130007E-006
3.6399999999999446E+000	-5.6493376869859446E-006
3.6449999999999445E+000	-5.9312163362967851E-006
3.6499999999999444E+000	-6.2119067778532155E-006
3.6549999999999443E+000	-6.4969636670575426E-006
3.6599999999999442E+000	-6.8042287915126565E-006
3.6649999999999441E+000	-7.0764750970120360E-006
3.6699999999999440E+000	-7.3585955773225464E-006
3.6749999999999439E+000	-7.6519790721540915E-006
3.6799999999999438E+000	-7.9554062395459368E-006
3.6849999999999437E+000	-8.2737171349656080E-006
3.6899999999999435E+000	-8.6150553570973898E-006
3.6949999999999434E+000	-8.9488954859717751E-006
3.6999999999999433E+000	-9.3095182784885822E-006
3.7049999999999432E+000	-9.6971228544795451E-006
3.7099999999999431E+000	-1.0111490914788135E-005
3.7149999999999430E+000	-1.0569288122486142E-005
3.7199999999999429E+000	-1.1012439881330494E-005
3.7249999999999428E+000	-1.1485279735268250E-005
3.7299999999999427E+000	-1.1987631806320564E-005
3.7349999999999426E+000	-1.2516862243572291E-005
3.7399999999999425E+000	-1.3076433054592940E-005
3.7449999999999424E+000	-1.3673067798425365E-005
3.7499999999999423E+000	-1.4275429013999030E-005
3.7549999999999422E+000	-1.4916844897072679E-005
3.7599999999999421E+000	-1.5595959881764543E-005
3.7649999999999419E+000	-1.6311122680967571E-005
3.7699999999999418E+000	-1.7077923798680672E-005
3.7749999999999417E+000	-1.7837314885138511E-005
3.7799999999999416E+000	-1.8632607297952575E-005
3.7849999999999415E+000	-1.9462393994640337E-005
3.7899999999999414E+000	-2.0322900718294790E-005
3.7949999999999413E+000	-2.1216349792574363E-005
3.7999999999999412E+000	-2.2145641428217289E-005
3.8049999999999411E+000	-2.3125881939645154E-005
3.8099999999999410E+000	-2.4097687473911833E-005
3.8149999999999409E+000	-2.5103169576823348E-005
3.8199999999999408E+000	-2.6139942942204897E-005
3.8249999999999407E+000	-2.7203342088277793E-005
3.8299999999999406E+000	-2.8294795663352801E-005
3.8349999999999405E+000	-2.9416781908597756E-005
3.8399999999999403E+000	-3.0583464310396380E-005
3.8449999999999402E+000	-3.1735348143602238E-005
3.8499999999999401E+000	-3.2913921092614373E-005
3.8549999999999400E+000	-3.4116434828757036E-005
3.8599999999999399E+000	-3.5339800597888882E-005
3.8649999999999398E+000	-3.6588424367156591E-005
3.8699999999999397E+000	-3.7829193494598456E-005
3.8749999999999396E+000	-3.9093082687458036E-005
3.8799999999999395E+000	-4.0376469831127082E-005
3.8849999999999394E+000	-4.1676402757317987E-005
3.8899999999999393E+000	-4.3005500495851834E-005
3.8949999999999392E+000	-4.4304030233366376E-005
3.8999999999999391E+000	-4.5613170871927622E-005
3.9049999999999390E+000	-4.6929763674707914E-005
3.9099999999999389E+000	-4.8248328014199870E-005
3.9149999999999388E+000	-4.9569121479020595E-005
3.9199999999999386E+000	-5.0894758450326094E-005
3.9249999999999385E+000	-5.2238153441575008E-005
3.9299999999999384E+000	-5.3540260833706554E-005
3.9349999999999383E+000	-5.4841618451817453E-005
3.9399999999999382E+000	-5.6139195092175243E-005
3.9449999999999381E+000	-5.7429885679916026E-005
3.9499999999999380E+000	-5.8697993085221611E-005
3.9549999999999379E+000	-5.9934101350744839E-005
3.9599999999999378E+000	-6.1166660373146442E-005
3.9649999999999377E+000	-6.2392338086247889E-005
3.9699999999999376E+000	-6.3609465920322350E-005
3.9749999999999375E+000	-6.4830226307766026E-005
3.9799999999999374E+000	-6.5996689907699135E-005
3.9849999999999373E+000	-6.7149424478607500E-005
3.9899999999999372E+000	-6.8286078113821702E-005
3.9949999999999370E+000	-6.9401750491415726E-005
3.9999999999999369E+000	-7.0497237703914806E-005
4.0049999999999368E+000	-7.1577092175978407E-005
4.0099999999999367E+000	-7.2653903825603550E-005
4.0149999999999366E+000	-7.3670040956930194E-005
4.0199999999999365E+000	-7.4666202750872657E-005
4.0249999999999364E+000	-7.5640724865433384E-005
4.0299999999999363E+000	-7.6589296937878970E-005
4.0349999999999362E+000	-7.7513043093446754E-005
4.0399999999999361E+000	-7.8417519048912254E-005
4.0449999999999360E+000	-7.9315241874322595E-005
4.0499999999999359E+000	-8.0148843956795446E-005
4.0549999999999358E+000	-8.0959407503744529E-005
4.0599999999999357E+000	-8.1745817980038993E-005
4.0649999999999356E+000	-8.2504187892684655E-005
4.0699999999999354E+000	-8.3235981088058963E-005
4.0749999999999353E+000	-8.3947690436403377E-005
4.0799999999999352E+000	-8.4651876887775757E-005
4.0849999999999351E+000	-8.5291379087415464E-005
4.0899999999999350E+000	-8.5907700243303964E-005
4.0949999999999349E+000	-8.6500248321907947E-005
4.0999999999999348E+000	-8.7065534494445984E-005
4.1049999999999347E+000	-8.7605217397257462E-005
4.1099999999999346E+000	-8.8126694070655986E-005
4.1149999999999345E+000	-8.8642673969907548E-005
4.1199999999999344E+000	-8.9096124671339538E-005
4.1249999999999343E+000	-8.9529186733994237E-005
4.1299999999999342E+000	-8.9941730594844671E-005
4.1349999999999341E+000	-9.0330545019945419E-005
4.1349999999999341E+000	-1.1751966573214645E-004
4.1399999999999340E+000	-1.0978411360929030E-004
4.1449999999999338E+000	-1.0937964165069758E-004
4.1499999999999337E+000	-1.1898275440858086E-004
4.1549999999999336E+000	-1.2041206863200316E-004
4.1599999999999335E+000	-1.1950723970333144E-004
4.1649999999999334E+000	-1.1801546361045467E-004
4.1699999999999333E+000	-1.1643161017271808E-004
4.1749999999999332E+000	-1.1491131833762935E-004
4.1799999999999331E+000	-1.1351104792067801E-004
4.1849999999999330E+000	-1.1219611495949522E-004
4.1899999999999329E+000	-1.1101563051951757E-004
4.1949999999999328E+000	-1.0995660133561458E-004
4.1999999999999327E+000	-1.0900640164912545E-004
4.2049999999999326E+000	-1.0814171113882054E-004
4.2099999999999325E+000	-1.0735120180083157E-004
4.2149999999999324E+000	-1.0662479812317827E-004
4.2199999999999322E+000	-1.0595470866192613E-004
4.2249999999999321E+000	-1.0534477076440396E-004
4.2299999999999320E+000	-1.0475625129435784E-004
4.2349999999999319E+000	-1.0421984633701697E-004
4.2399999999999318E+000	-1.0372893429044794E-004
4.2449999999999317E+000	-1.0328086345889886E-004
4.2499999999999316E+000	-1.0288522424639623E-004
4.2549999999999315E+000	-1.0248045372041048E-004
4.2599999999999314E+000	-1.0210967154611339E-004
4.2649999999999313E+000	-1.0176944199358218E-004
4.2699999999999312E+000	-1.0145345715395493E-004
4.2749999999999311E+000	-1.0116148312189210E-004
4.2799999999999310E+000	-1.0090044579236235E-004
4.2849999999999309E+000	-1.0068118917461177E-004
4.2899999999999308E+000	-1.0044317994140073E-004
4.2949999999999307E+000	-1.0022992586566914E-004
4.2999999999999305E+000	-1.0003945686376525E-004
4.3049999999999304E+000	-9.9866781537727434E-005
4.3099999999999303E+000	-9.9712635276194561E-005
4.3149999999999302E+000	-9.9588778144976686E-005
4.3199999999999301E+000	-9.9456591300395303E-005
4.3249999999999300E+000	-9.9349449469432471E-005
4.3299999999999299E+000	-9.9265245157909021E-005
4.3349999999999298E+000	-9.9210772201541175E-005
4.3399999999999297E+000	-9.9145733328587227E-005
4.3449999999999296E+000	-9.9104615936873586E-005
4.3499999999999295E+000	-9.9085734490245159E-005
4.3549999999999294E+000	-9.9096501143147719E-005
4.3599999999999293E+000	-9.9095508358182371E-005
4.3649999999999292E+000	-9.9117679082105781E-005
4.3699999999999291E+000	-9.9161417394633133E-005
4.3749999999999289E+000	-9.9234590777097509E-005
4.3799999999999288E+000	-9.9294728965304557E-005
4.3849999999999287E+000	-9.9377246423504317E-005
4.3899999999999286E+000	-9.9480573073851275E-005
4.3949999999999285E+000	-9.9612962111361725E-005
4.3999999999999284E+000	-9.9730806714326548E-005
4.4049999999999283E+000	-9.9870028584803094E-005
4.4099999999999282E+000	-1.0002906717110349E-004
4.4149999999999281E+000	-1.0021655614700364E-004
4.4199999999999280E+000	-1.0038773364540177E-004
4.4249999999999279E+000	-1.0057903510851673E-004
4.4299999999999278E+000	-1.0078888570186351E-004
4.4349999999999277E+000	-1.0102625900865192E-004
4.4399999999999276E+000	-1.0124522958498972E-004
4.4449999999999275E+000	-1.0148277275412454E-004
4.4499999999999273E+000	-1.0173729390272612E-004
4.4549999999999272E+000	-1.0201332935722007E-004
4.4599999999999271E+000	-1.0232343982741199E-004
4.4649999999999270E+000	-1.0259585667204973E-004
4.4699999999999269E+000	-1.0288080014930756E-004
4.4749999999999268E+000	-1.0317790359559709E-004
4.4799999999999267E+000	-1.0348206590116149E-004
4.4849999999999266E+000	-1.0379395753856713E-004
4.4899999999999265E+000	-1.0412412750637756E-004
4.4949999999999264E+000	-1.0448593395739891E-004
4.4999999999999263E+000	-1.0480639500887179E-004
4.5049999999999262E+000	-1.0513613648432951E-004
4.5099999999999261E+000	-1.0547458290988132E-004
4.5149999999999260E+000	-1.0581650260776954E-004
4.5199999999999259E+000	-1.0616262203511084E-004
4.5249999999999257E+000	-1.0652351210849176E-004
4.5299999999999256E+000	-1.0691283875630120E-004
4.5349999999999255E+000	-1.0725640629338784E-004
4.5399999999999254E+000	-1.0760574616419660E-004
4.5449999999999253E+000	-1.0796025669490561E-004
4.5499999999999252E+000	-1.0831637934671789E-004
4.5549999999999251E+000	-1.0868796790797219E-004
4.5599999999999250E+000	-1.0902850404459485E-004
4.5649999999999249E+000	-1.0937683326162073E-004
4.5699999999999248E+000	-1.0973095746713568E-004
4.5749999999999247E+000	-1.1009445981757793E-004
4.5799999999999246E+000	-1.1048159771531729E-004
4.5849999999999245E+000	-1.1081700246107218E-004
4.5899999999999244E+000	-1.1115382184234690E-004
4.5949999999999243E+000	-1.1149140944999303E-004
4.5999999999999241E+000	-1.1182629246508924E-004
4.6049999999999240E+000	-1.1217223614412575E-004
4.6099999999999239E+000	-1.1248240361849682E-004
4.6149999999999238E+000	-1.1279679621178929E-004
4.6199999999999237E+000	-1.1311345528497441E-004
4.6249999999999236E+000	-1.1343564219146174E-004
4.6299999999999235E+000	-1.1377853418004236E-004
4.6349999999999234E+000	-1.1406544347458691E-004
4.6399999999999233E+000	-1.1435084199495904E-004
4.6449999999999232E+000	-1.1463410897771809E-004
4.6499999999999231E+000	-1.1491192943946515E-004
4.6549999999999230E+000	-1.1519305194340745E-004
4.6599999999999229E+000	-1.1549399528787418E-004
4.6649999999999228E+000	-1.1573852558166564E-004
4.6699999999999227E+000	-1.1598099040766030E-004
4.6749999999999226E+000	-1.1622051944959466E-004
4.6799999999999224E+000	-1.1645394193138259E-004
4.6849999999999223E+000	-1.1668953815080485E-004
4.6899999999999222E+000	-1.1694432129916166E-004
4.6949999999999221E+000	-1.1714253844141709E-004
4.6999999999999220E+000	-1.1733863714313841E-004
4.7049999999999219E+000	-1.1753159750105269E-004
4.7099999999999218E+000	-1.1771836192453478E-004
4.7149999999999217E+000	-1.1790686129975469E-004
4.7199999999999216E+000	-1.1811451964138797E-004
4.7249999999999215E+000	-1.1826594113450994E-004
4.7299999999999214E+000	-1.1841571639559234E-004
4.7349999999999213E+000	-1.1856274492760832E-004
4.7399999999999212E+000	-1.1870422115434209E-004
4.7449999999999211E+000	-1.1886481206513366E-004
4.7499999999999210E+000	-1.1904724012312684E-004
4.7549999999999208E+000	-1.1917379101733516E-004
4.7599999999999207E+000	-1.1929961319268045E-004
4.7649999999999206E+000	-1.1941024528372424E-004
4.7699999999999205E+000	-1.1951481933003549E-004
4.7749999999999204E+000	-1.1961725019338232E-004
4.7799999999999203E+000	-1.1971627892837233E-004
4.7849999999999202E+000	-1.1976271976577024E-004
4.7899999999999201E+000	-1.1981165374530534E-004
4.7949999999999200E+000	-1.1986025991461702E-004
4.7999999999999199E+000	-1.4523472275262961E-004
4.8049999999999198E+000	-1.4647089287889159E-004
4.8099999999999197E+000	-1.5164347165042003E-004
4.8149999999999196E+000	-1.5245359531768088E-004
4.8199999999999195E+000	-1.5114079259337387E-004
4.8249999999999194E+000	-1.4920216191027791E-004
4.8299999999999192E+000	-1.4721743013046407E-004
4.8349999999999191E+000	-1.4536140590326596E-004
4.8399999999999190E+000	-1.4368306801504360E-004
4.8449999999999189E+000	-1.4213394897666376E-004
4.8499999999999188E+000	-1.4076827311892970E-004
4.8549999999999187E+000	-1.3956044986240812E-004
4.8599999999999186E+000	-1.3847866008909193E-004
4.8649999999999185E+000	-1.3750002716284015E-004
4.8699999999999184E+000	-1.3661025703815000E-004
4.8749999999999183E+000	-1.3579701974020253E-004
4.8799999999999182E+000	-1.3507164314940923E-004
4.8849999999999181E+000	-1.3435440562314938E-004
4.8899999999999180E+000	-1.3369383947559044E-004
4.8949999999999179E+000	-1.3308080823648538E-004
4.8999999999999178E+000	-1.3250717587220961E-004
4.9049999999999176E+000	-1.3197172953915981E-004
4.9099999999999175E+000	-1.3149123595557199E-004
4.9149999999999174E+000	-1.3099205116473556E-004
4.9199999999999173E+000	-1.3052566804683252E-004
4.9249999999999172E+000	-1.3009010321418657E-004
4.9299999999999171E+000	-1.2967923513773627E-004
4.9349999999999170E+000	-1.2931031363860868E-004
4.9399999999999169E+000	-1.2891317689600612E-004
4.9449999999999168E+000	-1.2853900368314797E-004
4.9499999999999167E+000	-1.2818355877142196E-004
4.9549999999999166E+000	-1.2784243490049363E-004
4.9599999999999165E+000	-1.2751643583985839E-004
4.9649999999999164E+000	-1.2722510504659112E-004
4.9699999999999163E+000	-1.2689871304383260E-004
4.9749999999999162E+000	-1.2658816140875828E-004
4.9799999999999160E+000	-1.2629361371274683E-004
4.9849999999999159E+000	-1.2600998903833371E-004
4.9899999999999158E+000	-1.2575691288052582E-004
4.9949999999999157E+000	-1.2546672483182419E-004
4.9999999999999156E+000	-1.2518999460908731E-004
5.0049999999999155E+000	-1.2492379804740494E-004
5.0099999999999154E+000	-1.2466511625275345E-004
5.0149999999999153E+000	-1.2441490856263115E-004
5.0199999999999152E+000	-1.2419406821084777E-004
5.0249999999999151E+000	-1.2393459265336304E-004
5.0299999999999150E+000	-1.2368635005577389E-004
5.0349999999999149E+000	-1.2345016981907264E-004
5.0399999999999148E+000	-1.2322092916461358E-004
5.0449999999999147E+000	-1.2301890343469069E-004
5.0499999999999146E+000	-1.2277790772063923E-004
5.0549999999999145E+000	-1.2254690787827371E-004
5.0599999999999143E+000	-1.2232672476963913E-004
5.0649999999999142E+000	-1.2211612225065949E-004
5.0699999999999141E+000	-1.2188029208060058E-004
5.0749999999999140E+000	-1.2166097006804932E-004
5.0799999999999139E+000	-1.2145302962940363E-004
5.0849999999999138E+000	-1.2127115710169889E-004
5.0899999999999137E+000	-1.2104888988329066E-004
5.0949999999999136E+000	-1.2083454967637408E-004
5.0999999999999135E+000	-1.2062577117522011E-004
5.1049999999999134E+000	-1.2042010393731317E-004
5.1099999999999133E+000	-1.2021769447256858E-004
5.1149999999999132E+000	-1.2004040492374912E-004
5.1199999999999131E+000	-1.1982234155505367E-004
5.1249999999999130E+000	-1.1961069938237756E-004
5.1299999999999129E+000	-1.1940886322259203E-004
5.1349999999999127E+000	-1.1920857064939838E-004
5.1399999999999126E+000	-1.1903160101223165E-004
5.1449999999999125E+000	-1.1881280273540185E-004
5.1499999999999124E+000	-1.1860188320067522E-004
5.1549999999999123E+000	-1.1839386239920202E-004
5.1599999999999122E+000	-1.1818704121502321E-004
5.1649999999999121E+000	-1.1798138881502496E-004
5.1699999999999120E+000	-1.1780062744426445E-004
5.1749999999999119E+000	-1.1757657632172069E-004
5.1799999999999118E+000	-1.1735905212129083E-004
5.1849999999999117E+000	-1.1714687672670365E-004
5.1899999999999116E+000	-1.1693522449673921E-004
5.1949999999999115E+000	-1.1674489730273407E-004
5.1999999999999114E+000	-1.1651362447429037E-004
5.2049999999999113E+000	-1.1628777790395617E-004
5.2099999999999111E+000	-1.1606634370631141E-004
5.2149999999999110E+000	-1.1584402356357160E-004
5.2199999999999109E+000	-1.1564201595781753E-004
5.2249999999999108E+000	-1.1539948523342503E-004
5.2299999999999107E+000	-1.1516201089190048E-004
5.2349999999999106E+000	-1.1492500183063470E-004
5.2399999999999105E+000	-1.1468685539961498E-004
5.2449999999999104E+000	-1.1444816676853264E-004
5.2499999999999103E+000	-1.1423036178337398E-004
5.2549999999999102E+000	-1.1397157623704857E-004
5.2599999999999101E+000	-1.1371718433350608E-004
5.2649999999999100E+000	-1.1346639088438693E-004
5.2699999999999099E+000	-1.1321427116284255E-004
5.2749999999999098E+000	-1.1298197902043228E-004
5.2799999999999097E+000	-1.1270914990335612E-004
5.2849999999999095E+000	-1.1244076574623563E-004
5.2899999999999094E+000	-1.1217593741452703E-004
5.2949999999999093E+000	-1.1190911618630395E-004
5.2999999999999092E+000	-1.1166181030608513E-004
5.3049999999999091E+000	-1.1137495261426267E-004
5.3099999999999090E+000	-1.1109273179865653E-004
5.3149999999999089E+000	-1.1081416303593272E-004
5.3199999999999088E+000	-1.1053313563191836E-004
5.3249999999999087E+000	-1.1027140471187025E-004
5.3299999999999086E+000	-1.0997102546106419E-004
5.3349999999999085E+000	-1.0967550709972684E-004
5.3399999999999084E+000	-1.0938415600492135E-004
5.3449999999999083E+000	-1.0908926834618526E-004
5.3499999999999082E+000	-1.0881552411623474E-004
5.3549999999999081E+000	-1.0850146590968279E-004
5.3599999999999079E+000	-1.0819296422281965E-004
5.3649999999999078E+000	-1.0788908661751861E-004
5.3699999999999077E+000	-1.0758169784219618E-004
5.3749999999999076E+000	-1.0729526251251897E-004
5.3799999999999075E+000	-1.0697168800577472E-004
5.3849999999999074E+000	-1.0665097465079043E-004
5.3899999999999073E+000	-1.0633708213658721E-004
5.3949999999999072E+000	-1.0601995533265907E-004
5.3999999999999071E+000	-1.0572186462143307E-004
5.4049999999999070E+000	-1.0538787224900759E-004
5.4099999999999069E+000	-1.0505982540953696E-004
5.4149999999999068E+000	-1.0473683617817642E-004
5.4199999999999067E+000	-1.0441028713747968E-004
5.4249999999999066E+000	-1.0410500441171422E-004
5.4299999999999065E+000	-1.0376423329327977E-004
5.4349999999999064E+000	-1.0342690395459542E-004
5.4399999999999062E+000	-1.0309680654341236E-004
5.4449999999999061E+000	-1.0276324411506721E-004
5.4499999999999060E+000	-1.0244867677133840E-004
5.4549999999999059E+000	-1.0209933168336960E-004
5.4599999999999058E+000	-1.0175609629348159E-004
5.4649999999999057E+000	-1.0141789422046799E-004
5.4699999999999056E+000	-1.0107543683846032E-004
5.4749999999999055E+000	-1.0075363445949392E-004
5.4799999999999054E+000	-1.0039665977323864E-004
5.4849999999999053E+000	-1.0004231373272887E-004
5.4899999999999052E+000	-9.9693856755678212E-005
5.4949999999999051E+000	-9.9335535157063504E-005
5.4999999999999050E+000	-9.8989856121889375E-005
5.5049999999999049E+000	-9.8622081758037439E-005
5.5099999999999048E+000	-9.8256904381255339E-005
5.5149999999999046E+000	-9.7892420256151524E-005
5.5199999999999045E+000	-9.7523764395646140E-005
5.5249999999999044E+000	-9.7172757104413421E-005
5.5299999999999043E+000	-9.6788098280953250E-005
5.5349999999999042E+000	-9.6410359111676058E-005
5.5399999999999041E+000	-9.6038776230322753E-005
5.5449999999999040E+000	-9.5663791379596574E-005
5.5499999999999039E+000	-9.5310920372515540E-005
5.5549999999999038E+000	-9.4925949192248282E-005
5.5599999999999037E+000	-9.4546132342276934E-005
5.5649999999999036E+000	-9.4175199783830266E-005
5.5699999999999035E+000	-9.3801816183347597E-005
5.5749999999999034E+000	-9.3448578866173193E-005
5.5799999999999033E+000	-9.3063876399401835E-005
5.5849999999999032E+000	-9.2687441433980666E-005
5.5899999999999030E+000	-9.2316928349323035E-005
5.5949999999999029E+000	-9.1945606524923562E-005
5.5999999999999028E+000	-9.1594026811137041E-005
5.6049999999999027E+000	-9.1211006763458613E-005
5.6099999999999026E+000	-9.0835880177220218E-005
5.6149999999999025E+000	-9.0467578895303546E-005
5.6199999999999024E+000	-9.0095807323109511E-005
5.6249999999999023E+000	-8.9746160603532132E-005
5.6299999999999022E+000	-8.9364719693119099E-005
5.6349999999999021E+000	-8.8990744208761186E-005
5.6399999999999020E+000	-1.1453628968594032E-004
5.6449999999999019E+000	-1.1302512057609349E-004
5.6499999999999018E+000	-1.1482450422439783E-004
5.6549999999999017E+000	-1.1529586121783453E-004
5.6599999999999016E+000	-1.1382511475721557E-004
5.6649999999999014E+000	-1.1167221193808530E-004
5.6699999999999013E+000	-1.0937109382380683E-004
5.6749999999999012E+000	-1.0714966445535268E-004
5.6799999999999011E+000	-1.0510121290430163E-004
5.6849999999999010E+000	-1.0325897669583028E-004
5.6899999999999009E+000	-1.0157206106198302E-004
5.6949999999999008E+000	-1.0005934330736821E-004
5.6999999999999007E+000	-9.8687577071654431E-005
5.7049999999999006E+000	-9.7425470155343419E-005
5.7099999999999005E+000	-9.6257534091925834E-005
5.7149999999999004E+000	-9.5164900347111114E-005
5.7199999999999003E+000	-9.4118065774306814E-005
5.7249999999999002E+000	-9.3143922769822751E-005
5.7299999999999001E+000	-9.2225985603544558E-005
5.7349999999999000E+000	-9.1332197984073105E-005
5.7399999999998998E+000	-9.0492813969333952E-005
5.7449999999998997E+000	-8.9693092033549249E-005
5.7499999999998996E+000	-8.8946507962539556E-005
5.7549999999998995E+000	-8.8197988133753569E-005
5.7599999999998994E+000	-8.7484087863298754E-005
5.7649999999998993E+000	-8.6803151358783026E-005
5.7699999999998992E+000	-8.6145810486826235E-005
5.7749999999998991E+000	-8.5488089045515636E-005
5.7799999999998990E+000	-8.4863317485250889E-005
5.7849999999998989E+000	-8.4259422411747664E-005
5.7899999999998988E+000	-8.3690820672721600E-005
5.7949999999998987E+000	-8.3099405003395077E-005
5.7999999999998986E+000	-8.2523812702461896E-005
5.8049999999998985E+000	-8.1960856284979400E-005
5.8099999999998984E+000	-8.1410566977968557E-005
5.8149999999998983E+000	-8.0872142425469917E-005
5.8199999999998981E+000	-8.0362767537867086E-005
5.8249999999998980E+000	-7.9826018431372603E-005
5.8299999999998979E+000	-7.9298110962522372E-005
5.8349999999998978E+000	-7.8780487192009474E-005
5.8399999999998977E+000	-7.8269603538405619E-005
5.8449999999998976E+000	-7.7770928510911830E-005
5.8499999999998975E+000	-7.7288786668461285E-005
5.8549999999998974E+000	-7.6784195413015510E-005
5.8599999999998973E+000	-7.6289753510039304E-005
5.8649999999998972E+000	-7.5800784220536599E-005
5.8699999999998971E+000	-7.5316845657535936E-005
5.8749999999998970E+000	-7.4844239156046655E-005
5.8799999999998969E+000	-7.4387027992006693E-005
5.8849999999998968E+000	-7.3904892162079960E-005
5.8899999999998967E+000	-7.3431033957849223E-005
5.8949999999998965E+000	-7.2961481036859510E-005
5.8999999999998964E+000	-7.2494766952591050E-005
5.9049999999998963E+000	-7.2040405239448546E-005
5.9099999999998962E+000	-7.1599690357970758E-005
5.9149999999998961E+000	-7.1132227670744896E-005
5.9199999999998960E+000	-7.0668950955088405E-005
5.9249999999998959E+000	-7.0214466669771269E-005
5.9299999999998958E+000	-6.9762110818771816E-005
5.9349999999998957E+000	-6.9292431675194166E-005
5.9399999999998956E+000	-6.8837076231176297E-005
5.9449999999998955E+000	-6.8389408094837734E-005
5.9499999999998954E+000	-6.7924554884246646E-005
5.9549999999998953E+000	-6.7472442568661251E-005
5.9599999999998952E+000	-6.7028846592709357E-005
5.9649999999998951E+000	-6.6567887083479604E-005
5.9699999999998949E+000	-6.6116253426784510E-005
5.9749999999998948E+000	-6.5674133880921914E-005
5.9799999999998947E+000	-6.5213534375274662E-005
5.9849999999998946E+000	-6.4764833812347433E-005
5.9899999999998945E+000	-6.4323065696925141E-005
5.9949999999998944E+000	-6.3862666968894644E-005
5.9999999999998943E+000	-6.3414652657911574E-005
6.0049999999998942E+000	-6.2973027398438575E-005
6.0099999999998941E+000	-6.2515129592988217E-005
6.0149999999998940E+000	-6.2065789219190037E-005
6.0199999999998939E+000	-6.1625461250436331E-005
6.0249999999998938E+000	-6.1166827240555222E-005
6.0299999999998937E+000	-6.0716861376430842E-005
6.0349999999998936E+000	-6.0276630267086517E-005
6.0399999999998935E+000	-5.9816903054787929E-005
6.0449999999998933E+000	-5.9368533325887540E-005
6.0499999999998932E+000	-5.8922094066993225E-005
6.0549999999998931E+000	-5.8499324851357670E-005
6.0599999999998930E+000	-5.8044792571543269E-005
6.0649999999998929E+000	-5.7594051682041680E-005
6.0699999999998928E+000	-5.7144412832332847E-005
6.0749999999998927E+000	-5.6694451281646963E-005
6.0799999999998926E+000	-5.6244494362367448E-005
6.0849999999998925E+000	-5.5818615193103938E-005
6.0899999999998924E+000	-5.5362042951312418E-005
6.0949999999998923E+000	-5.4906906629792473E-005
6.0999999999998922E+000	-5.4458556141057102E-005
6.1049999999998921E+000	-5.4006691473151847E-005
6.1099999999998920E+000	-5.3578126484765676E-005
6.1149999999998919E+000	-5.3119623263597759E-005
6.1199999999998917E+000	-5.2665559020503849E-005
6.1249999999998916E+000	-5.2212782746696718E-005
6.1299999999998915E+000	-5.1759853146204904E-005
6.1349999999998914E+000	-5.1307549079115944E-005
6.1399999999998913E+000	-5.0878985485169892E-005
6.1449999999998912E+000	-5.0420725870470307E-005
6.1499999999998911E+000	-4.9963540408093365E-005
6.1549999999998910E+000	-4.9513681594781644E-005
6.1599999999998909E+000	-4.9060374005982510E-005
6.1649999999998908E+000	-4.8630080510481122E-005
6.1699999999998907E+000	-4.8170651977486045E-005
6.1749999999998906E+000	-4.7715823125127343E-005
6.1799999999998905E+000	-4.7262390187263748E-005
6.1849999999998904E+000	-4.6808909731854698E-005
6.1899999999998903E+000	-4.6355639292006146E-005
6.1949999999998902E+000	-4.5925959720083398E-005
6.1999999999998900E+000	-4.5466778385794271E-005
6.2049999999998899E+000	-4.5011951099738212E-005
6.2099999999998898E+000	-4.4561839208423493E-005
6.2149999999998897E+000	-4.4107794888947893E-005
6.2199999999998896E+000	-4.3679281294561889E-005
6.2249999999998895E+000	-4.3219556181472996E-005
6.2299999999998894E+000	-4.2764862688837724E-005
6.2349999999998893E+000	-4.2316691137855855E-005
6.2399999999998892E+000	-4.1869278408324107E-005
6.2449999999998891E+000	-4.1404098420017021E-005
6.2499999999998890E+000	-4.0951969638047814E-005
6.2549999999998889E+000	-4.0503179718598403E-005
6.2599999999998888E+000	-4.0077021098650079E-005
6.2649999999998887E+000	-3.9619668057433444E-005
6.2699999999998886E+000	-3.9167387376970453E-005
6.2749999999998884E+000	-3.8718243116520057E-005
6.2799999999998883E+000	-3.8269763782405875E-005
6.2849999999998882E+000	-3.7818163086456025E-005
6.2899999999998881E+000	-3.7392621583531849E-005
6.2949999999998880E+000	-3.6938381565931877E-005
6.2999999999998879E+000	-3.6485640863670454E-005
6.3049999999998878E+000	-3.6039832407741557E-005
6.3099999999998877E+000	-3.5590627700532451E-005
6.3149999999998876E+000	-3.5164176096724731E-005
6.3199999999998875E+000	-3.4709851107983525E-005
6.3249999999998874E+000	-3.4260322547385869E-005
6.3299999999998873E+000	-3.3812309343961289E-005
6.3349999999998872E+000	-3.3364263361423951E-005
6.3399999999998871E+000	-3.2916701821150696E-005
6.3449999999998870E+000	-3.2492490833480048E-005
6.3499999999998868E+000	-3.2039838811837029E-005
6.3549999999998867E+000	-3.1591576898026830E-005
6.3599999999998866E+000	-3.1147948106990953E-005
6.3649999999998865E+000	-3.0700592394516946E-005
6.3699999999998864E+000	-3.0278213660750453E-005
6.3749999999998863E+000	-2.9827508439161932E-005
6.3799999999998862E+000	-2.9380949771340426E-005
6.3849999999998861E+000	-2.8935612697011948E-005
6.3899999999998860E+000	-2.8490060354435798E-005
6.3949999999998859E+000	-2.8045133209975148E-005
6.3999999999998858E+000	-2.7623405970622628E-005
6.4049999999998857E+000	-2.7173398949198457E-005
6.4099999999998856E+000	-2.6727469776055557E-005
6.4149999999998855E+000	-2.6285934549008516E-005
6.4199999999998854E+000	-2.5840703028467971E-005
6.4249999999998852E+000	-2.5420421146282735E-005
6.4299999999998851E+000	-2.4972559973246433E-005
6.4349999999998850E+000	-2.4525987026624563E-005
6.4399999999998849E+000	-2.4082866541430548E-005
6.4449999999998848E+000	-2.3640892359289012E-005
6.4499999999998847E+000	-2.3204783793140393E-005
6.4549999999998846E+000	-2.2785150766146955E-005
6.4599999999998845E+000	-2.2337852844334094E-005
6.4649999999998844E+000	-2.1892083352792469E-005
6.4699999999998843E+000	-2.1453086576972424E-005
6.4749999999998842E+000	-2.1011126924097567E-005
6.4799999999998841E+000	-2.0591429696903418E-005
6.4849999999998840E+000	-2.0144247022901851E-005
6.4899999999998839E+000	-1.9701995467080735E-005
6.4949999999998838E+000	-1.9259598338372541E-005
6.4999999999998836E+000	-1.8820707459177299E-005
6.5049999999998835E+000	-1.8387462057400938E-005
6.5099999999998834E+000	-1.7970325072447224E-005
6.5149999999998833E+000	-1.7525673781548790E-005
6.5199999999998832E+000	-1.7082523903422242E-005
6.5249999999998831E+000	-1.6646207834813964E-005
6.5299999999998830E+000	-1.6207106650067971E-005
6.5349999999998829E+000	-1.5790143733429574E-005
6.5399999999998828E+000	-1.5345901634766790E-005
6.5449999999998827E+000	-1.4910420971236960E-005
6.5499999999998826E+000	-1.4482649826064176E-005
6.5549999999998825E+000	-1.4059497544849364E-005
6.5599999999998824E+000	-1.3643242390060095E-005
6.5649999999998823E+000	-1.3240714582529733E-005
6.5699999999998822E+000	-1.2810177094646491E-005
6.5749999999998820E+000	-1.2383613654520786E-005
6.5799999999998819E+000	-1.1962832225709263E-005
6.5849999999998818E+000	-1.1538732095139892E-005
6.5899999999998817E+000	-1.1136575989834085E-005
6.5949999999998816E+000	-1.0706977187080469E-005
6.5999999999998815E+000	-1.0281706858794593E-005
6.6049999999998814E+000	-9.8576112566028939E-006
6.6099999999998813E+000	-9.4333990960926428E-006
6.6149999999998812E+000	-9.0183051049130825E-006
6.6199999999998811E+000	-8.6210458674074175E-006
6.6249999999998810E+000	-8.1957429434176277E-006
6.6299999999998809E+000	-7.7743616517800262E-006
6.6349999999998808E+000	-7.3655894770041641E-006
6.6399999999998807E+000	-6.9667158482111802E-006
6.6449999999998806E+000	-6.5797355612851050E-006
6.6499999999998805E+000	-6.1649905505056779E-006
6.6549999999998803E+000	-5.7548134830831543E-006
6.6599999999998802E+000	-5.3469535212791186E-006
6.6649999999998801E+000	-4.9366193421995774E-006
6.6699999999998800E+000	-4.5467428662071541E-006
6.6749999999998799E+000	-4.1293722947699507E-006
6.6799999999998798E+000	-3.7161439019328668E-006
6.6849999999998797E+000	-3.3037104936184392E-006
6.6899999999998796E+000	-2.8906693230190683E-006
6.6949999999998795E+000	-2.4857179883319702E-006
6.6999999999998794E+000	-2.0931879882724047E-006
6.7049999999998793E+000	-1.6730900433969964E-006
6.7099999999998792E+000	-1.2575442482898325E-006
6.7149999999998791E+000	-8.4642458819672584E-007
6.7199999999998790E+000	-4.3047232933801638E-007
6.7249999999998789E+000	-3.8216461106799215E-008
6.7299999999998787E+000	3.8192891382848870E-007
6.7349999999998786E+000	7.9814794196053640E-007
6.7399999999998785E+000	1.2134215157111328E-006
6.7449999999998784E+000	1.6291785263078395E-006
6.7499999999998783E+000	2.0368068014420260E-006
6.7549999999998782E+000	-2.3578381759037370E-005
6.7599999999998781E+000	-2.0717053392349527E-005
6.7649999999998780E+000	-2.3027324533853033E-005
6.7699999999998779E+000	-2.3780323689770455E-005
6.7749999999998778E+000	-2.3391889260704346E-005
6.7799999999998777E+000	-2.2338961478851616E-005
6.7849999999998776E+000	-2.0969270364989967E-005
6.7899999999998775E+000	-1.9500745898515248E-005
6.7949999999998774E+000	-1.8059634169453886E-005
6.7999999999998773E+000	-1.6662917624366003E-005
6.8049999999998771E+000	-1.5361040317074526E-005
6.8099999999998770E+000	-1.4147756727922456E-005
6.8149999999998769E+000	-1.3012708800719253E-005
6.8199999999998768E+000	-1.1939548539618983E-005
6.8249999999998767E+000	-1.0938492925660626E-005
6.8299999999998766E+000	-9.9559426565143383E-006
6.8349999999998765E+000	-9.0159673451495337E-006
6.8399999999998764E+000	-8.1147196917541464E-006
6.8449999999998763E+000	-7.2404977378148772E-006
6.8499999999998762E+000	-6.4110859625543526E-006
6.8549999999998761E+000	-5.5805693794930278E-006
6.8599999999998760E+000	-4.7794206792239891E-006
6.8649999999998759E+000	-4.0078090930428800E-006
6.8699999999998758E+000	-3.2561877176817688E-006
6.8749999999998757E+000	-2.5426043013254684E-006
6.8799999999998755E+000	-1.8199192846068968E-006
6.8849999999998754E+000	-1.1177401266770914E-006
6.8899999999998753E+000	-4.3598300125680112E-007
6.8949999999998752E+000	2.3656899994506375E-007
6.8999999999998751E+000	8.7745246402093358E-007
6.9049999999998750E+000	1.5268739841367562E-006
6.9099999999998749E+000	2.1605860278661737E-006
6.9149999999998748E+000	2.7821434356312125E-006
6.9199999999998747E+000	3.3949225675122818E-006
6.9249999999998746E+000	3.9998796874662901E-006
6.9299999999998745E+000	4.5965447732498887E-006
6.9349999999998744E+000	5.1674849048666260E-006
6.9399999999998743E+000	5.7536556794524074E-006
6.9449999999998742E+000	6.3286332219192332E-006
6.9499999999998741E+000	6.8966297064321225E-006
6.9549999999998739E+000	7.4596077168642694E-006
6.9599999999998738E+000	8.0166420914906666E-006
6.9649999999998737E+000	8.5505619948911260E-006
6.9699999999998736E+000	9.1031584164014134E-006
6.9749999999998735E+000	-2.0787386206144731E-005
6.9799999999998734E+000	-1.2910435668089804E-005
6.9849999999998733E+000	-1.4230293158501439E-005
6.9899999999998732E+000	-1.4676150805303934E-005
6.9949999999998731E+000	-1.4122897697532721E-005
6.9999999999998730E+000	-1.2955377927337253E-005

 
