order21
-1.117265127159 -0.644895324812724 0.00353945135205278
-1.01314155956768 -0.644895324812724 0.00798449882078437
-0.833929129513694 -0.644895324812724 0.0118444783672328
-0.592875702399837 -0.644895324812724 0.0148266432590753
-0.307853553361111 -0.644895324812724 0.0167093199731767
0 -0.644895324812724 0.0173527920233554
0.307853553361111 -0.644895324812724 0.0167093199731767
0.592875702399837 -0.644895324812724 0.0148266432590753
0.833929129513694 -0.644895324812724 0.0118444783672328
1.01314155956768 -0.644895324812724 0.00798449882078437
1.117265127159 -0.644895324812724 0.00353945135205278
-1.06577630791315 -0.553729266434762 0.00761653565200863
-0.966451242862205 -0.553729266434762 0.0171818211024866
-0.795497762446361 -0.553729266434762 0.025488100496466
-0.565553208271927 -0.553729266434762 0.0319054129439767
-0.293666217179315 -0.553729266434762 0.0359567397988699
0 -0.553729266434762 0.0373414255379223
0.293666217179315 -0.553729266434762 0.0359567397988699
0.565553208271927 -0.553729266434762 0.0319054129439767
0.795497762446361 -0.553729266434762 0.025488100496466
0.966451242862205 -0.553729266434762 0.0171818211024866
1.06577630791315 -0.553729266434762 0.00761653565200863
-0.977156251655804 -0.396818672240716 0.0103591401922422
-0.886090136242997 -0.396818672240716 0.0233687468543189
-0.729351559029033 -0.396818672240716 0.0346659975532602
-0.518527057698437 -0.396818672240716 0.0433940915763812
-0.269247662840955 -0.396818672240716 0.0489042427490298
0 -0.396818672240716 0.050787533834165
0.269247662840955 -0.396818672240716 0.0489042427490298
0.518527057698437 -0.396818672240716 0.0433940915763812
0.729351559029033 -0.396818672240716 0.0346659975532602
0.886090136242997 -0.396818672240716 0.0233687468543189
0.977156251655804 -0.396818672240716 0.0103591401922422
-0.857955991576624 -0.185762795873478 0.0113854868552453
-0.777998749103241 -0.185762795873478 0.0256840389449169
-0.640380224733114 -0.185762795873478 0.0381005809499698
-0.455273550359145 -0.185762795873478 0.0476934233989994
-0.23640297563564 -0.185762795873478 0.0537495006971506
0 -0.185762795873478 0.0558193815459942
0.23640297563564 -0.185762795873478 0.0537495006971506
0.455273550359145 -0.185762795873478 0.0476934233989994
0.640380224733114 -0.185762795873478 0.0381005809499698
0.777998749103241 -0.185762795873478 0.0256840389449169
0.857955991576624 -0.185762795873478 0.0113854868552453
-0.717013318823436 0.0637901773809884 0.0107233320704416
-0.650191234296166 0.0637901773809884 0.0241903119311593
-0.53518030616117 0.0637901773809884 0.0358847352596995
-0.380482451921178 0.0637901773809884 0.0449196791657636
-0.197567338889675 0.0637901773809884 0.0506235483755744
0 0.0637901773809884 0.0525730495230085
0.197567338889675 0.0637901773809884 0.0506235483755744
0.380482451921178 0.0637901773809884 0.0449196791657636
0.53518030616117 0.0637901773809884 0.0358847352596995
0.650191234296166 0.0637901773809884 0.0241903119311593
0.717013318823436 0.0637901773809884 0.0107233320704416
-0.564780579109632 0.333333333333333 0.00877188385270788
-0.512145830764159 0.333333333333333 0.0197881223137543
-0.421553456967523 0.333333333333333 0.0293543767660542
-0.299700289932846 0.333333333333333 0.0367451278907149
-0.155620813647308 0.333333333333333 0.0414109983394546
0 0.333333333333333 0.0430057263142741
0.155620813647308 0.333333333333333 0.0414109983394546
0.299700289932846 0.333333333333333 0.0367451278907149
0.421553456967523 0.333333333333333 0.0293543767660542
0.512145830764159 0.333333333333333 0.0197881223137543
0.564780579109632 0.333333333333333 0.00877188385270788
-0.412547839395829 0.602876489285678 0.00616988187059614
-0.374100427232152 0.602876489285678 0.0139183759346155
-0.307926607773875 0.602876489285678 0.0206469944281828
-0.218918127944514 0.602876489285678 0.0258454286687428
-0.113674288404941 0.602876489285678 0.0291272629902657
0 0.602876489285678 0.0302489471559007
0.113674288404941 0.602876489285678 0.0291272629902657
0.218918127944514 0.602876489285678 0.0258454286687428
0.307926607773875 0.602876489285678 0.0206469944281828
0.374100427232152 0.602876489285678 0.0139183759346155
0.412547839395829 0.602876489285678 0.00616988187059614
-0.271605166642641 0.852429462540145 0.0036043306241662
-0.246292912425077 0.852429462540145 0.00813085723064994
-0.202726689201931 0.852429462540145 0.0120615914332405
-0.144127029506546 0.852429462540145 0.0150984203586465
-0.0748386516589757 0.852429462540145 0.0170156071373557
0 0.852429462540145 0.0176708742354355
0.0748386516589757 0.852429462540145 0.0170156071373557
0.144127029506546 0.852429462540145 0.0150984203586465
0.202726689201931 0.852429462540145 0.0120615914332405
0.246292912425077 0.852429462540145 0.00813085723064994
0.271605166642641 0.852429462540145 0.0036043306241662
-0.152404906563461 1.06348533890738 0.00161569226047647
-0.138201525285321 1.06348533890738 0.00364477193366222
-0.113755354906012 1.06348533890738 0.00540677922193225
-0.0808735221672543 1.06348533890738 0.00676808080682905
-0.0419939644536606 1.06348533890738 0.0076274869388525
0 1.06348533890738 0.00792121969794345
0.0419939644536606 1.06348533890738 0.0076274869388525
0.0808735221672543 1.06348533890738 0.00676808080682905
0.113755354906012 1.06348533890738 0.00540677922193225
0.138201525285321 1.06348533890738 0.00364477193366222
0.152404906563461 1.06348533890738 0.00161569226047647
-0.0637848503061115 1.22039593310143 0.000455836354033608
-0.0578404186661132 1.22039593310143 0.00102830197938477
-0.0476091514886841 1.22039593310143 0.00152541829151515
-0.0338473715937637 1.22039593310143 0.00190948323159015
-0.0175754101153006 1.22039593310143 0.00215194806690487
0 1.22039593310143 0.00223481908958636
0.0175754101153006 1.22039593310143 0.00215194806690487
0.0338473715937637 1.22039593310143 0.00190948323159015
0.0476091514886841 1.22039593310143 0.00152541829151515
0.0578404186661132 1.22039593310143 0.00102830197938477
0.0637848503061115 1.22039593310143 0.000455836354033608
-0.0122960310602637 1.31156199147939 3.89533358763284E-05
-0.0111501019606381 1.31156199147939 8.78731852578726E-05
-0.00917778442135139 1.31156199147939 0.000130354085485915
-0.00652487746585381 1.31156199147939 0.00016317422033624
-0.00338807393350429 1.31156199147939 0.000183893967861064
0 1.31156199147939 0.000190975682060386
0.00338807393350429 1.31156199147939 0.000183893967861064
0.00652487746585381 1.31156199147939 0.00016317422033624
0.00917778442135139 1.31156199147939 0.000130354085485915
0.0111501019606381 1.31156199147939 8.78731852578726E-05
0.0122960310602637 1.31156199147939 3.89533358763284E-05
