Grouping:(8, 0) J686
# x 	 y
0.0000000000000000E+000	6.2174845325779335E-006
5.0000000000000001E-003	5.5956446259212930E-006
1.0000000000000000E-002	3.3198191238197691E-005
1.4999999999999999E-002	8.4339577169884552E-005
2.0000000000000000E-002	1.5674163518984103E-004
2.5000000000000001E-002	2.4688346443009908E-004
3.0000000000000002E-002	3.5155510292485275E-004
3.5000000000000003E-002	4.6798465909286743E-004
4.0000000000000001E-002	5.9193626649157647E-004
4.4999999999999998E-002	7.2191248708716748E-004
4.9999999999999996E-002	8.5566336484308044E-004
5.4999999999999993E-002	9.9095650849287680E-004
5.9999999999999991E-002	1.1258498252099298E-003
6.4999999999999988E-002	1.2586207350705030E-003
6.9999999999999993E-002	1.3881616590656447E-003
7.4999999999999997E-002	1.5134911601456902E-003
8.0000000000000002E-002	1.6316890334260119E-003
8.5000000000000006E-002	1.7429074183716710E-003
9.0000000000000011E-002	1.8462942492424173E-003
9.5000000000000015E-002	1.9411145960580307E-003
1.0000000000000002E-001	2.0268074889163890E-003
1.0500000000000002E-001	2.1029522798811295E-003
1.1000000000000003E-001	2.1692356678711211E-003
1.1500000000000003E-001	2.2246794976041686E-003
1.2000000000000004E-001	2.2698162350822267E-003
1.2500000000000003E-001	2.3066628503793404E-003
1.3000000000000003E-001	2.3318125651108738E-003
1.3500000000000004E-001	2.3469212415632686E-003
1.4000000000000004E-001	2.3530435356749462E-003
1.4500000000000005E-001	2.3505299058149682E-003
1.5000000000000005E-001	2.3397719900321531E-003
1.5500000000000005E-001	2.3208788510578659E-003
1.6000000000000006E-001	2.2946175657390044E-003
1.6500000000000006E-001	2.2616185378411995E-003
1.7000000000000007E-001	2.2224934463803097E-003
1.7500000000000007E-001	2.1783853794972636E-003
1.8000000000000008E-001	2.1297737448143532E-003
1.8500000000000008E-001	2.0770616295334022E-003
1.9000000000000009E-001	2.0209083154889675E-003
1.9500000000000009E-001	1.9620220062091728E-003
2.0000000000000009E-001	1.9012341132696245E-003
2.0500000000000010E-001	1.8391317013997492E-003
2.1000000000000010E-001	1.7762392539797634E-003
2.1500000000000011E-001	1.7130448794830553E-003
2.2000000000000011E-001	1.6500094933503259E-003
2.2500000000000012E-001	1.5875395742194344E-003
2.3000000000000012E-001	1.5260118187100415E-003
2.3500000000000013E-001	1.4657808432374303E-003
2.4000000000000013E-001	1.4071995630416682E-003
2.4500000000000013E-001	1.3504204273163702E-003
2.5000000000000011E-001	1.3080264998924823E-003
2.5500000000000012E-001	1.2474820231212391E-003
2.6000000000000012E-001	1.1950971742223640E-003
2.6500000000000012E-001	1.1549206214948480E-003
2.7000000000000013E-001	1.1013153300217459E-003
2.7500000000000013E-001	1.0557397595794486E-003
2.8000000000000014E-001	1.0131657787677444E-003
2.8500000000000014E-001	9.7302249926702620E-004
2.9000000000000015E-001	9.3518636382329881E-004
2.9500000000000015E-001	8.9957526872345517E-004
3.0000000000000016E-001	8.6610271997206438E-004
3.0500000000000016E-001	8.3467389770024321E-004
3.1000000000000016E-001	8.1950651185910058E-004
3.1500000000000017E-001	7.8712790806555286E-004
3.2000000000000017E-001	7.5940204885288892E-004
3.2500000000000018E-001	7.3357204063718940E-004
3.3000000000000018E-001	7.0944987865876989E-004
3.3500000000000019E-001	6.8688683257751566E-004
3.4000000000000019E-001	6.6571214359978186E-004
3.4500000000000020E-001	6.4583998951308307E-004
3.5000000000000020E-001	6.2719659665847328E-004
3.5500000000000020E-001	6.0970774161122840E-004
3.6000000000000021E-001	5.9329128643576228E-004
3.6500000000000021E-001	5.7785982073466221E-004
3.7000000000000022E-001	5.7807318366736259E-004
3.7500000000000022E-001	5.6470241160725776E-004
3.8000000000000023E-001	5.4746422953769690E-004
3.8500000000000023E-001	5.3310229493146980E-004
3.9000000000000024E-001	5.1972072972565576E-004
3.9500000000000024E-001	5.0705037913579372E-004
4.0000000000000024E-001	4.9496239510169132E-004
4.0500000000000025E-001	4.8337112498542453E-004
4.1000000000000025E-001	4.7221520457161996E-004
4.1500000000000026E-001	4.6144730281529397E-004
4.2000000000000026E-001	4.5102315472236740E-004
4.2500000000000027E-001	4.4091289612952991E-004
4.3000000000000027E-001	4.3107615639414521E-004
4.3500000000000028E-001	4.2147451798576655E-004
4.4000000000000028E-001	4.1207115637393704E-004
4.4500000000000028E-001	4.1339871825033024E-004
4.5000000000000029E-001	4.0162528927141077E-004
4.5500000000000029E-001	3.9134979332112313E-004
4.6000000000000030E-001	3.8138816391084462E-004
4.6500000000000030E-001	3.7162071334087343E-004
4.7000000000000031E-001	3.6199393764911386E-004
4.7500000000000031E-001	3.5250048056008007E-004
4.8000000000000032E-001	3.4314867622542395E-004
4.8500000000000032E-001	3.3395301436953470E-004
4.9000000000000032E-001	3.2493215017794945E-004
4.9500000000000033E-001	3.1610676112717715E-004
5.0000000000000033E-001	3.0754294664653097E-004
5.0500000000000034E-001	2.9919857082719240E-004
5.1000000000000034E-001	2.9110358487574356E-004
5.1500000000000035E-001	2.8222447744753217E-004
5.2000000000000035E-001	2.7529915809446114E-004
5.2500000000000036E-001	2.6792685576766331E-004
5.3000000000000036E-001	2.6076165394921746E-004
5.3500000000000036E-001	2.5395902489193649E-004
5.4000000000000037E-001	2.4751380101562795E-004
5.4500000000000037E-001	2.4142955484258779E-004
5.5000000000000038E-001	2.3571763989867480E-004
5.5500000000000038E-001	2.3038914643469963E-004
5.6000000000000039E-001	2.2544656581887740E-004
5.6500000000000039E-001	2.2088973618219525E-004
5.7000000000000040E-001	2.1671391489698765E-004
5.7500000000000040E-001	2.1290970263954161E-004
5.8000000000000040E-001	2.0946226659478579E-004
5.8500000000000041E-001	2.0635445814779559E-004
5.9000000000000041E-001	1.9806240679560107E-004
5.9500000000000042E-001	2.0166217541930779E-004
6.0000000000000042E-001	2.0003590653777575E-004
6.0500000000000043E-001	1.9785063546727633E-004
6.1000000000000043E-001	1.9441635364636240E-004
6.1500000000000044E-001	1.9996369135478415E-004
6.2000000000000044E-001	1.9980244637275981E-004
6.2500000000000044E-001	1.9864628254633352E-004
6.3000000000000045E-001	1.9729165082603534E-004
6.3500000000000045E-001	1.9585293440522455E-004
6.4000000000000046E-001	1.9435171448951358E-004
6.4500000000000046E-001	1.9278651117000771E-004
6.5000000000000047E-001	1.9115628570332390E-004
6.5500000000000047E-001	1.8945792702656494E-004
6.6000000000000048E-001	1.8768315117702620E-004
6.6500000000000048E-001	1.8583114568666623E-004
6.7000000000000048E-001	1.8387501443968278E-004
6.7500000000000049E-001	1.8182584211249520E-004
6.8000000000000049E-001	1.7968157465760438E-004
6.8500000000000050E-001	1.7743896614892373E-004
6.9000000000000050E-001	1.7509516014512920E-004
6.9500000000000051E-001	1.7264788987842860E-004
7.0000000000000051E-001	1.7009591616331751E-004
7.0500000000000052E-001	1.6743955746682717E-004
7.1000000000000052E-001	1.6468061793558343E-004
7.1500000000000052E-001	1.6182181288185911E-004
7.2000000000000053E-001	1.5886704605873599E-004
7.2500000000000053E-001	1.5582181532481423E-004
7.3000000000000054E-001	1.5269256593824468E-004
7.3500000000000054E-001	1.4948497158789905E-004
7.4000000000000055E-001	1.4620188329661867E-004
7.4500000000000055E-001	1.4284540001812765E-004
7.5000000000000056E-001	1.3941954090130004E-004
7.5500000000000056E-001	1.3593143809001974E-004
7.6000000000000056E-001	1.3239132974588342E-004
7.6500000000000057E-001	1.2881154791598900E-004
7.7000000000000057E-001	1.2520609975154971E-004
7.7500000000000058E-001	1.2159081860423615E-004
7.8000000000000058E-001	1.1798308647598394E-004
7.8500000000000059E-001	1.1440315747240408E-004
7.9000000000000059E-001	1.1087210976727584E-004
7.9500000000000060E-001	1.0740960213834706E-004
8.0000000000000060E-001	1.0402941137771655E-004
8.0500000000000060E-001	1.0075016272348328E-004
8.1000000000000061E-001	9.7588365042663227E-005
8.1500000000000061E-001	9.4556501319278537E-005
8.2000000000000062E-001	9.1669741933024016E-005
8.2500000000000062E-001	8.8944593393826474E-005
8.3000000000000063E-001	8.6395027483478237E-005
8.3500000000000063E-001	8.4032893708592467E-005
8.4000000000000064E-001	8.1867090154673895E-005
8.4500000000000064E-001	7.9908096436354136E-005
8.5000000000000064E-001	7.8164645169674919E-005
8.5500000000000065E-001	7.6642839699302498E-005
8.6000000000000065E-001	7.5346023958411203E-005
8.6500000000000066E-001	7.4275142157362274E-005
8.7000000000000066E-001	7.3428952200496419E-005
8.7500000000000067E-001	7.2804186981127429E-005
8.8000000000000067E-001	7.2395506247480596E-005
8.8500000000000068E-001	7.2195662668882166E-005
8.9000000000000068E-001	7.2195623200388805E-005
8.9500000000000068E-001	7.2382099249498552E-005
9.0000000000000069E-001	7.2747043807179943E-005
9.0500000000000069E-001	7.3277078515929337E-005
9.1000000000000070E-001	7.3953941167438717E-005
9.1500000000000070E-001	7.4763357164959828E-005
9.2000000000000071E-001	7.5689382563668434E-005
9.2500000000000071E-001	7.6714962257560902E-005
9.3000000000000071E-001	7.7819233862495431E-005
9.3500000000000072E-001	7.8985357740953279E-005
9.4000000000000072E-001	8.0194649866991626E-005
9.4500000000000073E-001	8.1428715402506665E-005
9.5000000000000073E-001	8.2670561347394626E-005
9.5500000000000074E-001	8.3900230993424156E-005
9.6000000000000074E-001	8.5101856202867595E-005
9.6500000000000075E-001	8.6258597952051710E-005
9.7000000000000075E-001	8.7354490882900535E-005
9.7500000000000075E-001	8.8374860989776807E-005
9.8000000000000076E-001	8.9305986644430950E-005
9.8500000000000076E-001	9.0135264798189862E-005
9.9000000000000077E-001	9.0851341684483605E-005
9.9500000000000077E-001	9.1443861280843884E-005
1.0000000000000007E+000	9.1903646209623251E-005
1.0050000000000006E+000	9.2223053357776410E-005
1.0100000000000005E+000	9.2395550843552072E-005
1.0150000000000003E+000	9.2415904412962316E-005
1.0200000000000002E+000	9.2281553467626066E-005
1.0250000000000001E+000	9.1988014677649328E-005
1.0300000000000000E+000	9.1600309876980077E-005
1.0349999999999999E+000	9.1055514646737283E-005
1.0399999999999998E+000	9.0346368122019540E-005
1.0449999999999997E+000	8.9475388977575904E-005
1.0499999999999996E+000	8.8445439417425675E-005
1.0549999999999995E+000	8.7265547557988262E-005
1.0599999999999994E+000	8.5939647447780195E-005
1.0649999999999993E+000	8.4474313110141782E-005
1.0699999999999992E+000	8.2876062087610251E-005
1.0749999999999991E+000	8.1153630859816996E-005
1.0799999999999990E+000	7.9316511945042928E-005
1.0849999999999989E+000	7.7374786453018521E-005
1.0899999999999987E+000	7.5337928961184371E-005
1.0949999999999986E+000	7.3216034623577888E-005
1.0999999999999985E+000	7.1020832940871733E-005
1.1049999999999984E+000	6.8763114314389340E-005
1.1099999999999983E+000	6.6453464975446501E-005
1.1149999999999982E+000	6.4103253202446050E-005
1.1199999999999981E+000	6.1723856310683770E-005
1.1249999999999980E+000	5.9336054940394135E-005
1.1299999999999979E+000	5.6935418264859376E-005
1.1349999999999978E+000	5.4531198868038753E-005
1.1399999999999977E+000	5.2134624340371211E-005
1.1449999999999976E+000	4.9756214573080173E-005
1.1499999999999975E+000	4.2661605905003759E-005
1.1549999999999974E+000	4.1950127191778475E-005
1.1599999999999973E+000	3.9204843345623004E-005
1.1649999999999971E+000	3.6208222131946663E-005
1.1699999999999970E+000	3.3331119854139237E-005
1.1749999999999969E+000	3.0660741914040072E-005
1.1799999999999968E+000	2.8221217596050963E-005
1.1849999999999967E+000	2.6019811861436208E-005
1.1899999999999966E+000	2.4053326704161589E-005
1.1949999999999965E+000	2.2316792713313049E-005
1.1999999999999964E+000	2.0797805225963911E-005
1.2049999999999963E+000	1.9483111690725458E-005
1.2099999999999962E+000	1.8358574244818590E-005
1.2149999999999961E+000	1.7410998642325681E-005
1.2199999999999960E+000	1.6626443151036066E-005
1.2249999999999959E+000	1.5989050986610535E-005
1.2299999999999958E+000	1.5482942240209225E-005
1.2349999999999957E+000	1.5093400127189431E-005
1.2399999999999956E+000	1.4806458259745712E-005
1.2449999999999954E+000	1.4607470565834351E-005
1.2499999999999953E+000	1.4481927255701271E-005
1.2549999999999952E+000	1.4416803950817054E-005
1.2599999999999951E+000	1.4399793460548534E-005
1.2649999999999950E+000	1.4419333148689332E-005
1.2699999999999949E+000	2.1365180288865877E-005
1.2749999999999948E+000	2.4169292906524798E-005
1.2799999999999947E+000	2.4280722021471763E-005
1.2849999999999946E+000	2.3773983808675097E-005
1.2899999999999945E+000	2.3120158369336002E-005
1.2949999999999944E+000	2.2403993880101624E-005
1.2999999999999943E+000	2.1654626918731690E-005
1.3049999999999942E+000	2.0887705504490300E-005
1.3099999999999941E+000	2.0110446251911124E-005
1.3149999999999940E+000	1.9327846662950578E-005
1.3199999999999938E+000	1.8543087148396737E-005
1.3249999999999937E+000	1.7758105623416777E-005
1.3299999999999936E+000	1.6974290605045918E-005
1.3349999999999935E+000	1.6192923501842371E-005
1.3399999999999934E+000	1.5415421633954239E-005
1.3449999999999933E+000	1.4643467207513015E-005
1.3499999999999932E+000	1.3879038091885764E-005
1.3549999999999931E+000	1.3124426945940360E-005
1.3599999999999930E+000	1.2382189864647556E-005
1.3649999999999929E+000	1.1655066141987393E-005
1.3699999999999928E+000	1.0945870780423655E-005
1.3749999999999927E+000	1.0257416569870087E-005
1.3799999999999926E+000	9.5924344847177732E-006
1.3849999999999925E+000	8.9534982350337004E-006
1.3899999999999924E+000	8.3429656183818484E-006
1.3949999999999922E+000	7.7533355737051322E-006
1.3999999999999921E+000	7.1863828728846633E-006
1.4049999999999920E+000	6.6539749133489963E-006
1.4099999999999919E+000	6.1591048157141727E-006
1.4149999999999918E+000	5.7025995601144599E-006
1.4199999999999917E+000	5.2831800889592465E-006
1.4249999999999916E+000	4.9001018663338060E-006
1.4299999999999915E+000	4.5525049332866241E-006
1.4349999999999914E+000	4.2397914694820438E-006
1.4399999999999913E+000	3.9539581819308634E-006
1.4449999999999912E+000	3.6788101502094179E-006
1.4499999999999911E+000	3.4347740001069852E-006
1.4549999999999910E+000	3.2229147882619419E-006
1.4599999999999909E+000	3.0416993411537484E-006
1.4649999999999908E+000	2.8891367574068323E-006
1.4699999999999906E+000	2.7631701558757206E-006
1.4749999999999905E+000	2.6617450045986448E-006
1.4799999999999904E+000	2.5827800013260969E-006
1.4849999999999903E+000	2.5241694013920790E-006
1.4899999999999902E+000	2.4838177690724393E-006
1.4949999999999901E+000	2.4596485649873949E-006
1.4999999999999900E+000	2.4478252896406862E-006
1.5049999999999899E+000	2.4484787395129229E-006
1.5099999999999898E+000	2.4598990482787411E-006
1.5149999999999897E+000	2.4793939569175349E-006
1.5199999999999896E+000	2.5039056765137353E-006
1.5249999999999895E+000	2.5322526810576919E-006
1.5299999999999894E+000	2.5612568907703655E-006
1.5349999999999893E+000	2.5936391912157651E-006
1.5399999999999892E+000	2.6281953502810112E-006
1.5449999999999890E+000	2.6626694591030185E-006
1.5499999999999889E+000	2.6956698493089545E-006
1.5549999999999888E+000	2.7243591577356817E-006
1.5599999999999887E+000	2.7500586993140878E-006
1.5649999999999886E+000	2.7724458369497846E-006
1.5699999999999885E+000	2.7899941787874372E-006
1.5749999999999884E+000	2.8024430474358739E-006
1.5799999999999883E+000	2.8099386845309636E-006
1.5849999999999882E+000	2.8107831107158743E-006
1.5899999999999881E+000	2.8076071773722309E-006
1.5949999999999880E+000	2.8013226615105784E-006
1.5999999999999879E+000	2.7914825807168124E-006
1.6049999999999878E+000	2.7787239149279524E-006
1.6099999999999877E+000	2.7615485812173521E-006
1.6149999999999876E+000	2.7434193370816853E-006
1.6199999999999875E+000	2.7260457809334594E-006
1.6249999999999873E+000	2.7099137093969041E-006
1.6299999999999872E+000	2.6960738537990522E-006
1.6349999999999871E+000	2.6834976737755147E-006
1.6399999999999870E+000	2.6739920597427376E-006
1.6449999999999869E+000	2.6686948921995140E-006
1.6499999999999868E+000	2.6700702675612045E-006
1.6549999999999867E+000	2.6772709325701135E-006
1.6599999999999866E+000	2.6909949419354855E-006
1.6649999999999865E+000	2.7093854114049609E-006
1.6699999999999864E+000	2.7349172231610559E-006
1.6749999999999863E+000	2.7686952647651969E-006
1.6799999999999862E+000	2.8125484351625209E-006
1.6849999999999861E+000	2.8651027893328981E-006
1.6899999999999860E+000	2.9263568606985945E-006
1.6949999999999859E+000	2.9938330328258847E-006
1.6999999999999857E+000	3.0693217172953768E-006
1.7049999999999856E+000	3.1530073965504950E-006
1.7099999999999855E+000	3.2461202793337607E-006
1.7149999999999854E+000	3.3466417606142701E-006
1.7199999999999853E+000	3.4538890998905222E-006
1.7249999999999852E+000	3.5636521907002589E-006
1.7299999999999851E+000	3.6777342197755189E-006
1.7349999999999850E+000	3.7977201052548325E-006
1.7399999999999849E+000	3.9231609036177421E-006
1.7449999999999848E+000	4.0514999209516405E-006
1.7499999999999847E+000	4.1808199097118600E-006
1.7549999999999846E+000	4.3102961813201019E-006
1.7599999999999845E+000	4.4377902971261943E-006
1.7649999999999844E+000	4.5645207783909251E-006
1.7699999999999843E+000	4.6900312374953547E-006
1.7749999999999841E+000	4.8116956251603481E-006
1.7799999999999840E+000	4.9257565132339349E-006
1.7849999999999839E+000	5.0344683111196042E-006
1.7899999999999838E+000	5.1392997505620727E-006
1.7949999999999837E+000	5.2383968951236304E-006
1.7999999999999836E+000	5.3301317228576934E-006
1.8049999999999835E+000	5.4110487821307680E-006
1.8099999999999834E+000	5.4824847975117640E-006
1.8149999999999833E+000	5.5451103600908163E-006
1.8199999999999832E+000	5.5971641172030276E-006
1.8249999999999831E+000	5.6379877148576176E-006
1.8299999999999830E+000	5.6650638631206752E-006
1.8349999999999829E+000	5.6800137547342331E-006
1.8399999999999828E+000	5.6828715207739275E-006
1.8449999999999827E+000	5.6733416156806683E-006
1.8499999999999825E+000	5.6507757255295643E-006
1.8549999999999824E+000	5.6130735853019138E-006
1.8599999999999823E+000	5.5820945026999517E-006
1.8649999999999822E+000	5.5604076573392429E-006
1.8699999999999821E+000	5.5272554678803145E-006
1.8749999999999820E+000	5.4803655584758757E-006
1.8799999999999819E+000	5.4179738121093544E-006
1.8849999999999818E+000	5.3432013618331011E-006
1.8899999999999817E+000	5.2582883509514895E-006
1.8949999999999816E+000	5.1622337260127979E-006
1.8999999999999815E+000	5.0556592850940826E-006
1.9049999999999814E+000	4.9371472762260524E-006
1.9099999999999813E+000	4.8096537188094373E-006
1.9149999999999812E+000	4.6755529714472931E-006
1.9199999999999811E+000	4.5338352419213804E-006
1.9249999999999809E+000	4.3851852431419652E-006
1.9299999999999808E+000	4.2282497031457845E-006
1.9349999999999807E+000	4.0661268193977420E-006
1.9399999999999806E+000	3.9001106699362236E-006
1.9449999999999805E+000	3.7314487711172594E-006
1.9499999999999804E+000	3.5600393969021049E-006
1.9549999999999803E+000	3.3843485735301789E-006
1.9599999999999802E+000	3.2080659019626437E-006
1.9649999999999801E+000	3.0330788219803440E-006
1.9699999999999800E+000	2.8580080066379946E-006
1.9749999999999799E+000	2.6846050456177975E-006
1.9799999999999798E+000	2.5126268504395026E-006
1.9849999999999797E+000	2.3401604178418287E-006
1.9899999999999796E+000	2.1705548344694857E-006
1.9949999999999795E+000	2.0039618229104283E-006
1.9999999999999793E+000	1.8402950911982769E-006
2.0049999999999795E+000	1.6793772081761486E-006
2.0099999999999794E+000	1.5193119415260998E-006
2.0149999999999793E+000	1.3636598229606945E-006
2.0199999999999791E+000	1.2130624941051079E-006
2.0249999999999790E+000	1.0675277081299258E-006
2.0299999999999789E+000	9.2647604801816132E-007
2.0349999999999788E+000	7.8973436762601408E-007
2.0399999999999787E+000	6.5504942197964050E-007
2.0449999999999786E+000	5.2541476201679439E-007
2.0499999999999785E+000	4.0125952222370632E-007
2.0549999999999784E+000	2.8250079827297662E-007
2.0599999999999783E+000	1.6839239792467797E-007
2.0649999999999782E+000	5.9147498565591904E-008
2.0699999999999781E+000	-4.7534961483600265E-008
2.0749999999999780E+000	-1.4870497706866531E-007
2.0799999999999779E+000	-2.4349137647149129E-007
2.0849999999999778E+000	-3.3437714071561595E-007
2.0899999999999777E+000	-4.1984041445752776E-007
2.0949999999999775E+000	-5.0075959074527145E-007
2.0999999999999774E+000	-5.7992692100989555E-007
2.1049999999999773E+000	-6.5422925537829450E-007
2.1099999999999772E+000	-7.2288176897165376E-007
2.1149999999999771E+000	-7.8757859385793272E-007
2.1199999999999770E+000	-8.4864895529101430E-007
2.1149999999999771E+000	3.0969733687293495E-007
2.1199999999999770E+000	9.3371556672120417E-007
2.1249999999999769E+000	6.1887450604591021E-007
2.1299999999999768E+000	1.3596942000551975E-007
2.1349999999999767E+000	-3.6766391961669576E-007
2.1399999999999766E+000	-8.4652833226800719E-007
2.1449999999999765E+000	-1.2841269966286111E-006
2.1499999999999764E+000	-1.6729058330002981E-006
2.1549999999999763E+000	-2.0057516014647471E-006
2.1599999999999762E+000	-2.2831843343438375E-006
2.1649999999999761E+000	-2.5094583279978112E-006
2.1699999999999759E+000	-2.6895658335868923E-006
2.1749999999999758E+000	-2.8253802010666066E-006
2.1799999999999757E+000	-2.9205580317392336E-006
2.1849999999999756E+000	-2.9805567485119989E-006
2.1899999999999755E+000	-3.0092086722499811E-006
2.1949999999999754E+000	-3.0098333585257907E-006
2.1999999999999753E+000	-2.9855795846446822E-006
2.2049999999999752E+000	-2.9394376920200134E-006
2.2099999999999751E+000	-2.8771258767890106E-006
2.2149999999999750E+000	-2.7980266759212822E-006
2.2199999999999749E+000	-2.7037309207963215E-006
2.2249999999999748E+000	-2.5983264342927106E-006
2.2299999999999747E+000	-2.4843061334617962E-006
2.2349999999999746E+000	-2.3637253299299136E-006
2.2399999999999745E+000	-2.2386058594867613E-006
2.2449999999999743E+000	-2.1109226606396886E-006
2.2499999999999742E+000	-1.9825511399908564E-006
2.2549999999999741E+000	-1.8560812737180858E-006
2.2599999999999740E+000	-1.7324632027922918E-006
2.2649999999999739E+000	-1.6160449367929527E-006
2.2699999999999738E+000	-1.5044767258281048E-006
2.2749999999999737E+000	-1.3977023312974090E-006
2.2799999999999736E+000	-1.2982537811735533E-006
2.2849999999999735E+000	-1.2069056235941261E-006
2.2899999999999734E+000	-1.1239472179375655E-006
2.2949999999999733E+000	-1.0496086488808610E-006
2.2999999999999732E+000	-9.8403657638290287E-007
2.3049999999999731E+000	-9.2727886055488183E-007
2.3099999999999730E+000	-8.7927504417904730E-007
2.3149999999999729E+000	-8.3985551658495502E-007
2.3199999999999728E+000	-8.0874443963327734E-007
2.3249999999999726E+000	-7.9016959663747065E-007
2.3299999999999725E+000	-7.7421979014021237E-007
2.3349999999999724E+000	-7.5716352434543598E-007
2.3399999999999723E+000	-7.3943879435066187E-007
2.3449999999999722E+000	-7.2218666386922643E-007
2.3499999999999721E+000	-7.0783478772439148E-007
2.3549999999999720E+000	-6.9352705343857936E-007
2.3599999999999719E+000	-6.8035300619593045E-007
2.3649999999999718E+000	-6.6854592621917452E-007
2.3699999999999717E+000	-6.5817739245218658E-007
2.3749999999999716E+000	-6.5028763332573856E-007
2.3799999999999715E+000	-6.4305207879639726E-007
2.3849999999999714E+000	-6.3765110194845479E-007
2.3899999999999713E+000	-6.3547340394826108E-007
2.3949999999999712E+000	-6.3653054787235025E-007
2.3999999999999710E+000	-6.4038646572811139E-007
2.4049999999999709E+000	-6.4627324449029517E-007
2.4099999999999708E+000	-6.5475414256512498E-007
2.4149999999999707E+000	-6.6609029357744693E-007
2.4199999999999706E+000	-6.8091762390340139E-007
2.4249999999999705E+000	-6.9860643046762815E-007
2.4299999999999704E+000	-7.1742872072054139E-007
2.4349999999999703E+000	-7.3774437592014828E-007
2.4399999999999702E+000	-7.5941419053884012E-007
2.4449999999999701E+000	-7.8269992371244913E-007
2.4499999999999700E+000	-8.0570988398096901E-007
2.4549999999999699E+000	-8.2883244776096813E-007
2.4599999999999698E+000	-8.5193945340545521E-007
2.4649999999999697E+000	-8.7531010143307663E-007
2.4699999999999696E+000	-8.9708131276221184E-007
2.4749999999999694E+000	-9.1769992973059035E-007
2.4799999999999693E+000	-9.3710327360285061E-007
2.4849999999999692E+000	-9.5505487459150467E-007
2.4899999999999691E+000	-9.7200288482342641E-007
2.4949999999999690E+000	-9.8618267887782644E-007
2.4999999999999689E+000	-9.9814554334742110E-007
2.5049999999999688E+000	-1.0060674412385242E-006
2.5099999999999687E+000	-1.0131930699018445E-006
2.5149999999999686E+000	-1.0203998395606265E-006
2.5199999999999685E+000	-1.0236947220989628E-006
2.5249999999999684E+000	-1.0270282861722397E-006
2.5299999999999683E+000	-1.0306933614937436E-006
2.5349999999999682E+000	-1.0343465817467111E-006
2.5399999999999681E+000	-1.0374847957127067E-006
2.5449999999999680E+000	-1.0379221349534949E-006
2.5499999999999678E+000	-1.0402890711198201E-006
2.5549999999999677E+000	-1.0393064337243378E-006
2.5599999999999676E+000	-1.0345743034168123E-006
2.5649999999999675E+000	-1.0314473187412094E-006
2.5699999999999674E+000	-1.0296526386914842E-006
2.5749999999999673E+000	-1.0280633633870203E-006
2.5799999999999672E+000	-1.0247148327243567E-006
2.5849999999999671E+000	-1.0200645188519957E-006
2.5899999999999670E+000	-1.0137305181917796E-006
2.5949999999999669E+000	-1.0051064816068047E-006
2.5999999999999668E+000	-9.9407662440023794E-007
2.6049999999999667E+000	-9.8074772898919039E-007
2.6099999999999666E+000	-9.6525200744322033E-007
2.6149999999999665E+000	-9.4771674641126977E-007
2.6199999999999664E+000	-9.2828704762600996E-007
2.6249999999999662E+000	-9.0713765526109142E-007
2.6299999999999661E+000	-8.8447130405400994E-007
2.6349999999999660E+000	-8.6051333840215457E-007
2.6399999999999659E+000	-8.3550520198683468E-007
2.6449999999999658E+000	-8.0969825812197982E-007
2.6499999999999657E+000	-7.8335069094640129E-007
2.6549999999999656E+000	-7.5672354396089287E-007
2.6599999999999655E+000	-7.3007558773113847E-007
2.6649999999999654E+000	-7.0366065131341354E-007
2.6699999999999653E+000	-6.7784611009611036E-007
2.6749999999999652E+000	-6.5328043254255850E-007
2.6799999999999651E+000	-6.2976882017152382E-007
2.6849999999999650E+000	-6.0715578723839108E-007
2.6899999999999649E+000	-5.8545386187776009E-007
2.6949999999999648E+000	-5.6477905041174134E-007
2.6999999999999647E+000	-5.4530489289496861E-007
2.7049999999999645E+000	-5.2724294795261989E-007
2.7099999999999644E+000	-5.1081893834884335E-007
2.7149999999999643E+000	-4.9624563751992869E-007
2.7199999999999642E+000	-4.8370578590729293E-007
2.7249999999999641E+000	-4.7334571139658601E-007
2.7299999999999640E+000	-4.6527056149830134E-007
2.7349999999999639E+000	-4.5953860350803343E-007
2.7399999999999638E+000	-4.5618270817514924E-007
2.7449999999999637E+000	-4.5521734656400655E-007
2.7499999999999636E+000	-4.5663212634890231E-007
2.7549999999999635E+000	-4.6038306999962219E-007
2.7599999999999634E+000	-4.6640229259093449E-007
2.7649999999999633E+000	-4.7459910431052107E-007
2.7699999999999632E+000	-4.8487533305274580E-007
2.7749999999999631E+000	-4.9711159289727861E-007
2.7799999999999629E+000	-5.1116239144519144E-007
2.7849999999999628E+000	-5.2687088649744005E-007
2.7899999999999627E+000	-5.4408539043152300E-007
2.7949999999999626E+000	-5.6265527354903436E-007
2.7999999999999625E+000	-5.8242097839327930E-007
2.8049999999999624E+000	-6.0320739427936781E-007
2.8099999999999623E+000	-6.2483976611942749E-007
2.8149999999999622E+000	-6.4713028676920288E-007
2.8199999999999621E+000	-6.6991462827987350E-007
2.8249999999999620E+000	-6.9304250449163634E-007
2.8299999999999619E+000	-7.1636845671681567E-007
2.8349999999999618E+000	-7.3975530040846962E-007
2.8399999999999617E+000	-7.6305993286749766E-007
2.8449999999999616E+000	-7.8615615639370544E-007
2.8499999999999615E+000	-8.0892344057756255E-007
2.8549999999999613E+000	-8.3124988133796580E-007
2.8599999999999612E+000	-8.5302215869009293E-007
2.8649999999999611E+000	-8.7413264611337109E-007
2.8699999999999610E+000	-8.9448765947814818E-007
2.8749999999999609E+000	-9.1400953299760037E-007
2.8799999999999608E+000	-9.3263499618621974E-007
2.8849999999999607E+000	-9.5031604928197252E-007
2.8899999999999606E+000	-9.6701900993704591E-007
2.8949999999999605E+000	-9.8272439797638506E-007
2.8999999999999604E+000	-9.9741626469620253E-007
2.9049999999999603E+000	-1.0110785902443194E-006
2.9099999999999602E+000	-1.0236981610008591E-006
2.9149999999999601E+000	-1.0352731643245906E-006
2.9199999999999600E+000	-1.0458110946428900E-006
2.9249999999999599E+000	-1.0553265049700112E-006
2.9299999999999597E+000	-1.0638457967664812E-006
2.9349999999999596E+000	-1.0714001017500645E-006
2.9399999999999595E+000	-1.0780266995843905E-006
2.9449999999999594E+000	-1.0837645194023930E-006
2.9499999999999593E+000	-1.0886563269348220E-006
2.9549999999999592E+000	-1.0927494270389580E-006
2.9599999999999591E+000	-1.0960854794325610E-006
2.9649999999999590E+000	-1.0987093099043561E-006
2.9699999999999589E+000	-1.1006707636852279E-006
2.9749999999999588E+000	-1.1020188610616938E-006
2.9799999999999587E+000	-1.1028005575075301E-006
2.9849999999999586E+000	-1.1030623702461733E-006
2.9899999999999585E+000	-1.1028446073586121E-006
2.9949999999999584E+000	-1.1021868846468425E-006
2.9999999999999583E+000	-1.1011269459603623E-006
3.0049999999999581E+000	-1.0996952462977962E-006
3.0099999999999580E+000	-1.0979194655530218E-006
3.0149999999999579E+000	-1.0958297875427413E-006
3.0199999999999578E+000	-1.0934494517037867E-006
3.0249999999999577E+000	-1.0908038737237494E-006
3.0299999999999576E+000	-1.0879309391133619E-006
3.0349999999999575E+000	-1.0848748184463439E-006
3.0399999999999574E+000	-1.0816663300774969E-006
3.0449999999999573E+000	-1.0783199053231460E-006
3.0499999999999572E+000	-1.0748526572527436E-006
3.0549999999999571E+000	-1.0712926821593874E-006
3.0599999999999570E+000	-1.0676414853789591E-006
3.0649999999999569E+000	-1.0638976358771588E-006
3.0699999999999568E+000	-1.0600698712942373E-006
3.0749999999999567E+000	-1.0561643595628861E-006
3.0799999999999566E+000	-1.0521831630580720E-006
3.0849999999999564E+000	-1.0481254017843287E-006
3.0899999999999563E+000	-1.0439867389254117E-006
3.0949999999999562E+000	-1.0397606423442633E-006
3.0999999999999561E+000	-1.0354386936937671E-006
3.1049999999999560E+000	-1.0310115813855947E-006
3.1099999999999559E+000	-1.0264689229916587E-006
3.1149999999999558E+000	-1.0217993813927324E-006
3.1199999999999557E+000	-1.0169906830703822E-006
3.1249999999999556E+000	-1.0120307595112469E-006
3.1299999999999555E+000	-1.0069081382822203E-006
3.1349999999999554E+000	-1.0016119708354649E-006
3.1399999999999553E+000	-9.9613188254604160E-007
3.1449999999999552E+000	-9.9045862808389559E-007
3.1499999999999551E+000	-9.8458419835870122E-007
3.1549999999999550E+000	-9.7850192039714644E-007
3.1599999999999548E+000	-9.7220658759663545E-007
3.1649999999999547E+000	-9.6569457287899905E-007
3.1699999999999546E+000	-9.5896390901449326E-007
3.1749999999999545E+000	-9.5201434154895367E-007
3.1799999999999544E+000	-9.4400793593611781E-007
3.1849999999999543E+000	-9.3581428457667066E-007
3.1899999999999542E+000	-9.2566423834930989E-007
3.1949999999999541E+000	-9.1543851118887055E-007
3.1999999999999540E+000	-9.0515221984367280E-007
3.2049999999999539E+000	-8.9485022424307279E-007
3.2099999999999538E+000	-8.8455316885675849E-007
3.2149999999999537E+000	-8.7425794587961540E-007
3.2199999999999536E+000	-8.6396985688519393E-007
3.2249999999999535E+000	-8.5370795221393545E-007
3.2299999999999534E+000	-8.4349865804970363E-007
3.2349999999999532E+000	-8.3337089455337892E-007
3.2399999999999531E+000	-8.2335436212187424E-007
3.2449999999999530E+000	-8.1347878042352380E-007
3.2499999999999529E+000	-8.0377303334759886E-007
3.2549999999999528E+000	-7.9426428544487473E-007
3.2599999999999527E+000	-7.8497726704332967E-007
3.2649999999999526E+000	-7.7593380095404503E-007
3.2699999999999525E+000	-7.6715253305264068E-007
3.2749999999999524E+000	-7.6129459480358301E-007
3.2799999999999523E+000	-7.5462943041125543E-007
3.2849999999999522E+000	-7.4694601752301315E-007
3.2899999999999521E+000	-7.3862726024070697E-007
3.2949999999999520E+000	-7.3002456205124586E-007
3.2999999999999519E+000	-7.2144460090186424E-007
3.3049999999999518E+000	-7.1313237361549957E-007
3.3099999999999516E+000	-7.0527827664685272E-007
3.3149999999999515E+000	-6.9803347174247171E-007
3.3199999999999514E+000	-6.9104540077608957E-007
3.3249999999999513E+000	-6.8489058099692816E-007
3.3299999999999512E+000	-6.7963066593318931E-007
3.3349999999999511E+000	-6.7531216400298494E-007
3.3399999999999510E+000	-6.7451117123391602E-007
3.3449999999999509E+000	-6.7339326312544389E-007
3.3499999999999508E+000	-6.7169806355255689E-007
3.3549999999999507E+000	-6.6981561540938069E-007
3.3599999999999506E+000	-6.6809979303317690E-007
3.3649999999999505E+000	-6.6684792520681877E-007
3.3699999999999504E+000	-6.6628613294876390E-007
3.3749999999999503E+000	-6.6657814282902229E-007
3.3799999999999502E+000	-6.6862327629296052E-007
3.3849999999999500E+000	-6.7692912134425992E-007
3.3899999999999499E+000	-6.8529334017961748E-007
3.3949999999999498E+000	-6.9216891401719934E-007
3.3999999999999497E+000	-6.9719071785694997E-007
3.4049999999999496E+000	-7.0038565215316626E-007
3.4099999999999495E+000	-7.0203418784189415E-007
3.4149999999999494E+000	-7.0253995914844904E-007
3.4199999999999493E+000	-7.0234043721456009E-007
3.4249999999999492E+000	-7.0185931871710723E-007
3.4299999999999491E+000	-7.0148332953957858E-007
3.4349999999999490E+000	-7.0155329866484577E-007
3.4399999999999489E+000	-7.0625971438741974E-007
3.4449999999999488E+000	-7.1149981788524351E-007
3.4499999999999487E+000	-7.1663008305958550E-007
3.4549999999999486E+000	-7.2182993939403019E-007
3.4599999999999485E+000	-7.2741322825284562E-007
3.4649999999999483E+000	-7.3370128156542959E-007
3.4699999999999482E+000	-7.4095874095771561E-007
3.4749999999999481E+000	-7.4938583453603246E-007
3.4799999999999480E+000	-7.5190600936668421E-007
3.4849999999999479E+000	-7.5617545278183508E-007
3.4899999999999478E+000	-7.6393927208548612E-007
3.4949999999999477E+000	-7.7387175737951857E-007
3.4999999999999476E+000	-7.8521689532575087E-007
3.5049999999999475E+000	-7.9811268913703035E-007
3.5099999999999474E+000	-8.1295788417151136E-007
3.5149999999999473E+000	-8.2999184030799795E-007
3.5199999999999472E+000	-8.4992470194236125E-007
3.5249999999999471E+000	-8.7291388399471696E-007
3.5299999999999470E+000	-8.9814996248782343E-007
3.5349999999999469E+000	-9.2494841552816877E-007
3.5399999999999467E+000	-9.5275282236847180E-007
3.5449999999999466E+000	-9.8104166434753164E-007
3.5499999999999465E+000	-1.0104934046174945E-006
3.5549999999999464E+000	-1.0404712494466623E-006
3.5599999999999463E+000	-1.0702679163610144E-006
3.5649999999999462E+000	-1.0992848985194288E-006
3.5699999999999461E+000	-1.1270054832441069E-006
3.5749999999999460E+000	-1.1529947715317679E-006
3.5799999999999459E+000	-1.1768836847224586E-006
3.5849999999999458E+000	-1.1983634004292251E-006
3.5899999999999457E+000	-1.2171841666694134E-006
3.5949999999999456E+000	-1.2331527463834741E-006
3.5999999999999455E+000	-1.2461302384569427E-006
3.6049999999999454E+000	-1.2560303481259363E-006
3.6099999999999453E+000	-1.2628163543562907E-006
3.6149999999999451E+000	-1.2664983167551022E-006
3.6199999999999450E+000	-1.2671289205599451E-006
3.6249999999999449E+000	-1.2647995894997105E-006
3.6299999999999448E+000	-1.2596376064162026E-006
3.6349999999999447E+000	-1.2518013095983866E-006
3.6399999999999446E+000	-1.2414758395083255E-006
3.6449999999999445E+000	-1.2288680711997557E-006
3.6499999999999444E+000	-1.2142035128049089E-006
3.6549999999999443E+000	-1.1977211874681946E-006
3.6599999999999442E+000	-1.1796703316841610E-006
3.6649999999999441E+000	-1.1603057163517623E-006
3.6699999999999440E+000	-1.1398847189387731E-006
3.6749999999999439E+000	-1.1186635197439618E-006
3.6799999999999438E+000	-1.0968938523349375E-006
3.6849999999999437E+000	-1.0748206060434425E-006
3.6899999999999435E+000	-1.0526783738451609E-006
3.6949999999999434E+000	-1.0314138012582692E-006
3.6999999999999433E+000	-1.0091619598381840E-006
3.7049999999999432E+000	-9.8752298052536223E-007
3.7099999999999431E+000	-9.6660906582168479E-007
3.7149999999999430E+000	-9.4704005872145569E-007
3.7199999999999429E+000	-9.2726438826751015E-007
3.7249999999999428E+000	-9.0871994385066609E-007
3.7299999999999427E+000	-8.9198178323460397E-007
3.7349999999999426E+000	-8.7548842359754009E-007
3.7399999999999425E+000	-8.6048725845090116E-007
3.7449999999999424E+000	-8.4739195517568593E-007
3.7499999999999423E+000	-8.3610527136694916E-007
3.7549999999999422E+000	-8.2474117023103805E-007
3.7599999999999421E+000	-8.1510925586211082E-007
3.7649999999999419E+000	-8.0726507986445508E-007
3.7699999999999418E+000	-8.0107941607707208E-007
3.7749999999999417E+000	-7.9677085800496763E-007
3.7799999999999416E+000	-7.9265921974912635E-007
3.7849999999999415E+000	-7.9016266960949820E-007
3.7899999999999414E+000	-7.8925819009417435E-007
3.7949999999999413E+000	-7.8901229629879819E-007
3.7999999999999412E+000	-7.9006684369348161E-007
3.8049999999999411E+000	-7.9229971308830449E-007
3.8099999999999410E+000	-7.9577948426842588E-007
3.8149999999999409E+000	-7.9887153117340676E-007
3.8199999999999408E+000	-8.0287328758915922E-007
3.8249999999999407E+000	-8.0772009089661957E-007
3.8299999999999406E+000	-8.1320088682459604E-007
3.8349999999999405E+000	-8.1918848262761707E-007
3.8399999999999403E+000	-8.2595709675604702E-007
3.8449999999999402E+000	-8.3177085433461218E-007
3.8499999999999401E+000	-8.3786152567715142E-007
3.8549999999999400E+000	-8.4414454310300397E-007
3.8599999999999399E+000	-8.5042275831598502E-007
3.8649999999999398E+000	-8.5672630163409712E-007
3.8699999999999397E+000	-8.6220246397846485E-007
3.8749999999999396E+000	-8.6751590776653004E-007
3.8799999999999395E+000	-8.7251533339511000E-007
3.8849999999999394E+000	-8.7706735556808043E-007
3.8899999999999393E+000	-8.8151074452084888E-007
3.8949999999999392E+000	-8.8464534331720496E-007
3.8999999999999391E+000	-8.8733300368441314E-007
3.9049999999999390E+000	-8.8951087114543118E-007
3.9099999999999389E+000	-8.9109705168080234E-007
3.9149999999999388E+000	-8.9212690309133140E-007
3.9199999999999386E+000	-8.9266620178018219E-007
3.9249999999999385E+000	-8.9334928996894212E-007
3.9299999999999384E+000	-8.9253169468539928E-007
3.9349999999999383E+000	-8.9119992777283486E-007
3.9399999999999382E+000	-8.8935717042968210E-007
3.9449999999999381E+000	-8.8696573139161841E-007
3.9499999999999380E+000	-8.8410765326206781E-007
3.9549999999999379E+000	-8.8088781039291809E-007
3.9599999999999378E+000	-8.7737464342152889E-007
3.9649999999999377E+000	-8.7436648906387161E-007
3.9699999999999376E+000	-8.6994450439972353E-007
3.9749999999999375E+000	-8.6518736203271855E-007
3.9799999999999374E+000	-8.6015587905565237E-007
3.9849999999999373E+000	-8.5482964820561919E-007
3.9899999999999372E+000	-8.4929352592262522E-007
3.9949999999999370E+000	-8.4364571172232108E-007
3.9999999999999369E+000	-8.3795660823376892E-007
4.0049999999999368E+000	-8.3311636055375453E-007
4.0099999999999367E+000	-8.2708610468413462E-007
4.0149999999999366E+000	-8.2096463685130368E-007
4.0199999999999365E+000	-8.1484492356873850E-007
4.0249999999999364E+000	-8.0870564528413987E-007
4.0299999999999363E+000	-8.0262979101564006E-007
4.0349999999999362E+000	-7.9672207012550407E-007
4.0399999999999361E+000	-7.9105212855578260E-007
4.0449999999999360E+000	-7.8656314932002859E-007
4.0499999999999359E+000	-7.8111809810999827E-007
4.0549999999999358E+000	-7.7580455897416038E-007
4.0599999999999357E+000	-7.7071421727542472E-007
4.0649999999999356E+000	-7.6580561675560790E-007
4.0699999999999354E+000	-7.6113391364963678E-007
4.0749999999999353E+000	-7.5678039237317002E-007
4.0799999999999352E+000	-7.5370641009418196E-007
4.0849999999999351E+000	-7.4978435427368460E-007
4.0899999999999350E+000	-7.4605968005384684E-007
4.0949999999999349E+000	-7.4261748268105429E-007
4.0999999999999348E+000	-7.3939959527334556E-007
4.1049999999999347E+000	-7.3644382689766403E-007
4.1099999999999346E+000	-7.3381528667184265E-007
4.1149999999999345E+000	-7.3248435515658238E-007
4.1199999999999344E+000	-7.3028306363105478E-007
4.1249999999999343E+000	-7.2823460281063639E-007
4.1299999999999342E+000	-7.2642446321035169E-007
4.1349999999999341E+000	-7.2478488699737521E-007
4.1399999999999340E+000	-7.2334333769009203E-007
4.1449999999999338E+000	-7.2215655441609392E-007
4.1499999999999337E+000	-7.2222161735074227E-007
4.1549999999999336E+000	-7.2132412115512564E-007
4.1599999999999335E+000	-7.2047932582477630E-007
4.1649999999999334E+000	-7.1978122858000429E-007
4.1699999999999333E+000	-7.1916139791517460E-007
4.1749999999999332E+000	-7.1864629400779672E-007
4.1799999999999331E+000	-7.1829312421366428E-007
4.1849999999999330E+000	-7.1913507914956898E-007
4.1899999999999329E+000	-7.1891639210505101E-007
4.1949999999999328E+000	-7.1865371730854946E-007
4.1999999999999327E+000	-7.1845613193028092E-007
4.2049999999999326E+000	-7.1826069065300596E-007
4.2099999999999325E+000	-7.1809841303366111E-007
4.2149999999999324E+000	-7.1803191472074053E-007
4.2199999999999322E+000	-7.1913520419039918E-007
4.2249999999999321E+000	-7.1911305078789463E-007
4.2299999999999320E+000	-7.1898814947490312E-007
4.2349999999999319E+000	-7.1888603978032093E-007
4.2399999999999318E+000	-7.1875063913440675E-007
4.2449999999999317E+000	-7.1861836125374206E-007
4.2499999999999316E+000	-7.1855755702656748E-007
4.2549999999999315E+000	-7.1968264829499904E-007
4.2599999999999314E+000	-7.1965772603778533E-007
4.2649999999999313E+000	-7.1951181189579962E-007
4.2699999999999312E+000	-7.1938457150578729E-007
4.2749999999999311E+000	-7.1922465950533373E-007
4.2799999999999310E+000	-7.1907171680037914E-007
4.2849999999999309E+000	-7.1899735734548056E-007
4.2899999999999308E+000	-7.2015382584280213E-007
4.2949999999999307E+000	-7.2016083977971335E-007
4.2999999999999305E+000	-7.2005204576213208E-007
4.3049999999999304E+000	-7.1997747147825397E-007
4.3099999999999303E+000	-7.1988727942235699E-007
4.3149999999999302E+000	-7.1982129181451696E-007
4.3199999999999301E+000	-7.1985137941185792E-007
4.3249999999999300E+000	-7.2002427723215570E-007
4.3299999999999299E+000	-7.2154562049053467E-007
4.3349999999999298E+000	-7.2188000005874184E-007
4.3399999999999297E+000	-7.2209073620109070E-007
4.3449999999999296E+000	-7.2234008487026228E-007
4.3499999999999295E+000	-7.2257637638963286E-007
4.3549999999999294E+000	-7.2283583434069069E-007
4.3599999999999293E+000	-7.2318724380329165E-007
4.3649999999999292E+000	-7.2367484563050652E-007
4.3699999999999291E+000	-7.2431097687851134E-007
4.3749999999999289E+000	-7.2638020927534472E-007
4.3799999999999288E+000	-7.2718202667167354E-007
4.3849999999999287E+000	-7.2781920804148328E-007
4.3899999999999286E+000	-7.2846791615862288E-007
4.3949999999999285E+000	-7.2907276579301895E-007
4.3999999999999284E+000	-7.2966574085036888E-007
4.4049999999999283E+000	-7.3031330812109185E-007
4.4099999999999282E+000	-7.3105868892987662E-007
4.4149999999999281E+000	-7.3191381844517455E-007
4.4199999999999280E+000	-7.3287336935467426E-007
4.4249999999999279E+000	-7.3531604960788300E-007
4.4249999999999279E+000	-1.1650473182266906E-006
4.4299999999999278E+000	5.6502025142866778E-007
4.4349999999999277E+000	6.9995037941262063E-007
4.4399999999999276E+000	4.7844462693513183E-007
4.4449999999999275E+000	1.6811511131415504E-007
4.4499999999999273E+000	-1.6135077731778727E-007
4.4549999999999272E+000	-4.8018713515516277E-007
4.4599999999999271E+000	-7.7486612532551828E-007
4.4649999999999270E+000	-1.0385835231623658E-006
4.4699999999999269E+000	-1.2682156245448253E-006
4.4749999999999268E+000	-1.4628549995679897E-006
4.4799999999999267E+000	-1.6229853663099554E-006
4.4849999999999266E+000	-1.7499476992748333E-006
4.4899999999999265E+000	-1.8455918522374943E-006
4.4949999999999264E+000	-1.9120646083449840E-006
4.4999999999999263E+000	-1.9516789233530622E-006
4.5049999999999262E+000	-1.9668308864216047E-006
4.5099999999999261E+000	-1.9592932120409320E-006
4.5149999999999260E+000	-1.9321438594940600E-006
4.5199999999999259E+000	-1.8876583210903054E-006
4.5249999999999257E+000	-1.8278458807492321E-006
4.5299999999999256E+000	-1.7548436301254447E-006
4.5349999999999255E+000	-1.6708599889895421E-006
4.5399999999999254E+000	-1.5780910927080624E-006
4.5449999999999253E+000	-1.4786664897052265E-006
4.5499999999999252E+000	-1.3746118641229314E-006
4.5549999999999251E+000	-1.2678235363284239E-006
4.5599999999999250E+000	-1.1600507602525416E-006
4.5649999999999249E+000	-1.0528841905108989E-006
4.5699999999999248E+000	-9.4774990089963476E-007
4.5749999999999247E+000	-8.4590761075051428E-007
4.5799999999999246E+000	-7.4845276442562440E-007
4.5849999999999245E+000	-6.5632124768041369E-007
4.5899999999999244E+000	-5.7029567624375390E-007
4.5949999999999243E+000	-4.9101301052851310E-007
4.5999999999999241E+000	-4.1897291436950095E-007
4.6049999999999240E+000	-3.5454618200464278E-007
4.6099999999999239E+000	-2.9798367937059161E-007
4.6149999999999238E+000	-2.4942483605577017E-007
4.6199999999999237E+000	-2.0890586708300730E-007
4.6249999999999236E+000	-1.7764957260892522E-007
4.6299999999999235E+000	-1.5604945980158915E-007
4.6349999999999234E+000	-1.3526119011965308E-007
4.6399999999999233E+000	-1.0997357860850026E-007
4.6449999999999232E+000	-7.6915045640929028E-008
4.6499999999999231E+000	-4.0114257294165891E-008
4.6549999999999230E+000	-1.6396412306769919E-009
4.6599999999999229E+000	3.6860705348050725E-008
4.6649999999999228E+000	7.3796023346899867E-008
4.6699999999999227E+000	1.0768354981365406E-007
4.6749999999999226E+000	1.3715814752718446E-007
4.6799999999999224E+000	1.6099799985979778E-007
4.6849999999999223E+000	1.7815619210119990E-007
4.6899999999999222E+000	1.8777403401424915E-007
4.6949999999999221E+000	1.8918214766947905E-007
4.6999999999999220E+000	1.8189804574916079E-007
4.7049999999999219E+000	1.6562055267978384E-007
4.7099999999999218E+000	1.4022345669134129E-007
4.7149999999999217E+000	1.0375836567988301E-007
4.7199999999999216E+000	6.0292464341122638E-008
4.7249999999999215E+000	8.6115451642428038E-009
4.7299999999999214E+000	-5.1025937888470785E-008
4.7349999999999213E+000	-1.1972796018801970E-007
4.7399999999999212E+000	-1.9614514824532204E-007
4.7449999999999211E+000	-2.7603818047028962E-007
4.7499999999999210E+000	-3.6116606373518178E-007
4.7549999999999208E+000	-4.5093176684069812E-007
4.7599999999999207E+000	-5.4551943510749790E-007
4.7649999999999206E+000	-6.4375177143406452E-007
4.7699999999999205E+000	-7.4169355932527014E-007
4.7749999999999204E+000	-8.4062150356076463E-007
4.7799999999999203E+000	-9.4101789790174597E-007
4.7849999999999202E+000	-1.0415912632932367E-006
4.7899999999999201E+000	-1.1387540444949785E-006
4.7949999999999200E+000	-1.2337459933413071E-006
4.7999999999999199E+000	-1.3269977919764819E-006
4.8049999999999198E+000	-1.4176565945065514E-006
4.8099999999999197E+000	-1.5019472628614121E-006
4.8149999999999196E+000	-1.5843360452876664E-006
4.8199999999999195E+000	-1.6646371554045143E-006
4.8249999999999194E+000	-1.7420056495055737E-006
4.8299999999999192E+000	-1.8161527142473229E-006
4.8349999999999191E+000	-1.8856938189154758E-006
4.8399999999999190E+000	-1.9498877504333378E-006
4.8449999999999189E+000	-2.0083451852465546E-006
4.8499999999999188E+000	-2.0607915089509452E-006
4.8549999999999187E+000	-2.1070274224857934E-006
4.8599999999999186E+000	-2.1469381296767610E-006
4.8649999999999185E+000	-2.1804943731895871E-006
4.8699999999999184E+000	-2.2077467989074372E-006
4.8749999999999183E+000	-2.2288188083634866E-006
4.8799999999999182E+000	-2.2438988160641324E-006
4.8849999999999181E+000	-2.2532321034592240E-006
4.8899999999999180E+000	-2.2571126898493900E-006
4.8949999999999179E+000	-2.2558750116036333E-006
4.8999999999999178E+000	-2.2498864459890305E-006
4.9049999999999176E+000	-2.2395406451245658E-006
4.9099999999999175E+000	-2.2252510608327753E-006
4.9149999999999174E+000	-2.2074446848360593E-006
4.9199999999999173E+000	-2.1865569670103374E-006
4.9249999999999172E+000	-2.1630266111632126E-006
4.9299999999999171E+000	-2.1373492711647546E-006
4.9349999999999170E+000	-2.1098856615720182E-006
4.9399999999999169E+000	-2.0810679371452042E-006
4.9449999999999168E+000	-2.0512974969631023E-006
4.9499999999999167E+000	-2.0209606403828870E-006
4.9549999999999166E+000	-1.9904282804702652E-006
4.9599999999999165E+000	-1.9600484721984975E-006
4.9649999999999164E+000	-1.9301419805030742E-006
4.9699999999999163E+000	-1.9010015772203103E-006
4.9749999999999162E+000	-1.8728913025663530E-006
4.9799999999999160E+000	-1.8460462247170078E-006
4.9849999999999159E+000	-1.8206703514003636E-006
4.9899999999999158E+000	-1.7969370572774234E-006
4.9949999999999157E+000	-1.7749897758242266E-006
4.9999999999999156E+000	-1.7549410339688687E-006
5.0049999999999155E+000	-1.7368749946453072E-006
5.0099999999999154E+000	-1.7208480731107075E-006
5.0149999999999153E+000	-1.7037896892822550E-006
5.0199999999999152E+000	-1.6877517631068765E-006
5.0249999999999151E+000	-1.6737309263706387E-006
5.0299999999999150E+000	-1.6620067269218422E-006
5.0349999999999149E+000	-1.6525665696849261E-006
5.0399999999999148E+000	-1.6453222045159881E-006
5.0449999999999147E+000	-1.6401594104856715E-006
5.0499999999999146E+000	-1.6369416707545690E-006
5.0549999999999145E+000	-1.6355155606992384E-006
5.0599999999999143E+000	-1.6357163485413365E-006
5.0649999999999142E+000	-1.6373738869176521E-006
5.0699999999999141E+000	-1.6403157314382430E-006
5.0749999999999140E+000	-1.6443670491784142E-006
5.0799999999999139E+000	-1.6493546048895202E-006
5.0849999999999138E+000	-1.6551079135638540E-006
5.0899999999999137E+000	-1.6614611742896320E-006
5.0949999999999136E+000	-1.6682500661090001E-006
5.0999999999999135E+000	-1.6753182798693404E-006
5.1049999999999134E+000	-1.6825183270219924E-006
5.1099999999999133E+000	-1.6897119006714461E-006
5.1149999999999132E+000	-1.6967675256279306E-006
5.1199999999999131E+000	-1.7035614076481314E-006
5.1249999999999130E+000	-1.7099852886214191E-006
5.1299999999999129E+000	-1.7159461489267329E-006
5.1349999999999127E+000	-1.7213622925181719E-006
5.1399999999999126E+000	-1.7261641370431681E-006
5.1449999999999125E+000	-1.7302979756646076E-006
5.1499999999999124E+000	-1.7337240120120481E-006
5.1549999999999123E+000	-1.7364077515073521E-006
5.1599999999999122E+000	-1.7383311687306004E-006
5.1649999999999121E+000	-1.7394828775710068E-006
5.1699999999999120E+000	-1.7398635022660236E-006
5.1749999999999119E+000	-1.7394837293179719E-006
5.1799999999999118E+000	-1.7383629420835600E-006
5.1849999999999117E+000	-1.7365294189175025E-006
5.1899999999999116E+000	-1.7340181838801990E-006
5.1949999999999115E+000	-1.7308692222718675E-006
5.1999999999999114E+000	-1.7271282927541207E-006
5.2049999999999113E+000	-1.7228449113293235E-006
5.2099999999999111E+000	-1.7180712416734059E-006
5.2149999999999110E+000	-1.7128618749857680E-006
5.2199999999999109E+000	-1.7072736662329249E-006
5.2249999999999108E+000	-1.7013646678075866E-006
5.2299999999999107E+000	-1.6951919513485183E-006
5.2349999999999106E+000	-1.6888122877191035E-006
5.2399999999999105E+000	-1.6822811525442011E-006
5.2449999999999104E+000	-1.6756522233270398E-006
5.2499999999999103E+000	-1.6689770261657564E-006
5.2549999999999102E+000	-1.6623044375370416E-006
5.2599999999999101E+000	-1.6556805431623567E-006
5.2649999999999100E+000	-1.6491481141326967E-006
5.2699999999999099E+000	-1.6427462332967087E-006
5.2749999999999098E+000	-1.6365102251874552E-006
5.2799999999999097E+000	-1.6304715199285737E-006
5.2849999999999095E+000	-1.6246574917993401E-006
5.2899999999999094E+000	-1.6190914409330832E-006
5.2949999999999093E+000	-1.6137925043627643E-006
5.2999999999999092E+000	-1.6087758436242522E-006
5.3049999999999091E+000	-1.6040527297658908E-006
5.3099999999999090E+000	-1.5996307583110590E-006
5.3149999999999089E+000	-1.5955138425611867E-006
5.3199999999999088E+000	-1.5917023671534427E-006
5.3249999999999087E+000	-1.5881935004319972E-006
5.3299999999999086E+000	-1.5849814755383387E-006
5.3349999999999085E+000	-1.5820578867620973E-006
5.3399999999999084E+000	-1.5794119800262560E-006
5.3449999999999083E+000	-1.5770308277393293E-006
5.3499999999999082E+000	-1.5748998728524077E-006
5.3549999999999081E+000	-1.5730030987525697E-006
5.3599999999999079E+000	-1.5713232004329501E-006
5.3649999999999078E+000	-1.5698417819241568E-006
5.3699999999999077E+000	-1.5685396056905589E-006
5.3749999999999076E+000	-1.5673969738153788E-006
5.3799999999999075E+000	-1.5663938586829482E-006
5.3849999999999074E+000	-1.5655102586768039E-006
5.3899999999999073E+000	-1.5647263838405848E-006
5.3949999999999072E+000	-1.5649653183513243E-006
5.3999999999999071E+000	-1.5627221183104779E-006
5.4049999999999070E+000	-1.5581124905698412E-006
5.4099999999999069E+000	-1.5519139057887243E-006
5.4149999999999068E+000	-1.5447672367592710E-006
5.4199999999999067E+000	-1.5371867438642465E-006
5.4249999999999066E+000	-1.5295742182896990E-006
5.4299999999999065E+000	-1.5222418405478973E-006
5.4349999999999064E+000	-1.5154370253502944E-006
5.4399999999999062E+000	-1.5093546426864394E-006
5.4449999999999061E+000	-1.5041422857187639E-006
5.4499999999999060E+000	-1.4999051736960710E-006
5.4549999999999059E+000	-1.4967120231935037E-006
5.4599999999999058E+000	-1.4946010031531751E-006
5.4649999999999057E+000	-1.4935851907110643E-006
5.4699999999999056E+000	-1.4936570090431396E-006
5.4749999999999055E+000	-1.4947919458963116E-006
5.4799999999999054E+000	-1.4957825426752857E-006
5.4849999999999053E+000	-1.4975536543431342E-006
5.4899999999999052E+000	-1.4996017173137961E-006
5.4949999999999051E+000	-1.5013517545272425E-006
5.4999999999999050E+000	-1.5026137410039745E-006
5.5049999999999049E+000	-1.5033871717618124E-006
5.5099999999999048E+000	-1.5037469065122476E-006
5.5149999999999046E+000	-1.5038219038763929E-006
5.5199999999999045E+000	-1.5037756908827060E-006
5.5249999999999044E+000	-1.5037777401721193E-006
5.5299999999999043E+000	-1.5039818475703363E-006
5.5349999999999042E+000	-1.5045476852097464E-006
5.5399999999999041E+000	-1.5055545220003382E-006
5.5449999999999040E+000	-1.5070611765382038E-006
5.5499999999999039E+000	-1.5091127765261322E-006
5.5549999999999038E+000	-1.5117303512880767E-006
5.5599999999999037E+000	-1.5149109901144974E-006
5.5649999999999036E+000	-1.5186346956214413E-006
5.5699999999999035E+000	-1.5228693972306239E-006
5.5749999999999034E+000	-1.5275735927626550E-006
5.5799999999999033E+000	-1.5366313131743478E-006
5.5849999999999032E+000	-1.5450835373920786E-006
5.5899999999999030E+000	-1.5520819499192400E-006
5.5949999999999029E+000	-1.5577960293794123E-006
5.5999999999999028E+000	-1.5625410241808363E-006
5.6049999999999027E+000	-1.5666356128562366E-006
5.6099999999999026E+000	-1.5703399100798593E-006
5.6149999999999025E+000	-1.5738545903989971E-006
5.6199999999999024E+000	-1.5773419736281355E-006
5.6249999999999023E+000	-1.5809366066670276E-006
5.6299999999999022E+000	-1.5847472393653533E-006
5.6349999999999021E+000	-1.5888580202980909E-006
5.6399999999999020E+000	-1.5933307673482489E-006
5.6449999999999019E+000	-1.5982079685634183E-006
5.6499999999999018E+000	-1.6035155587599530E-006
5.6549999999999017E+000	-1.6092652935505985E-006
5.6599999999999016E+000	-1.6154566798548558E-006
5.6649999999999014E+000	-1.6220788145896422E-006
5.6699999999999013E+000	-1.6291119213259598E-006
5.6749999999999012E+000	-1.6365288156471704E-006
5.6799999999999011E+000	-1.6442961239630071E-006
5.6849999999999010E+000	-1.6523754970488583E-006
5.6899999999999009E+000	-1.6607245833186646E-006
5.6949999999999008E+000	-1.6692979930554617E-006
5.6999999999999007E+000	-1.6780483095069842E-006
5.7049999999999006E+000	-1.6869268199607593E-006
5.7099999999999005E+000	-1.6994590911584796E-006
5.7149999999999004E+000	-1.7089628479475977E-006
5.7199999999999003E+000	-1.7181794912189605E-006
5.7249999999999002E+000	-1.7305795035039186E-006
5.7299999999999001E+000	-1.7442293919810810E-006
5.7349999999999000E+000	-1.7581107684961795E-006
5.7399999999998998E+000	-1.7719773211399893E-006
5.7449999999998997E+000	-1.7857020928588000E-006
5.7499999999998996E+000	-1.7991331710093286E-006
5.7549999999998995E+000	-1.8121510764600973E-006
5.7599999999998994E+000	-1.8131673009275261E-006
5.7649999999998993E+000	-1.8098880278254058E-006
5.7699999999998992E+000	-1.8076143668733355E-006
5.7749999999998991E+000	-1.8072631470163091E-006
5.7799999999998990E+000	-1.8023753994391954E-006
5.7849999999998989E+000	-1.7933530568898018E-006
5.7899999999998988E+000	-1.7811940826652755E-006
5.7949999999998987E+000	-1.7666464160810701E-006
5.7999999999998986E+000	-1.7504243921636796E-006
5.8049999999998985E+000	-1.7331483331633114E-006
5.8099999999998984E+000	-1.7152516830843226E-006
5.8149999999998983E+000	-1.7006700163616390E-006
5.8199999999998981E+000	-1.6876262053254966E-006
5.8249999999998980E+000	-1.6753215131719569E-006
5.8299999999998979E+000	-1.6634624749215067E-006
5.8349999999998978E+000	-1.6518804515470706E-006
5.8399999999998977E+000	-1.6403913903919055E-006
5.8449999999998976E+000	-1.6288188109051663E-006
5.8499999999998975E+000	-1.6170091543389698E-006
5.8549999999998974E+000	-1.6048218875599372E-006
5.8599999999998973E+000	-1.5921226867556786E-006
5.8649999999998972E+000	-1.5787854643431070E-006
5.8699999999998971E+000	-1.5646973533687008E-006
5.8749999999998970E+000	-1.5497627027639703E-006
5.8799999999998969E+000	-1.5339055195913597E-006
5.8849999999998968E+000	-1.5152835000081811E-006
5.8899999999998967E+000	-1.4953568900227445E-006
5.8949999999998965E+000	-1.4739063952947450E-006
5.8999999999998964E+000	-1.4508831681064408E-006
5.9049999999998963E+000	-1.4256642011330522E-006
5.9099999999998962E+000	-1.3988599289207263E-006
5.9149999999998961E+000	-1.3705346990554146E-006
5.9199999999998960E+000	-1.3407743471165945E-006
5.9249999999998959E+000	-1.3098557796137045E-006
5.9299999999998958E+000	-1.2781028340576006E-006
5.9349999999998957E+000	-1.2458113208548856E-006
5.9399999999998956E+000	-1.2132484079820577E-006
5.9449999999998955E+000	-1.1806658202558419E-006
5.9499999999998954E+000	-1.1483040600179846E-006
5.9549999999998953E+000	-1.1163883251178230E-006
5.9599999999998952E+000	-1.0851232187013591E-006
5.9649999999998951E+000	-1.0546901638054030E-006
5.9699999999998949E+000	-1.0252470425368572E-006
5.9749999999998948E+000	-9.9692869294968724E-007
5.9799999999998947E+000	-9.6984796260925294E-007
5.9849999999998946E+000	-9.4409664754749161E-007
5.9899999999998945E+000	-9.1974615398179344E-007
5.9949999999998944E+000	-8.9684903454178390E-007
5.9999999999998943E+000	-8.7544041620309392E-007
6.0049999999998942E+000	-8.5553908925573251E-007
6.0099999999998941E+000	-8.3714805285053599E-007
6.0149999999998940E+000	-8.2025560570899877E-007
6.0199999999998939E+000	-8.0483675092376398E-007
6.0249999999998938E+000	-7.9085430006655312E-007
6.0299999999998937E+000	-7.7825978650189556E-007
6.0349999999998936E+000	-7.6699491345895167E-007
6.0399999999998935E+000	-7.5699283663982367E-007
6.0449999999998933E+000	-7.4817965737805631E-007
6.0499999999998932E+000	-7.4047511788170539E-007
6.0549999999998931E+000	-7.3379470688571390E-007
6.0599999999998930E+000	-7.2804961121343126E-007
6.0649999999998929E+000	-7.2314856130312957E-007
6.0699999999998928E+000	-7.1899972242903962E-007
6.0749999999998927E+000	-7.1551092045883646E-007
6.0799999999998926E+000	-7.1258994674570051E-007
6.0849999999998925E+000	-7.1014633955171073E-007
6.0899999999998924E+000	-7.0809226127733683E-007
6.0949999999998923E+000	-7.0634349404852687E-007
6.0999999999998922E+000	-7.0481988372274085E-007
6.1049999999998921E+000	-7.0344546454470484E-007
6.1099999999998920E+000	-7.0214893856435548E-007
6.1149999999998919E+000	-7.0086397565812502E-007
6.1199999999998917E+000	-6.9953031928566526E-007
6.1249999999998916E+000	-6.9809410734728144E-007
6.1299999999998915E+000	-6.9650721812719243E-007
6.1349999999998914E+000	-6.9472802519133533E-007
6.1399999999998913E+000	-6.9272083955665486E-007
6.1449999999998912E+000	-6.9045671800964200E-007
6.1499999999998911E+000	-6.8791327657551505E-007
6.1549999999998910E+000	-6.8507298292186423E-007
6.1599999999998909E+000	-6.8192335643710882E-007
6.1649999999998908E+000	-6.7845794472788533E-007
6.1699999999998907E+000	-6.7467565117015818E-007
6.1749999999998906E+000	-6.7057930257114613E-007
6.1799999999998905E+000	-6.6617623578292817E-007
6.1849999999998904E+000	-6.6147828727214337E-007
6.1899999999998903E+000	-6.5650121521061977E-007
6.1949999999998902E+000	-6.5126340248812691E-007
6.1999999999998900E+000	-6.4578737855746508E-007
6.2049999999998899E+000	-6.4009680646332117E-007
6.2099999999998898E+000	-6.3421527573967442E-007
6.2149999999998897E+000	-6.2816765020989354E-007
6.2199999999998896E+000	-6.2198013125990471E-007
6.2249999999998895E+000	-6.1567728941517085E-007
6.2299999999998894E+000	-6.0928324578151710E-007
6.2349999999998893E+000	-6.0282220898442144E-007
6.2399999999998892E+000	-5.9631605935759013E-007
6.2449999999998891E+000	-5.8978359094348335E-007
6.2499999999998890E+000	-5.8324695029322336E-007
6.2549999999998889E+000	-5.7672907414218362E-007
6.2599999999998888E+000	-5.7025194919567418E-007
6.2649999999998887E+000	-5.6383940264636618E-007
6.2699999999998886E+000	-5.5751269077685991E-007
6.2749999999998884E+000	-5.5129136754808224E-007
6.2799999999998883E+000	-5.4519378178072433E-007
6.2849999999998882E+000	-5.3923643010580773E-007
6.2899999999998881E+000	-5.3343231511791891E-007
6.2949999999998880E+000	-5.2778979537581273E-007
6.2999999999998879E+000	-5.2231543275728942E-007
6.3049999999998878E+000	-5.1701561534393231E-007
6.3099999999998877E+000	-5.1189720281168927E-007
6.3149999999998876E+000	-5.0696413116247837E-007
6.3199999999998875E+000	-5.0221810062533419E-007
6.3249999999998874E+000	-4.9765786402829128E-007
6.3299999999998873E+000	-4.9328011341391469E-007
6.3349999999998872E+000	-4.8908078301765425E-007
6.3399999999998871E+000	-4.8505488636582629E-007
6.3449999999998870E+000	-4.8119739106255127E-007
6.3499999999998868E+000	-4.7750206756713765E-007
6.3549999999998867E+000	-4.7396143828599704E-007
6.3599999999998866E+000	-4.7056865371198143E-007
6.3649999999998865E+000	-4.6731574971722358E-007
6.3699999999998864E+000	-4.6419411101059391E-007
6.3749999999998863E+000	-4.6119523652270017E-007
6.3799999999998862E+000	-4.5831056815432483E-007
6.3849999999998861E+000	-4.5552981461375257E-007
6.3899999999998860E+000	-4.5284295771876400E-007
6.3949999999998859E+000	-4.5024014802645543E-007
6.3999999999998858E+000	-4.4771141722807975E-007
6.4049999999998857E+000	-4.4524738075021318E-007
6.4099999999998856E+000	-4.4283890114735170E-007
6.4149999999998855E+000	-4.4047751705190584E-007
6.4199999999998854E+000	-4.3815486845625215E-007
6.4249999999998852E+000	-4.3586278645846842E-007
6.4299999999998851E+000	-4.3359365527517917E-007
6.4349999999998850E+000	-4.3134041454946669E-007
6.4399999999998849E+000	-4.2909664421936819E-007
6.4449999999998848E+000	-4.2685659409864178E-007
6.4499999999998847E+000	-4.2461504686062161E-007
6.4549999999998846E+000	-4.2236730546346764E-007
6.4599999999998845E+000	-4.2010922421551659E-007
6.4649999999998844E+000	-4.1783729982408517E-007
6.4699999999998843E+000	-4.1554863072488867E-007
6.4749999999998842E+000	-4.1324083873341871E-007
6.4799999999998841E+000	-4.1091213009618437E-007
6.4849999999998840E+000	-4.0587297734525568E-007
6.4899999999998839E+000	-3.9887604517009521E-007
6.4949999999998838E+000	-3.9069314029457256E-007
6.4999999999998836E+000	-3.8173440187136730E-007
6.5049999999998835E+000	-3.7219631074612858E-007
6.5099999999998834E+000	-3.6225298899135528E-007
6.5149999999998833E+000	-3.5206659615522561E-007
6.5199999999998832E+000	-3.4177010391786806E-007
6.5249999999998831E+000	-3.3147298374991417E-007
6.5299999999998830E+000	-3.2127076521277985E-007
6.5349999999998829E+000	-3.1124847842404531E-007
6.5399999999998828E+000	-3.0458632869096074E-007
6.5449999999998827E+000	-3.0032940149972539E-007
6.5499999999998826E+000	-2.9767084622332981E-007
6.5549999999998825E+000	-2.9621357834586778E-007
6.5599999999998824E+000	-2.9578101718826451E-007
6.5649999999998823E+000	-2.9621441968350378E-007
6.5699999999998822E+000	-2.9736208641861904E-007
6.5749999999998820E+000	-2.9909726403599821E-007
6.5799999999998819E+000	-3.0131186167528253E-007
6.5849999999998818E+000	-3.0390640234750728E-007
6.5899999999998817E+000	-3.0678670109483392E-007
6.5949999999998816E+000	-3.0986445179220725E-007
6.5999999999998815E+000	-3.1305776610255639E-007
6.6049999999998814E+000	-3.1629115121857704E-007
6.6099999999998813E+000	-3.1949540720041618E-007
6.6149999999998812E+000	-3.2260768867774910E-007
6.6199999999998811E+000	-3.2557154306428351E-007
6.6249999999998810E+000	-3.2833686455299943E-007
6.6299999999998809E+000	-3.3085993750305151E-007
6.6349999999998808E+000	-3.3310341086264167E-007
6.6399999999998807E+000	-3.3503616353396816E-007
6.6449999999998806E+000	-3.3663307395507051E-007
6.6499999999998805E+000	-3.3787487068588189E-007

 
