Grouping:(0, 0) J686
# x 	 y
0.0000000000000000E+000	-1.8169187740191051E-002
5.0000000000000001E-003	-1.8162211736395428E-002
1.0000000000000000E-002	-1.8130202664113138E-002
1.4999999999999999E-002	-1.8053151336630990E-002
2.0000000000000000E-002	-1.7936798632057105E-002
2.5000000000000001E-002	-1.7782989319429898E-002
3.0000000000000002E-002	-1.7593216064109685E-002
3.5000000000000003E-002	-1.7369052137387153E-002
4.0000000000000001E-002	-1.7112216920657786E-002
4.4999999999999998E-002	-1.6824687596487142E-002
4.9999999999999996E-002	-1.6497448697528339E-002
5.4999999999999993E-002	-1.6160720404762019E-002
5.9999999999999991E-002	-1.5777093980762102E-002
6.4999999999999988E-002	-1.5392273999849770E-002
6.9999999999999993E-002	-1.4981633661408145E-002
7.4999999999999997E-002	-1.4552321414020852E-002
8.0000000000000002E-002	-1.4107164341801148E-002
8.5000000000000006E-002	-1.3648481111856015E-002
9.0000000000000011E-002	-1.3178742083970296E-002
9.5000000000000015E-002	-1.2699846155650785E-002
1.0000000000000002E-001	-1.2213923667023674E-002
1.0500000000000002E-001	-1.1722981463122450E-002
1.1000000000000003E-001	-1.1219929729901712E-002
1.1500000000000003E-001	-1.0724655916802051E-002
1.2000000000000004E-001	-1.0228367325606280E-002
1.2500000000000003E-001	-9.7423938474043847E-003
1.3000000000000003E-001	-9.2449242410164167E-003
1.3500000000000004E-001	-8.7652081212504784E-003
1.4000000000000004E-001	-8.2874845766728322E-003
1.4500000000000005E-001	-7.8176531614106981E-003
1.5000000000000005E-001	-7.3555960277249532E-003
1.5500000000000005E-001	-6.9075066347974445E-003
1.6000000000000006E-001	-6.4688738449265593E-003
1.6500000000000006E-001	-6.0494027930522165E-003
1.7000000000000007E-001	-5.6422994336876586E-003
1.7500000000000007E-001	-5.2509462963974407E-003
1.8000000000000008E-001	-4.8770125849768586E-003
1.8500000000000008E-001	-4.5312244967770088E-003
1.9000000000000009E-001	-4.1901531140483561E-003
1.9500000000000009E-001	-3.8916277723390902E-003
2.0000000000000009E-001	-3.5961688118782975E-003
2.0500000000000010E-001	-3.3110780788795369E-003
2.1000000000000010E-001	-3.0418699752576828E-003
2.1500000000000011E-001	-2.7901896999530384E-003
2.2000000000000011E-001	-2.5557366397109815E-003
2.2500000000000012E-001	-2.3382095314016249E-003
2.3000000000000012E-001	-2.1377875200221386E-003
2.3500000000000013E-001	-1.9544020085368041E-003
2.4000000000000013E-001	-1.7875239816939059E-003
2.4500000000000013E-001	-1.6283494933738707E-003
2.5000000000000011E-001	-1.4946623220140065E-003
2.5500000000000012E-001	-1.3822981591088412E-003
2.6000000000000012E-001	-1.2919787986138687E-003
2.6500000000000012E-001	-1.2220817453144628E-003
2.7000000000000013E-001	-1.1612655450562448E-003
2.7500000000000013E-001	-1.1152199866845125E-003
2.8000000000000014E-001	-1.0994516112223796E-003
2.8500000000000014E-001	-1.1252165466593134E-003
2.9000000000000015E-001	-1.1424787028788685E-003
2.9500000000000015E-001	-1.1536972321126715E-003
3.0000000000000016E-001	-1.1925175094860130E-003
3.0500000000000016E-001	-1.2478733261523933E-003
3.1000000000000016E-001	-1.3072183315752106E-003
3.1500000000000017E-001	-1.3787624836011370E-003
3.2000000000000017E-001	-1.4603327547655365E-003
3.2500000000000018E-001	-1.5497837826660144E-003
3.3000000000000018E-001	-1.6584365974012805E-003
3.3500000000000019E-001	-1.7717134012182889E-003
3.4000000000000019E-001	-1.8962002737691330E-003
3.4500000000000020E-001	-2.0265671547383679E-003
3.5000000000000020E-001	-2.1693399086235576E-003
3.5500000000000020E-001	-2.3088994361274429E-003
3.6000000000000021E-001	-2.4522791464978155E-003
3.6500000000000021E-001	-2.5987775529311419E-003
3.7000000000000022E-001	-2.7464807162728144E-003
3.7500000000000022E-001	-2.8941346888461394E-003
3.8000000000000023E-001	-3.0405693806196954E-003
3.8500000000000023E-001	-3.1846758544181730E-003
3.9000000000000024E-001	-3.3020439437014826E-003
3.9500000000000024E-001	-3.4514320807240706E-003
4.0000000000000024E-001	-3.5839107704469519E-003
4.0500000000000025E-001	-3.7091845089270992E-003
4.1000000000000025E-001	-3.7987903623999397E-003
4.1500000000000026E-001	-3.9021525497340281E-003
4.2000000000000026E-001	-4.0214644755317552E-003
4.2500000000000027E-001	-4.1167884315744807E-003
4.3000000000000027E-001	-4.2007117475908462E-003
4.3500000000000028E-001	-4.2743741225469423E-003
4.4000000000000028E-001	-4.3377207851984512E-003
4.4500000000000028E-001	-4.3906027198267195E-003
4.5000000000000029E-001	-4.4329575583432757E-003
4.5500000000000029E-001	-4.4647033085147836E-003
4.6000000000000030E-001	-4.4858291786029625E-003
4.6500000000000030E-001	-4.4964363611863511E-003
4.7000000000000031E-001	-4.4966896382564459E-003
4.7500000000000031E-001	-4.4868304828237227E-003
4.8000000000000032E-001	-4.4672961417459023E-003
4.8500000000000032E-001	-4.4384852863195157E-003
4.9000000000000032E-001	-4.4008084319270280E-003
4.9500000000000033E-001	-4.3547230355657218E-003
5.0000000000000033E-001	-4.3006857931014997E-003
5.0500000000000034E-001	-4.2390060570800525E-003
5.1000000000000034E-001	-4.1703600282523290E-003
5.1500000000000035E-001	-4.0335490764183968E-003
5.2000000000000035E-001	-3.9781633283727524E-003
5.2500000000000036E-001	-3.9007365666005045E-003
5.3000000000000036E-001	-3.7846408992820990E-003
5.3500000000000036E-001	-3.7127264772458535E-003
5.4000000000000037E-001	-3.6226858517460769E-003
5.4500000000000037E-001	-3.5269647264025705E-003
5.5000000000000038E-001	-3.4277235425861363E-003
5.5500000000000038E-001	-3.3261005545390798E-003
5.6000000000000039E-001	-3.2229663974117084E-003
5.6500000000000039E-001	-3.1076731214001452E-003
5.7000000000000040E-001	-3.0050167965687269E-003
5.7500000000000040E-001	-2.9117591551487410E-003
5.8000000000000040E-001	-2.8111004152071573E-003
5.8500000000000041E-001	-2.7106000571213151E-003
5.9000000000000041E-001	-2.6113476537156233E-003
5.9500000000000042E-001	-2.5139931473401322E-003
6.0000000000000042E-001	-2.4192333786783315E-003
6.0500000000000043E-001	-2.3272276254466817E-003
6.1000000000000043E-001	-2.2382384667315458E-003
6.1500000000000044E-001	-2.1524397298904319E-003
6.2000000000000044E-001	-2.0699747917074518E-003
6.2500000000000044E-001	-1.9802104466641879E-003
6.3000000000000045E-001	-1.9097312568291391E-003
6.3500000000000045E-001	-1.8379328409510176E-003
6.4000000000000046E-001	-1.7541425152859391E-003
6.4500000000000046E-001	-1.6892889871027439E-003
6.5000000000000047E-001	-1.6266810202876236E-003
6.5500000000000047E-001	-1.5679203948267828E-003
6.6000000000000048E-001	-1.5132934213523130E-003
6.6500000000000048E-001	-1.4626351002434701E-003
6.7000000000000048E-001	-1.4154668864422293E-003
6.7500000000000049E-001	-1.3747827299234183E-003
6.8000000000000049E-001	-1.3390976335471150E-003
6.8500000000000050E-001	-1.3044359866910549E-003
6.9000000000000050E-001	-1.2741046179688409E-003
6.9500000000000051E-001	-1.2482951392180919E-003
7.0000000000000051E-001	-1.2055247978843830E-003
7.0500000000000052E-001	-1.1895529798363613E-003
7.1000000000000052E-001	-1.1846923312978097E-003
7.1500000000000052E-001	-1.1749037623065561E-003
7.2000000000000053E-001	-1.1600738741608385E-003
7.2500000000000053E-001	-1.1565361349039627E-003
7.3000000000000054E-001	-1.1487734142875405E-003
7.3500000000000054E-001	-1.1468846299125257E-003
7.4000000000000055E-001	-1.1452186138974918E-003
7.4500000000000055E-001	-1.1456882603932961E-003
7.5000000000000056E-001	-1.1483709204417325E-003
7.5500000000000056E-001	-1.1528577824373443E-003
7.6000000000000056E-001	-1.1587743407059925E-003
7.6500000000000057E-001	-1.1657266073779038E-003
7.7000000000000057E-001	-1.1733977080329305E-003
7.7500000000000058E-001	-1.1816833822853035E-003
7.8000000000000058E-001	-1.1903616378167170E-003
7.8500000000000059E-001	-1.2088612889238348E-003
7.9000000000000059E-001	-1.2116526062807553E-003
7.9500000000000060E-001	-1.2294361322771064E-003
8.0000000000000060E-001	-1.2307859384131925E-003
8.0500000000000060E-001	-1.2356824001635847E-003
8.1000000000000061E-001	-1.2413603581153954E-003
8.1500000000000061E-001	-1.2470730533059582E-003
8.2000000000000062E-001	-1.2523175390838359E-003
8.2500000000000062E-001	-1.2566589874829504E-003
8.3000000000000063E-001	-1.2599866872716747E-003
8.3500000000000063E-001	-1.2620153971519832E-003
8.4000000000000064E-001	-1.2626964022766085E-003
8.4500000000000064E-001	-1.2619162693366937E-003
8.5000000000000064E-001	-1.2595847052910836E-003
8.5500000000000065E-001	-1.2556316478393725E-003
8.6000000000000065E-001	-1.2500184871599984E-003
8.6500000000000066E-001	-1.2427181299156098E-003
8.7000000000000066E-001	-1.2337122558557789E-003
8.7500000000000067E-001	-1.2229967448796897E-003
8.8000000000000067E-001	-1.2105722341447800E-003
8.8500000000000068E-001	-1.1964500619483509E-003
8.9000000000000068E-001	-1.1806521551614990E-003
8.9500000000000068E-001	-1.1632094117145497E-003
9.0000000000000069E-001	-1.1441653733929025E-003
9.0500000000000069E-001	-1.1235286657004240E-003
9.1000000000000070E-001	-1.1014086229250708E-003
9.1500000000000070E-001	-1.0778802928863573E-003
9.2000000000000071E-001	-1.0530421984801253E-003
9.2500000000000071E-001	-1.0269791047965438E-003
9.3000000000000071E-001	-9.9977939411677319E-004
9.3500000000000072E-001	-9.7153839165498024E-004
9.4000000000000072E-001	-9.4236076879472552E-004
9.4500000000000073E-001	-9.1232342540603639E-004
9.5000000000000073E-001	-8.8156170106035159E-004
9.5500000000000074E-001	-8.5018873658837535E-004
9.6000000000000074E-001	-8.1831904812490475E-004
9.6500000000000075E-001	-7.8606578602880006E-004
9.7000000000000075E-001	-7.5357582493040809E-004
9.7500000000000075E-001	-7.5199363223266147E-004
9.8000000000000076E-001	-7.1503868743116872E-004
9.8500000000000076E-001	-6.7475753911983016E-004
9.9000000000000077E-001	-6.3832705576838400E-004
9.9500000000000077E-001	-6.0346694458657257E-004
1.0000000000000007E+000	-5.6975260990876908E-004
1.0050000000000006E+000	-5.5203156078231785E-004
1.0100000000000005E+000	-5.1267081707295770E-004
1.0150000000000003E+000	-4.7915700882483758E-004
1.0200000000000002E+000	-4.4748681315975869E-004
1.0250000000000001E+000	-4.1723720853337198E-004
1.0300000000000000E+000	-3.8827119300499646E-004
1.0349999999999999E+000	-3.6062045955631561E-004
1.0399999999999998E+000	-3.3442921087500910E-004
1.0449999999999997E+000	-3.0969667658453659E-004
1.0499999999999996E+000	-2.8614480259647745E-004
1.0549999999999995E+000	-2.7901721683687430E-004
1.0599999999999994E+000	-2.5106130307062102E-004
1.0649999999999993E+000	-2.2867996813447089E-004
1.0699999999999992E+000	-2.0844490615135047E-004
1.0749999999999991E+000	-1.8988687977927743E-004
1.0799999999999990E+000	-1.7282375180482923E-004
1.0849999999999989E+000	-1.5717544216309332E-004
1.0899999999999987E+000	-1.4286791807782695E-004
1.0949999999999986E+000	-1.2984377564295713E-004
1.0999999999999985E+000	-1.1805974383849449E-004
1.1049999999999984E+000	-1.0748067569632536E-004
1.1099999999999983E+000	-9.8079981649124015E-005
1.1149999999999982E+000	-8.9827976321621428E-005
1.1199999999999981E+000	-8.2692432639808189E-005
1.1249999999999980E+000	-7.6639096513231308E-005
1.1299999999999979E+000	-7.1630625415819438E-005
1.1349999999999978E+000	-6.7629109771982776E-005
1.1399999999999977E+000	-6.4594468383027959E-005
1.1449999999999976E+000	-6.2484125528561307E-005
1.1499999999999975E+000	-6.1254450803960303E-005
1.1549999999999974E+000	-6.0868700254679275E-005
1.1599999999999973E+000	-7.7780724046183636E-005
1.1649999999999971E+000	-8.1462771861051664E-005
1.1699999999999970E+000	-8.1214618120162285E-005
1.1749999999999969E+000	-1.0569691801420866E-004
1.1799999999999968E+000	-1.1347167270026048E-004
1.1849999999999967E+000	-1.1827121840690680E-004
1.1899999999999966E+000	-1.2253732966072128E-004
1.1949999999999965E+000	-1.2702423024424370E-004
1.1999999999999964E+000	-1.3186777279250439E-004
1.2049999999999963E+000	-1.3704759581167902E-004
1.2099999999999962E+000	-1.4252614633680771E-004
1.2149999999999961E+000	-1.4825535432183568E-004
1.2199999999999960E+000	-1.5418795399735341E-004
1.2249999999999959E+000	-1.6028309831539467E-004
1.2299999999999958E+000	-1.6650339419765903E-004
1.2349999999999957E+000	-1.6250784406512953E-004
1.2399999999999956E+000	-1.7513189420048647E-004
1.2449999999999954E+000	-1.8316582401955994E-004
1.2499999999999953E+000	-1.9001593524126115E-004
1.2549999999999952E+000	-1.9652756407428917E-004
1.2599999999999951E+000	-2.0285962867061524E-004
1.2649999999999950E+000	-2.0901943174667093E-004
1.2699999999999949E+000	-2.0117254884255420E-004
1.2749999999999948E+000	-2.0590043413715176E-004
1.2799999999999947E+000	-2.1857406947067837E-004
1.2849999999999946E+000	-2.2605381574258843E-004
1.2899999999999945E+000	-2.3197831498633636E-004
1.2949999999999944E+000	-2.3717255829436290E-004
1.2999999999999943E+000	-2.4194125801746402E-004
1.3049999999999942E+000	-2.4639914993107581E-004
1.3099999999999941E+000	-2.5059066416865949E-004
1.3149999999999940E+000	-2.5453809234587954E-004
1.3199999999999938E+000	-2.5825371061560798E-004
1.3249999999999937E+000	-2.6175020088292644E-004
1.3299999999999936E+000	-2.6504144821892783E-004
1.3349999999999935E+000	-2.6814439978939397E-004
1.3399999999999934E+000	-2.7107446077556663E-004
1.3449999999999933E+000	-2.7384669164776110E-004
1.3499999999999932E+000	-2.7647679641196188E-004
1.3549999999999931E+000	-2.7898756529676216E-004
1.3599999999999930E+000	-2.8145061057083254E-004
1.3649999999999929E+000	-2.6204550943675908E-004
1.3699999999999928E+000	-2.7548725171988586E-004
1.3749999999999927E+000	-2.8195603575575934E-004
1.3799999999999926E+000	-2.8635089413941994E-004
1.3849999999999925E+000	-2.8377038349303163E-004
1.3899999999999924E+000	-3.0153396724774684E-004
1.3949999999999922E+000	-3.0949742447006212E-004
1.3999999999999921E+000	-3.1445001629504254E-004
1.4049999999999920E+000	-3.1839342523953817E-004
1.4099999999999919E+000	-3.2189229611168102E-004
1.4149999999999918E+000	-2.8929728124860166E-004
1.4199999999999917E+000	-2.8897631402413637E-004
1.4249999999999916E+000	-2.9986536832593558E-004
1.4299999999999915E+000	-3.0633040921534960E-004
1.4349999999999914E+000	-2.9641038703831502E-004
1.4399999999999913E+000	-2.9619741673558853E-004
1.4449999999999912E+000	-3.0612473705993182E-004
1.4499999999999911E+000	-3.1232380942070037E-004
1.4549999999999910E+000	-3.1733754933416236E-004
1.4599999999999909E+000	-3.2205433027732155E-004
1.4649999999999908E+000	-3.2673679778383313E-004
1.4699999999999906E+000	-3.3149395662035452E-004
1.4749999999999905E+000	-3.3643404598227011E-004
1.4799999999999904E+000	-3.4151882741773054E-004
1.4849999999999903E+000	-3.4670901751521210E-004
1.4899999999999902E+000	-3.5206168802048854E-004
1.4949999999999901E+000	-3.5753260813498056E-004
1.4999999999999900E+000	-3.6316807495151426E-004
1.5049999999999899E+000	-3.6896784570417118E-004
1.5099999999999898E+000	-3.7492344157108448E-004
1.5149999999999897E+000	-3.8102407577178532E-004
1.5199999999999896E+000	-3.8725798669037026E-004
1.5249999999999895E+000	-3.9356373665755395E-004
1.5299999999999894E+000	-3.9997567719329830E-004
1.5349999999999893E+000	-4.0643373988424880E-004
1.5399999999999892E+000	-4.1296794654022140E-004
1.5449999999999890E+000	-4.1956240020157853E-004
1.5499999999999889E+000	-4.2611880220388976E-004
1.5549999999999888E+000	-4.3269818516511460E-004
1.5599999999999887E+000	-4.3928136126680783E-004
1.5649999999999886E+000	-4.4584553268678384E-004
1.5699999999999885E+000	-4.5237037819390036E-004
1.5749999999999884E+000	-4.5883672192459368E-004
1.5799999999999883E+000	-4.6518070561019087E-004
1.5849999999999882E+000	-4.7143367446456086E-004
1.5899999999999881E+000	-4.7757336081422075E-004
1.5949999999999880E+000	-4.8360610480013833E-004
1.5999999999999879E+000	-4.8948936004822308E-004
1.6049999999999878E+000	-4.9520519331736068E-004
1.6099999999999877E+000	-5.0074088509022285E-004
1.6149999999999876E+000	-5.0608385988637483E-004
1.6199999999999875E+000	-5.1121930564235196E-004
1.6249999999999873E+000	-5.1613527116833868E-004
1.6299999999999872E+000	-5.2082194490910005E-004
1.6349999999999871E+000	-5.2526740538283434E-004
1.6399999999999870E+000	-5.2946192901903721E-004
1.6449999999999869E+000	-5.3339765720528121E-004
1.6499999999999868E+000	-5.3704763181305903E-004
1.6549999999999867E+000	-5.4042438015811101E-004
1.6599999999999866E+000	-5.4352121365919270E-004
1.6649999999999865E+000	-5.4634428363575793E-004
1.6699999999999864E+000	-5.4885556800943203E-004
1.6749999999999863E+000	-5.5107645761243162E-004
1.6799999999999862E+000	-5.5300960754756101E-004
1.6849999999999861E+000	-5.5465578514457547E-004
1.6899999999999860E+000	-5.5601596890431093E-004
1.6949999999999859E+000	-5.5709273301907114E-004
1.6999999999999857E+000	-5.5789088250868257E-004
1.7049999999999856E+000	-5.5841457558825081E-004
1.7099999999999855E+000	-5.5867068865333991E-004
1.7149999999999854E+000	-5.5866639446022770E-004
1.7199999999999853E+000	-5.5840592575306935E-004
1.7249999999999852E+000	-5.5789459585875445E-004
1.7299999999999851E+000	-5.5714060853917502E-004
1.7349999999999850E+000	-5.5615031885525301E-004
1.7399999999999849E+000	-5.5492963319225819E-004
1.7449999999999848E+000	-5.5348723955506163E-004
1.7499999999999847E+000	-5.5182988084778728E-004
1.7549999999999846E+000	-5.4996773095183915E-004
1.7599999999999845E+000	-5.4790857225495149E-004
1.7649999999999844E+000	-5.4563662976681027E-004
1.7699999999999843E+000	-5.4318411395171129E-004
1.7749999999999841E+000	-5.4055938132790970E-004
1.7799999999999840E+000	-5.3776854503051474E-004
1.7849999999999839E+000	-5.3482004550897688E-004
1.7899999999999838E+000	-5.3172149084701470E-004
1.7949999999999837E+000	-5.2848037464425790E-004
1.7999999999999836E+000	-5.2510247981041314E-004
1.8049999999999835E+000	-5.2159563328302294E-004
1.8099999999999834E+000	-5.1796815528892814E-004
1.8149999999999833E+000	-5.1422757836894206E-004
1.8199999999999832E+000	-5.1037979530599298E-004
1.8249999999999831E+000	-5.0643103293168679E-004
1.8299999999999830E+000	-5.0238640560218428E-004
1.8349999999999829E+000	-4.9825164232797370E-004
1.8399999999999828E+000	-4.9402594317438098E-004
1.8449999999999827E+000	-4.8971622321380970E-004
1.8499999999999825E+000	-4.8532930383105022E-004
1.8549999999999824E+000	-4.8087977846100749E-004
1.8599999999999823E+000	-4.7635251719668759E-004
1.8649999999999822E+000	-4.7175024661161302E-004
1.8699999999999821E+000	-4.6707866074580107E-004
1.8749999999999820E+000	-4.6234121825994290E-004
1.8799999999999819E+000	-4.5756515414996368E-004
1.8849999999999818E+000	-4.5272572251897625E-004
1.8899999999999817E+000	-4.4787025934267533E-004
1.8949999999999816E+000	-4.4303701467940382E-004
1.8999999999999815E+000	-4.3816398880847096E-004
1.9049999999999814E+000	-4.3322810381762888E-004
1.9099999999999813E+000	-4.2823564185345830E-004
1.9149999999999812E+000	-4.2318550944819844E-004
1.9199999999999811E+000	-4.1808121279773847E-004
1.9249999999999809E+000	-4.1297302122134116E-004
1.9299999999999808E+000	-4.0781093705655191E-004
1.9349999999999807E+000	-4.0259161369304852E-004
1.9399999999999806E+000	-3.9731927762509667E-004
1.9449999999999805E+000	-3.9199859936045467E-004
1.9499999999999804E+000	-3.8662990919924312E-004
1.9549999999999803E+000	-3.8121455162432039E-004
1.9599999999999802E+000	-3.7575448799120892E-004
1.9649999999999801E+000	-3.7025391083522763E-004
1.9699999999999800E+000	-3.6471327118903218E-004
1.9749999999999799E+000	-3.5918848911986601E-004
1.9799999999999798E+000	-3.5362866676280635E-004
1.9849999999999797E+000	-3.4803307305053544E-004
1.9899999999999796E+000	-3.4240711212796260E-004
1.9949999999999795E+000	-3.3675392299337137E-004
1.9999999999999793E+000	-3.3107669832177500E-004
2.0049999999999795E+000	-3.2538060521081213E-004
2.0099999999999794E+000	-3.1966835698504781E-004
2.0149999999999793E+000	-3.1394111751148479E-004
2.0199999999999791E+000	-3.0827963890556198E-004
2.0249999999999790E+000	-3.0261234667305903E-004
2.0299999999999789E+000	-2.9694019454140630E-004
2.0349999999999788E+000	-2.9126976779314528E-004
2.0399999999999787E+000	-2.8560536118249491E-004
2.0449999999999786E+000	-2.7995162580174426E-004
2.0499999999999785E+000	-2.7431298777602642E-004
2.0549999999999784E+000	-2.6869455958322686E-004
2.0599999999999783E+000	-2.6310271830320975E-004
2.0649999999999782E+000	-2.5754196288385600E-004
2.0699999999999781E+000	-2.5201468002189475E-004
2.0749999999999780E+000	-2.4652639191014014E-004
2.0799999999999779E+000	-2.4108208331707903E-004
2.0849999999999778E+000	-2.3568907517290683E-004
2.0849999999999778E+000	-2.3444704818065265E-004
2.0899999999999777E+000	-2.2399216592150495E-004
2.0949999999999775E+000	-2.1530058169894062E-004
2.0999999999999774E+000	-2.1005812868435392E-004
2.1049999999999773E+000	-2.0481758389867544E-004
2.1099999999999772E+000	-1.9962678944018819E-004
2.1149999999999771E+000	-2.0137999085168001E-004
2.1199999999999770E+000	-1.9367491367283662E-004
2.1249999999999769E+000	-1.8831481544034911E-004
2.1299999999999768E+000	-1.8346721691808732E-004
2.1349999999999767E+000	-1.7892670281005607E-004
2.1399999999999766E+000	-1.7844379342313310E-004
2.1449999999999765E+000	-1.7079546518716793E-004
2.1499999999999764E+000	-1.6623878469446129E-004
2.1549999999999763E+000	-1.6216784944500517E-004
2.1599999999999762E+000	-1.5836857276374516E-004
2.1649999999999761E+000	-1.5474499246326268E-004
2.1699999999999759E+000	-1.5126138610355166E-004
2.1749999999999758E+000	-1.4790125371322294E-004
2.1799999999999757E+000	-1.4465800501584081E-004
2.1849999999999756E+000	-1.4153081984635829E-004
2.1899999999999755E+000	-1.3849780860608618E-004
2.1949999999999754E+000	-1.3558972582672357E-004
2.1999999999999753E+000	-1.3409080459969580E-004
2.2049999999999752E+000	-1.3175228458894850E-004
2.2099999999999751E+000	-1.2432837961617871E-004
2.2149999999999750E+000	-1.2175298207539598E-004
2.2199999999999749E+000	-1.1975170645206479E-004
2.2249999999999748E+000	-1.1794244113816355E-004
2.2299999999999747E+000	-1.1625353649380443E-004
2.2349999999999746E+000	-1.1467412396592991E-004
2.2399999999999745E+000	-1.1320293870731302E-004
2.2449999999999743E+000	-1.1183846567386357E-004
2.2499999999999742E+000	-1.1058248775019930E-004
2.2549999999999741E+000	-1.0943843501776129E-004
2.2599999999999740E+000	-1.0840995667693587E-004
2.2649999999999739E+000	-1.0750205383336375E-004
2.2699999999999738E+000	-1.0671663971062451E-004
2.2749999999999737E+000	-1.0605442040501067E-004
2.2799999999999736E+000	-1.0551596025853982E-004
2.2849999999999735E+000	-1.0510660286910944E-004
2.2899999999999734E+000	-1.0482233863506885E-004
2.2949999999999733E+000	-1.0466300454059496E-004
2.2999999999999732E+000	-1.0462611290651402E-004
2.3049999999999731E+000	-1.0470991594879742E-004
2.3099999999999730E+000	-1.0491144692981180E-004
2.3149999999999729E+000	-1.0523011443064334E-004
2.3199999999999728E+000	-1.0566408142820283E-004
2.3249999999999726E+000	-1.0621144839062513E-004
2.3299999999999725E+000	-1.0686749451094268E-004
2.3349999999999724E+000	-1.0763047589590347E-004
2.3399999999999723E+000	-1.0852760612101164E-004
2.3449999999999722E+000	-1.0954827370224240E-004
2.3499999999999721E+000	-1.1067645126550119E-004
2.3549999999999720E+000	-1.1189831249858173E-004
2.3599999999999719E+000	-1.1320797472214039E-004
2.3649999999999718E+000	-1.1462805699857803E-004
2.3699999999999717E+000	-1.1615274589615865E-004
2.3749999999999716E+000	-1.1780208918055202E-004
2.3799999999999715E+000	-1.1952384241920022E-004
2.3849999999999714E+000	-1.2131700480222385E-004
2.3899999999999713E+000	-1.2318234956476548E-004
2.3949999999999712E+000	-1.2511675476190032E-004
2.3999999999999710E+000	-1.2711879768312340E-004
2.4049999999999709E+000	-1.2918730544742019E-004
2.4099999999999708E+000	-1.3131990494608115E-004
2.4149999999999707E+000	-1.3351316255494350E-004
2.4199999999999706E+000	-1.3576345177290783E-004
2.4249999999999705E+000	-1.3806841264241143E-004
2.4299999999999704E+000	-1.4042277272308112E-004
2.4349999999999703E+000	-1.4282950959709773E-004
2.4399999999999702E+000	-1.4528546696201960E-004
2.4449999999999701E+000	-1.4778759095268601E-004
2.4499999999999700E+000	-1.5033359186211737E-004
2.4549999999999699E+000	-1.5292024239876856E-004
2.4599999999999698E+000	-1.5554660966765610E-004
2.4649999999999697E+000	-1.5821120266412692E-004
2.4699999999999696E+000	-1.6091101754578396E-004
2.4749999999999694E+000	-1.6364333744167681E-004
2.4799999999999693E+000	-1.6640628487230025E-004
2.4849999999999692E+000	-1.6919796850189961E-004
2.4899999999999691E+000	-1.7201609527772721E-004
2.4949999999999690E+000	-1.7485905646097422E-004
2.4999999999999689E+000	-1.7772591609477306E-004
2.5049999999999688E+000	-1.8061414243608631E-004
2.5099999999999687E+000	-1.8352129607579482E-004
2.5149999999999686E+000	-1.8644580287363599E-004
2.5199999999999685E+000	-1.8938596787754225E-004
2.5249999999999684E+000	-1.9233951312980224E-004
2.5299999999999683E+000	-1.9530630272279748E-004
2.5349999999999682E+000	-1.9828332986560060E-004
2.5399999999999681E+000	-2.0126835947142929E-004
2.5449999999999680E+000	-2.0425983628480360E-004
2.5499999999999678E+000	-2.0725564898216309E-004
2.5549999999999677E+000	-2.1025427147103315E-004
2.5599999999999676E+000	-2.1325519970094575E-004
2.5649999999999675E+000	-2.1625550609027933E-004
2.5699999999999674E+000	-2.1925285446144915E-004
2.5749999999999673E+000	-2.2224587840902199E-004
2.5799999999999672E+000	-2.2523299130405849E-004
2.5849999999999671E+000	-2.2821242261339414E-004
2.5899999999999670E+000	-2.3118202391059217E-004
2.5949999999999669E+000	-2.3414185021986000E-004
2.5999999999999668E+000	-2.3708899450292087E-004
2.6049999999999667E+000	-2.4002127635058823E-004
2.6099999999999666E+000	-2.4293727547697319E-004
2.6149999999999665E+000	-2.4583506042330505E-004
2.6199999999999664E+000	-2.4871470271226048E-004
2.6249999999999662E+000	-2.5157321222946116E-004
2.6299999999999661E+000	-2.5440755856609432E-004
2.6349999999999660E+000	-2.5721510190035435E-004
2.6399999999999659E+000	-2.5999585239910861E-004
2.6449999999999658E+000	-2.6274921419611186E-004
2.6499999999999657E+000	-2.6547341033189564E-004
2.6549999999999656E+000	-2.6816667209572653E-004
2.6599999999999655E+000	-2.7082670279687804E-004
2.6649999999999654E+000	-2.7345198533945680E-004
2.6699999999999653E+000	-2.7604092542876657E-004
2.6749999999999652E+000	-2.7859107829031338E-004
2.6799999999999651E+000	-2.8110286770333115E-004
2.6849999999999650E+000	-2.8357330696737737E-004
2.6899999999999649E+000	-2.8600051295679663E-004
2.6949999999999648E+000	-2.8838317439539018E-004
2.6999999999999647E+000	-2.9071978243977448E-004
2.7049999999999645E+000	-2.9300866776305057E-004
2.7099999999999644E+000	-2.9525029606203290E-004
2.7149999999999643E+000	-2.9744229592465476E-004
2.7199999999999642E+000	-2.9958284646491862E-004
2.7249999999999641E+000	-3.0167081278686947E-004
2.7299999999999640E+000	-3.0370512469224398E-004
2.7349999999999639E+000	-3.0568460822455457E-004
2.7399999999999638E+000	-3.0760794904916011E-004
2.7449999999999637E+000	-3.0947428661198817E-004
2.7499999999999636E+000	-3.1128233241595193E-004
2.7549999999999635E+000	-3.1303097168577931E-004
2.7599999999999634E+000	-3.1471904380742100E-004
2.7649999999999633E+000	-3.1634562757865137E-004
2.7699999999999632E+000	-3.1793340165586770E-004
2.7749999999999631E+000	-3.1946148367600902E-004
2.7799999999999629E+000	-3.2092589770893465E-004
2.7849999999999628E+000	-3.2232531632914174E-004
2.7899999999999627E+000	-3.2365935853262418E-004
2.7949999999999626E+000	-3.2492737984590736E-004
2.7999999999999625E+000	-3.2612868748926882E-004
2.8049999999999624E+000	-3.2726261014148772E-004
2.8099999999999623E+000	-3.2832850427400029E-004
2.8149999999999622E+000	-3.2932569416510571E-004
2.8199999999999621E+000	-3.3025353761206855E-004
2.8249999999999620E+000	-3.3111290841336682E-004
2.8299999999999619E+000	-3.3190237959734858E-004
2.8349999999999618E+000	-3.3262220140439780E-004
2.8399999999999617E+000	-3.3327248521231034E-004
2.8449999999999616E+000	-3.3385260365059732E-004
2.8499999999999615E+000	-3.3436166574918325E-004
2.8549999999999613E+000	-3.3479804363301113E-004
2.8599999999999612E+000	-3.3516423865886935E-004
2.8649999999999611E+000	-3.3545902784670734E-004
2.8699999999999610E+000	-3.3568217855106663E-004
2.8749999999999609E+000	-3.3583200874442998E-004
2.8799999999999608E+000	-3.3591176813663193E-004
2.8849999999999607E+000	-3.3591817491374076E-004
2.8899999999999606E+000	-3.3585047213879893E-004
2.8949999999999605E+000	-3.3571008903843236E-004
2.8999999999999604E+000	-3.3549745598571157E-004
2.9049999999999603E+000	-3.3521307418116209E-004
2.9099999999999602E+000	-3.3485758252260744E-004
2.9149999999999601E+000	-3.3443161715474012E-004
2.9199999999999600E+000	-3.3393582914809095E-004
2.9249999999999599E+000	-3.3337210083983493E-004
2.9299999999999597E+000	-3.3273883062823195E-004
2.9349999999999596E+000	-3.3203913635115878E-004
2.9399999999999595E+000	-3.3127159450674348E-004
2.9449999999999594E+000	-3.3043936804821872E-004
2.9499999999999593E+000	-3.2954113012539921E-004
2.9549999999999592E+000	-3.2858013436176670E-004
2.9599999999999591E+000	-3.2755630989933504E-004
2.9649999999999590E+000	-3.2646946272651967E-004
2.9699999999999589E+000	-3.2531303147342872E-004
2.9749999999999588E+000	-3.2407772559783776E-004
2.9799999999999587E+000	-3.2277345634068588E-004
2.9849999999999586E+000	-3.2140474515462980E-004
2.9899999999999585E+000	-3.1996898952491026E-004
2.9949999999999584E+000	-3.1847592873657238E-004
2.9999999999999583E+000	-3.1692677500949618E-004
3.0049999999999581E+000	-3.1532461257921529E-004
3.0099999999999580E+000	-3.1367162147999395E-004
3.0149999999999579E+000	-3.1196805666555694E-004
3.0199999999999578E+000	-3.1021761206029286E-004
3.0249999999999577E+000	-3.0842053130464286E-004
3.0299999999999576E+000	-3.0657692017088678E-004
3.0349999999999575E+000	-3.0468943757289146E-004
3.0399999999999574E+000	-3.0276079642088671E-004
3.0449999999999573E+000	-3.0079123917903239E-004
3.0499999999999572E+000	-2.9878217255818740E-004
3.0549999999999571E+000	-2.9673394262719199E-004
3.0599999999999570E+000	-2.9464922529476301E-004
3.0649999999999569E+000	-2.9253083964020377E-004
3.0699999999999568E+000	-2.9037787812269400E-004
3.0749999999999567E+000	-2.8819419716874517E-004
3.0799999999999566E+000	-2.8597905584315519E-004
3.0849999999999564E+000	-2.8373408861337435E-004
3.0899999999999563E+000	-2.8145977786186993E-004
3.0949999999999562E+000	-2.7915903206010562E-004
3.0999999999999561E+000	-2.7683397164990353E-004
3.1049999999999560E+000	-2.7448634645510506E-004
3.1099999999999559E+000	-2.7211782751923597E-004
3.1149999999999558E+000	-2.6973005286967666E-004
3.1199999999999557E+000	-2.6732464588230531E-004
3.1249999999999556E+000	-2.6490322946681744E-004
3.1299999999999555E+000	-2.6246742530511291E-004
3.1349999999999554E+000	-2.6001885149440351E-004
3.1399999999999553E+000	-2.5755912480462939E-004
3.1449999999999552E+000	-2.5508986335542883E-004
3.1499999999999551E+000	-2.5261268701504136E-004
3.1549999999999550E+000	-2.5012921603195792E-004
3.1599999999999548E+000	-2.4764106921726370E-004
3.1649999999999547E+000	-2.4514986222823332E-004
3.1699999999999546E+000	-2.4265720608129815E-004
3.1749999999999545E+000	-2.4016470578291926E-004
3.1799999999999544E+000	-2.3767395913720790E-004
3.1849999999999543E+000	-2.3518655571486136E-004
3.1899999999999542E+000	-2.3270407597053566E-004
3.1949999999999541E+000	-2.3022808982597898E-004
3.1999999999999540E+000	-2.2775884420633830E-004
3.2049999999999539E+000	-2.2529919380220864E-004
3.2099999999999538E+000	-2.2285207700123433E-004
3.2149999999999537E+000	-2.2041767212432894E-004
3.2199999999999536E+000	-2.1799737774741423E-004
3.2249999999999535E+000	-2.1559272775550919E-004
3.2299999999999534E+000	-2.1320522395185115E-004
3.2349999999999532E+000	-2.1083500320306925E-004
3.2399999999999531E+000	-2.0848472500778481E-004
3.2449999999999530E+000	-2.0615733586804019E-004
3.2499999999999529E+000	-2.0385283606061400E-004
3.2549999999999528E+000	-2.0157243276130998E-004
3.2599999999999527E+000	-1.9931600185196796E-004
3.2649999999999526E+000	-1.9708785722960531E-004
3.2699999999999525E+000	-1.9488806026157768E-004
3.2749999999999524E+000	-1.9271769482631651E-004
3.2799999999999523E+000	-1.9057839331504400E-004
3.2849999999999522E+000	-1.8847140435418464E-004
3.2899999999999521E+000	-1.8639776695961174E-004
3.2949999999999520E+000	-1.8435862882781873E-004
3.2999999999999519E+000	-1.8235513305397966E-004
3.3049999999999518E+000	-1.8038847828349969E-004
3.3099999999999516E+000	-1.7845981134945177E-004
3.3149999999999515E+000	-1.7657025012751681E-004
3.3199999999999514E+000	-1.7472088578041056E-004
3.3249999999999513E+000	-1.7291278958930789E-004
3.3299999999999512E+000	-1.7114699310250003E-004
3.3349999999999511E+000	-1.6942449097945289E-004
3.3399999999999510E+000	-1.6774624247362091E-004
3.3449999999999509E+000	-1.6606694712251180E-004
3.3499999999999508E+000	-1.6443886066264124E-004
3.3549999999999507E+000	-1.6281106090687558E-004
3.3599999999999506E+000	-1.6123855434180268E-004
3.3649999999999505E+000	-1.5972125914487378E-004
3.3699999999999504E+000	-1.5825689986004310E-004
3.3749999999999503E+000	-1.5679805850432604E-004
3.3799999999999502E+000	-1.5538634161860188E-004
3.3849999999999500E+000	-1.5403263455981975E-004
3.3899999999999499E+000	-1.5273445566599264E-004
3.3949999999999498E+000	-1.5148375709828077E-004
3.3999999999999497E+000	-1.5029499087715337E-004
3.4049999999999496E+000	-1.4916154832733675E-004
3.4099999999999495E+000	-1.4808142182731743E-004
3.4149999999999494E+000	-1.4705460597808084E-004
3.4199999999999493E+000	-1.4607360079188503E-004
3.4249999999999492E+000	-1.4515201451426041E-004
3.4299999999999491E+000	-1.4428643719044398E-004
3.4349999999999490E+000	-1.4347486996146852E-004
3.4399999999999489E+000	-1.4271769322915517E-004
3.4449999999999488E+000	-1.4200834841726628E-004
3.4499999999999487E+000	-1.4136010100063157E-004
3.4549999999999486E+000	-1.4076416869268638E-004
3.4599999999999485E+000	-1.4022162429305762E-004
3.4649999999999483E+000	-1.3973279652612636E-004
3.4699999999999482E+000	-1.3929158031211752E-004
3.4749999999999481E+000	-1.3891185707293197E-004
3.4799999999999480E+000	-1.3858661921017923E-004
3.4849999999999479E+000	-1.3831329335289855E-004
3.4899999999999478E+000	-1.3808419882588296E-004
3.4949999999999477E+000	-1.3792270402290807E-004
3.4999999999999476E+000	-1.3779835920513239E-004
3.5049999999999475E+000	-1.3771177917187849E-004
3.5099999999999474E+000	-1.3767101646910973E-004
3.5149999999999473E+000	-1.3767988527169095E-004
3.5199999999999472E+000	-1.3773810466033432E-004
3.5249999999999471E+000	-1.3783646021214846E-004
3.5299999999999470E+000	-1.3798808513454386E-004
3.5349999999999469E+000	-1.3815214621359928E-004
3.5399999999999467E+000	-1.3836148283918881E-004
3.5449999999999466E+000	-1.3861664755876468E-004
3.5499999999999465E+000	-1.3890799152083133E-004
3.5549999999999464E+000	-1.3924901673889600E-004
3.5599999999999463E+000	-1.3963254590643182E-004
3.5649999999999462E+000	-1.4005537786676570E-004
3.5699999999999461E+000	-1.4051753072907847E-004
3.5749999999999460E+000	-1.4101884459427616E-004
3.5799999999999459E+000	-1.4155035106666602E-004
3.5849999999999458E+000	-1.4212737056473745E-004
3.5899999999999457E+000	-1.4274275368864053E-004
3.5949999999999456E+000	-1.4339312650857305E-004
3.5999999999999455E+000	-1.4407815797379264E-004
3.6049999999999454E+000	-1.4478878823609431E-004
3.6099999999999453E+000	-1.4554073596673156E-004
3.6149999999999451E+000	-1.4632635875144739E-004
3.6199999999999450E+000	-1.4714194155607263E-004
3.6249999999999449E+000	-1.4798388213033142E-004
3.6299999999999448E+000	-1.4885471146086626E-004
3.6349999999999447E+000	-1.4974616673424368E-004
3.6399999999999446E+000	-1.5067274380087259E-004
3.6449999999999445E+000	-1.5162644296218275E-004
3.6499999999999444E+000	-1.5260303960584753E-004
3.6549999999999443E+000	-1.5360174257839088E-004
3.6599999999999442E+000	-1.5462170233504491E-004
3.6649999999999441E+000	-1.5565221852598121E-004
3.6699999999999440E+000	-1.5670999226169435E-004
3.6749999999999439E+000	-1.5781612603271711E-004
3.6799999999999438E+000	-1.5893464994398698E-004
3.6849999999999437E+000	-1.6006436565840776E-004
3.6899999999999435E+000	-1.6120606893677003E-004
3.6949999999999434E+000	-1.6235937682040902E-004
3.6999999999999433E+000	-1.6352330182822783E-004
3.7049999999999432E+000	-1.6472918295840078E-004
3.7099999999999431E+000	-1.6594119648005723E-004
3.7149999999999430E+000	-1.6715695211877435E-004
3.7199999999999429E+000	-1.6837684239923156E-004
3.7249999999999428E+000	-1.6960073239946638E-004
3.7299999999999427E+000	-1.7082786609967648E-004
3.7349999999999426E+000	-1.7205724524371746E-004
3.7399999999999425E+000	-1.7328780809755528E-004
3.7449999999999424E+000	-1.7438390632473766E-004
3.7499999999999423E+000	-1.7556829450138256E-004
3.7549999999999422E+000	-1.7681970859007023E-004
3.7599999999999421E+000	-1.7806212039817026E-004
3.7649999999999419E+000	-1.7928816902124112E-004
3.7699999999999418E+000	-1.8050601722185977E-004
3.7749999999999417E+000	-1.8171701210656366E-004
3.7799999999999416E+000	-1.8291967741324022E-004
3.7849999999999415E+000	-1.8411303684395808E-004
3.7899999999999414E+000	-1.9555968709028537E-004
3.7949999999999413E+000	-1.8851609646552969E-004
3.7999999999999412E+000	-1.9948645906797680E-004
3.8049999999999411E+000	-1.9251186390112363E-004
3.8099999999999410E+000	-1.9286348541625031E-004
3.8149999999999409E+000	-1.9405225801771842E-004
3.8199999999999408E+000	-2.0236604168977212E-004
3.8249999999999407E+000	-1.9529715893784605E-004
3.8299999999999406E+000	-1.9509096027148232E-004
3.8349999999999405E+000	-1.9586293038442726E-004
3.8399999999999403E+000	-1.9683687667115812E-004
3.8449999999999402E+000	-1.9781477545532944E-004
3.8499999999999401E+000	-1.9875024670945596E-004
3.8549999999999400E+000	-1.9968099542344575E-004
3.8599999999999399E+000	-2.0056375360111289E-004
3.8649999999999398E+000	-2.0139896567705762E-004
3.8699999999999397E+000	-2.0219320279313280E-004
3.8749999999999396E+000	-2.0295249339563615E-004
3.8799999999999395E+000	-2.0366672021510102E-004
3.8849999999999394E+000	-2.0435349948588755E-004
3.8899999999999393E+000	-2.0501727661792479E-004
3.8949999999999392E+000	-2.0565990152587865E-004
3.8999999999999391E+000	-2.0628245192033656E-004
3.9049999999999390E+000	-2.0688608541452602E-004
3.9099999999999389E+000	-2.0747144968069620E-004
3.9149999999999388E+000	-2.0803863931284639E-004
3.9199999999999386E+000	-2.0858734751416641E-004
3.9249999999999385E+000	-2.0911664868494828E-004
3.9299999999999384E+000	-2.0962611603037029E-004
3.9349999999999383E+000	-2.1011432664830298E-004
3.9399999999999382E+000	-2.1057998431450731E-004
3.9449999999999381E+000	-2.1102261776384523E-004
3.9499999999999380E+000	-2.1144040285536736E-004
3.9549999999999379E+000	-2.1183292582260815E-004
3.9599999999999378E+000	-2.1219865666444182E-004
3.9649999999999377E+000	-2.1253759031947261E-004
3.9699999999999376E+000	-2.1284892197681593E-004
3.9749999999999375E+000	-2.1313209841611336E-004
3.9799999999999374E+000	-2.1338750168620191E-004
3.9849999999999373E+000	-2.1361548216247694E-004
3.9899999999999372E+000	-2.1381569067324691E-004
3.9949999999999370E+000	-2.1398791960169916E-004
3.9999999999999369E+000	-2.1413300316608375E-004
4.0049999999999368E+000	-2.1425033544553163E-004
4.0099999999999367E+000	-2.1434102939099642E-004
4.0149999999999366E+000	-2.1444538938120150E-004
4.0199999999999365E+000	-2.1452415151301807E-004
4.0249999999999364E+000	-2.1457434169780409E-004
4.0299999999999363E+000	-2.1459698020009910E-004
4.0349999999999362E+000	-2.1459372151499956E-004
4.0399999999999361E+000	-2.1456503987904441E-004
4.0449999999999360E+000	-2.1451150601159430E-004
4.0499999999999359E+000	-2.1443282259037133E-004
4.0549999999999358E+000	-2.1432975435953239E-004
4.0599999999999357E+000	-2.1420299023167111E-004
4.0649999999999356E+000	-2.1405213957881308E-004
4.0699999999999354E+000	-2.1388280651102320E-004
4.0749999999999353E+000	-2.1369062873932698E-004
4.0799999999999352E+000	-2.1347554674544522E-004
4.0849999999999351E+000	-2.1323838107600857E-004
4.0899999999999350E+000	-2.1297944500087151E-004
4.0949999999999349E+000	-2.1266069430236900E-004
4.0999999999999348E+000	-2.1232129799886312E-004
4.1049999999999347E+000	-2.1196521892785647E-004
4.1099999999999346E+000	-2.1159147059157668E-004
4.1149999999999345E+000	-2.1119946792302891E-004
4.1199999999999344E+000	-2.1078928121998075E-004
4.1249999999999343E+000	-2.1036133797036616E-004
4.1299999999999342E+000	-2.0991612528065140E-004
4.1349999999999341E+000	-2.0945413283879333E-004
4.1399999999999340E+000	-2.0897586110213417E-004
4.1449999999999338E+000	-2.0848182770905055E-004
4.1499999999999337E+000	-2.0798348387263133E-004
4.1549999999999336E+000	-2.0746993735931696E-004
4.1599999999999335E+000	-2.0694165650614327E-004
4.1649999999999334E+000	-2.0639734919891684E-004
4.1699999999999333E+000	-2.0583812359886711E-004
4.1749999999999332E+000	-2.0526538247400694E-004
4.1799999999999331E+000	-2.0468056390077205E-004
4.1849999999999330E+000	-2.0408441031305458E-004
4.1899999999999329E+000	-2.0347743070736612E-004
4.1949999999999328E+000	-2.0286017306192505E-004
4.1999999999999327E+000	-2.1309171898231671E-004
4.2049999999999326E+000	-2.0533132914735130E-004
4.2099999999999325E+000	-2.0424374862337835E-004
4.2149999999999324E+000	-2.0389552552924073E-004
4.2199999999999322E+000	-2.0359669427516547E-004
4.2249999999999321E+000	-2.0321271517353967E-004
4.2299999999999320E+000	-2.0273901071532485E-004
4.2349999999999319E+000	-2.0219341949934133E-004
4.2399999999999318E+000	-2.0159249468532092E-004
4.2449999999999317E+000	-2.0094972765405394E-004
4.2499999999999316E+000	-2.0026080106205768E-004
4.2549999999999315E+000	-1.9954327514903891E-004
4.2599999999999314E+000	-1.9882595451492513E-004
4.2649999999999313E+000	-1.9809885888510959E-004
4.2699999999999312E+000	-1.9736131392456002E-004
4.2749999999999311E+000	-1.9661899454592735E-004
4.2799999999999310E+000	-1.9587614416149979E-004
4.2849999999999309E+000	-1.9513533706250197E-004
4.2899999999999308E+000	-1.9439877526628013E-004
4.2949999999999307E+000	-1.9357203424441582E-004
4.2999999999999305E+000	-1.9282011965948698E-004
4.3049999999999304E+000	-1.9200124247498174E-004
4.3099999999999303E+000	-1.9127785377437423E-004
4.3149999999999302E+000	-1.9055445535309801E-004
4.3199999999999301E+000	-1.8983493507629401E-004
4.3249999999999300E+000	-1.8915508137762327E-004
4.3299999999999299E+000	-1.8848695181972186E-004
4.3349999999999298E+000	-1.8779712794381176E-004
4.3399999999999297E+000	-1.8714945198627930E-004
4.3449999999999296E+000	-1.8651487309495618E-004
4.3499999999999295E+000	-1.8585928869574442E-004
4.3549999999999294E+000	-1.8524685204746039E-004
4.3599999999999293E+000	-1.8465010763724088E-004
4.3649999999999292E+000	-1.8406450115315831E-004
4.3699999999999291E+000	-1.8348792368794165E-004
4.3749999999999289E+000	-1.8289303029683790E-004
4.3799999999999288E+000	-1.8237432021017685E-004
4.3849999999999287E+000	-1.8183522180159617E-004
4.3899999999999286E+000	-1.8130620755119065E-004
4.3949999999999285E+000	-1.8079540929316629E-004
4.3999999999999284E+000	-1.8029723780654816E-004
4.4049999999999283E+000	-1.7981262169464163E-004
4.4099999999999282E+000	-1.7937369147824622E-004
4.4149999999999281E+000	-1.7888472863047955E-004
4.4199999999999280E+000	-1.7844238558406555E-004
4.4249999999999279E+000	-1.7801884632384635E-004
4.4299999999999278E+000	-1.7761051389930671E-004
4.4349999999999277E+000	-1.7721742614440483E-004
4.4399999999999276E+000	-1.7681035017680369E-004
4.4449999999999275E+000	-1.7645254596343474E-004
4.4499999999999273E+000	-1.7611226968172744E-004
4.4549999999999272E+000	-1.7579102863507501E-004
4.4599999999999271E+000	-1.7545146454367444E-004
4.4649999999999270E+000	-1.7516605640011118E-004
4.4699999999999269E+000	-1.7489850430008058E-004
4.4749999999999268E+000	-1.7461252277206629E-004
4.4799999999999267E+000	-1.7438061331132015E-004
4.4849999999999266E+000	-1.7413262607335334E-004
4.4899999999999265E+000	-1.7393791702180472E-004
4.4949999999999264E+000	-1.7376058638507441E-004
4.4999999999999263E+000	-1.7356498162768297E-004
4.5049999999999262E+000	-1.7342392984665000E-004
4.5099999999999261E+000	-1.7330107187929489E-004
4.5149999999999260E+000	-1.7316027424063574E-004
4.5199999999999259E+000	-1.7307390530352240E-004
4.5249999999999257E+000	-1.7300573997891533E-004
4.5299999999999256E+000	-1.7291959805132429E-004
4.5349999999999255E+000	-1.7288827320482980E-004
4.5399999999999254E+000	-1.7287484782091411E-004
4.5449999999999253E+000	-1.7284340935608267E-004
4.5499999999999252E+000	-1.7286662072735215E-004
4.5549999999999251E+000	-1.7290793712265717E-004
4.5599999999999250E+000	-1.7293006043006542E-004
4.5649999999999249E+000	-1.7300651030849323E-004
4.5699999999999248E+000	-1.7310035987649908E-004
4.5749999999999247E+000	-1.7317576199804563E-004
4.5799999999999246E+000	-1.7330536685866704E-004
4.5849999999999245E+000	-1.7345240393784600E-004
4.5899999999999244E+000	-1.7361484236588787E-004
4.5949999999999243E+000	-1.7375878280967427E-004
4.5999999999999241E+000	-1.7395722963564619E-004
4.6049999999999240E+000	-1.7417266708352752E-004
4.6099999999999239E+000	-1.7440248167022165E-004
4.6049999999999240E+000	-1.6903038054116859E-004
4.6099999999999239E+000	-1.6941032523232202E-004
4.6149999999999238E+000	-1.7033002779331952E-004
4.6199999999999237E+000	-1.7131199006059639E-004
4.6249999999999236E+000	-1.7223258469456493E-004
4.6299999999999235E+000	-1.7306334004185686E-004
4.6349999999999234E+000	-1.7380669414768235E-004
4.6399999999999233E+000	-1.7446418431610322E-004
4.6449999999999232E+000	-1.7508939028776371E-004
4.6499999999999231E+000	-1.7568120381383778E-004
4.6549999999999230E+000	-1.7624465386845145E-004
4.6599999999999229E+000	-1.7678716194602373E-004
4.6649999999999228E+000	-1.7731331630643776E-004
4.6699999999999227E+000	-1.7783141235416799E-004
4.6749999999999226E+000	-1.7834108640113477E-004
4.6799999999999224E+000	-1.7884576013504905E-004
4.6849999999999223E+000	-1.7934842408462437E-004
4.6899999999999222E+000	-1.7985155075173065E-004
4.6949999999999221E+000	-1.8036742784921511E-004
4.6999999999999220E+000	-1.8088675855343350E-004
4.7049999999999219E+000	-1.8141417398664927E-004
4.7099999999999218E+000	-1.8194768856072407E-004
4.7149999999999217E+000	-1.8248840071877215E-004
4.7199999999999216E+000	-1.8303703802335924E-004
4.7249999999999215E+000	-1.8359397933076504E-004
4.7299999999999214E+000	-1.8415945870320360E-004
4.7349999999999213E+000	-1.8474652456190732E-004
4.7399999999999212E+000	-1.8534106586587384E-004
4.7449999999999211E+000	-1.8594257638915312E-004
4.7499999999999210E+000	-1.8655143005619212E-004
4.7549999999999208E+000	-1.8716762459081160E-004
4.7599999999999207E+000	-1.8779096649856886E-004
4.7649999999999206E+000	-1.8842117260542413E-004
4.7699999999999205E+000	-1.8905791393086790E-004
4.7749999999999204E+000	-1.8970084511338303E-004
4.7799999999999203E+000	-1.9034961039954279E-004
4.7849999999999202E+000	-1.9100384751935540E-004
4.7899999999999201E+000	-1.9166318733276899E-004
4.7949999999999200E+000	-1.9232725805329309E-004
4.7999999999999199E+000	-1.9299568355191088E-004
4.8049999999999198E+000	-1.9366808856635664E-004
4.8099999999999197E+000	-1.9434408951779503E-004
4.8149999999999196E+000	-1.9502329495613147E-004
4.8199999999999195E+000	-1.9570530868162628E-004
4.8249999999999194E+000	-1.9638972836999447E-004
4.8299999999999192E+000	-1.9707615256003841E-004
4.8349999999999191E+000	-1.9776417369998800E-004
4.8399999999999190E+000	-1.9845337790247441E-004
4.8449999999999189E+000	-1.9914335122761528E-004
4.8499999999999188E+000	-1.9983368898801590E-004
4.8549999999999187E+000	-2.0057940241346994E-004
4.8599999999999186E+000	-2.0131889974650541E-004
4.8649999999999185E+000	-2.0205076102997044E-004
4.8699999999999184E+000	-2.0277745231833677E-004
4.8749999999999183E+000	-2.0350016636550006E-004
4.8799999999999182E+000	-2.0421917186652649E-004
4.8849999999999181E+000	-2.0493438228019745E-004
4.8899999999999180E+000	-2.0564561375024937E-004
4.8949999999999179E+000	-2.0635264812352005E-004
4.8999999999999178E+000	-2.0705526071629343E-004
4.9049999999999176E+000	-2.0775321803379043E-004
4.9099999999999175E+000	-2.0844628547034283E-004
4.9149999999999174E+000	-2.0913421390111875E-004
4.9199999999999173E+000	-2.0981675022679891E-004
4.9249999999999172E+000	-2.1049363887026828E-004
4.9299999999999171E+000	-2.1116462111203660E-004
4.9349999999999170E+000	-2.1182944580144802E-004
4.9399999999999169E+000	-2.1248785764582667E-004
4.9449999999999168E+000	-2.1313961146873783E-004
4.9499999999999167E+000	-2.1378445099706767E-004
4.9549999999999166E+000	-2.1442212350109013E-004
4.9599999999999165E+000	-2.1505238262142790E-004
4.9649999999999164E+000	-2.1567498976071686E-004
4.9699999999999163E+000	-2.1628972682918857E-004
4.9749999999999162E+000	-2.1689639035404884E-004
4.9799999999999160E+000	-2.1749477224775049E-004
4.9849999999999159E+000	-2.1808466461947784E-004
4.9899999999999158E+000	-2.1866586627394824E-004
4.9949999999999157E+000	-2.1923818242364224E-004
4.9999999999999156E+000	-2.1980141248112428E-004
5.0049999999999155E+000	-2.2035536852416104E-004
5.0099999999999154E+000	-2.2089986521278693E-004
5.0149999999999153E+000	-2.2143471916824531E-004
5.0199999999999152E+000	-2.2195973647154421E-004
5.0249999999999151E+000	-2.2247470377045886E-004
5.0299999999999150E+000	-2.2297945955673804E-004
5.0349999999999149E+000	-2.2347024418412076E-004
5.0399999999999148E+000	-2.2394538389536311E-004
5.0449999999999147E+000	-2.2440671805268320E-004
5.0499999999999146E+000	-2.2485617512391087E-004
5.0549999999999145E+000	-2.2529414665861669E-004
5.0599999999999143E+000	-2.2572067621118297E-004
5.0649999999999142E+000	-2.2613575082519599E-004
5.0699999999999141E+000	-2.2653932511973451E-004
5.0749999999999140E+000	-2.2693133288198553E-004
5.0799999999999139E+000	-2.2731170247325405E-004
5.0849999999999138E+000	-2.2768036287623694E-004
5.0899999999999137E+000	-2.2803725532394292E-004
5.0949999999999136E+000	-2.2838233698074806E-004
5.0999999999999135E+000	-2.2871559261050667E-004
5.1049999999999134E+000	-2.2903695930376333E-004
5.1099999999999133E+000	-2.2934642381933212E-004
5.1149999999999132E+000	-2.2964399121006007E-004
5.1199999999999131E+000	-2.2992967321966429E-004
5.1249999999999130E+000	-2.3020340655610649E-004
5.1299999999999129E+000	-2.3046510993163238E-004
5.1349999999999127E+000	-2.3071469218327589E-004
5.1399999999999126E+000	-2.3095200043055097E-004
5.1449999999999125E+000	-2.3117678806028330E-004
5.1499999999999124E+000	-2.3138883786366637E-004
5.1549999999999123E+000	-2.3158806631207174E-004
5.1599999999999122E+000	-2.3177450464528793E-004
5.1649999999999121E+000	-2.3194816400728957E-004
5.1699999999999120E+000	-2.3210903296722041E-004
5.1749999999999119E+000	-2.3225704243445833E-004
5.1799999999999118E+000	-2.3239215665438184E-004
5.1849999999999117E+000	-2.3251437433358113E-004
5.1899999999999116E+000	-2.3262374190091695E-004
5.1949999999999115E+000	-2.3272030731191773E-004
5.1999999999999114E+000	-2.3280411563453285E-004
5.2049999999999113E+000	-2.3287525234838569E-004
5.2099999999999111E+000	-2.3293379749522725E-004
5.2149999999999110E+000	-2.3297982930514660E-004
5.2199999999999109E+000	-2.3301349501503310E-004
5.2249999999999108E+000	-2.3303486317671762E-004
5.2299999999999107E+000	-2.3304407520952086E-004
5.2349999999999106E+000	-2.3304126572520900E-004
5.2399999999999105E+000	-2.3302658579615887E-004
5.2449999999999104E+000	-2.3300017974592357E-004
5.2499999999999103E+000	-2.3296219546231622E-004
5.2549999999999102E+000	-2.3291278907444646E-004
5.2599999999999101E+000	-2.3285212775092656E-004
5.2649999999999100E+000	-2.3278038670071499E-004
5.2699999999999099E+000	-2.3269774334888638E-004
5.2749999999999098E+000	-2.3260438331895728E-004
5.2799999999999097E+000	-2.3250049825240815E-004
5.2849999999999095E+000	-2.3238628932531480E-004
5.2899999999999094E+000	-2.3226196488013162E-004
5.2949999999999093E+000	-2.3212773747582904E-004
5.2999999999999092E+000	-2.3198382559153075E-004
5.3049999999999091E+000	-2.3183045930397217E-004
5.3099999999999090E+000	-2.3166787233352970E-004
5.3149999999999089E+000	-2.3149630238461505E-004
5.3199999999999088E+000	-2.3131598995651537E-004
5.3249999999999087E+000	-2.3112718064499660E-004
5.3299999999999086E+000	-2.3093012247143996E-004
5.3349999999999085E+000	-2.3072506692389805E-004
5.3399999999999084E+000	-2.3051226982018225E-004
5.3449999999999083E+000	-2.3029199078838936E-004
5.3499999999999082E+000	-2.3006449211582236E-004
5.3549999999999081E+000	-2.2983003991361439E-004
5.3599999999999079E+000	-2.2958890156377088E-004
5.3649999999999078E+000	-2.2934134851604338E-004
5.3699999999999077E+000	-2.2908765615714533E-004
5.3749999999999076E+000	-2.2882810108049156E-004
5.3799999999999075E+000	-2.2856296172890644E-004
5.3849999999999074E+000	-2.2829251848255350E-004
5.3899999999999073E+000	-2.2801705366626290E-004
5.3949999999999072E+000	-2.2773685119825693E-004
5.3999999999999071E+000	-2.2745219642295034E-004
5.4049999999999070E+000	-2.2716337569461675E-004
5.4099999999999069E+000	-2.2687067624105328E-004
5.4149999999999068E+000	-2.2657438616824344E-004
5.4199999999999067E+000	-2.2627479419135010E-004
5.4249999999999066E+000	-2.2597218964282018E-004
5.4299999999999065E+000	-2.2566686257841084E-004
5.4349999999999064E+000	-2.2535910262277969E-004
5.4399999999999062E+000	-2.2504919894705822E-004
5.4449999999999061E+000	-2.2473744019957387E-004
5.4499999999999060E+000	-2.2442411433887255E-004
5.4549999999999059E+000	-2.2410950844398148E-004
5.4599999999999058E+000	-2.2379390850801872E-004
5.4649999999999057E+000	-2.2347759979024495E-004
5.4699999999999056E+000	-2.2316086626628096E-004
5.4749999999999055E+000	-2.2284399086414108E-004
5.4799999999999054E+000	-2.2252725417049035E-004
5.4849999999999053E+000	-2.2221093391827651E-004
5.4899999999999052E+000	-2.2189530552474412E-004
5.4949999999999051E+000	-2.2158064198141147E-004
5.4999999999999050E+000	-2.2126721366555469E-004
5.5049999999999049E+000	-2.2095528816479248E-004
5.5099999999999048E+000	-2.2064513008523967E-004
5.5149999999999046E+000	-2.2033700088053276E-004
5.5199999999999045E+000	-2.1997732556078287E-004
5.5249999999999044E+000	-2.1962622329019243E-004
5.5299999999999043E+000	-2.1928437383345045E-004
5.5349999999999042E+000	-2.1893993625610175E-004
5.5399999999999041E+000	-2.1860162638276392E-004
5.5449999999999040E+000	-2.1826923215773064E-004
5.5499999999999039E+000	-2.1794226893345758E-004
5.5549999999999038E+000	-2.1762056126972684E-004
5.5599999999999037E+000	-2.1730409522502381E-004
5.5649999999999036E+000	-2.1699292740273712E-004
5.5699999999999035E+000	-2.1668714435418845E-004
5.5749999999999034E+000	-2.1638553806480054E-004
5.5799999999999033E+000	-2.1608987482168995E-004
5.5849999999999032E+000	-2.1580010712363151E-004
5.5899999999999030E+000	-2.1551542983588856E-004
5.5949999999999029E+000	-2.1523605412088198E-004
5.5999999999999028E+000	-2.1496242425522727E-004
5.6049999999999027E+000	-2.1469383080685578E-004
5.6099999999999026E+000	-2.1442816421313182E-004
5.6149999999999025E+000	-2.1416842880583875E-004
5.6199999999999024E+000	-2.1391577228591085E-004
5.6249999999999023E+000	-2.1367021992380053E-004
5.6299999999999022E+000	-2.1343158756037539E-004
5.6349999999999021E+000	-2.1319983560419420E-004
5.6399999999999020E+000	-2.1297506719120118E-004
5.6449999999999019E+000	-2.1275745604443230E-004
5.6499999999999018E+000	-2.1254719743102335E-004
5.6549999999999017E+000	-2.1234448464790834E-004
5.6599999999999016E+000	-2.1214949952752526E-004
5.6649999999999014E+000	-2.1196240693421853E-004
5.6699999999999013E+000	-2.1174648174315802E-004
5.6749999999999012E+000	-2.1154238443588103E-004
5.6799999999999011E+000	-2.1135056148180453E-004
5.6849999999999010E+000	-2.1116916653518558E-004
5.6899999999999009E+000	-2.1099737483543102E-004
5.6949999999999008E+000	-2.1083479518113624E-004
5.6999999999999007E+000	-2.1068132106116799E-004
5.7049999999999006E+000	-2.1053686831451479E-004
5.7099999999999005E+000	-2.1040135430117068E-004
5.7149999999999004E+000	-2.1027470239565194E-004
5.7199999999999003E+000	-2.1015679682612198E-004
5.7249999999999002E+000	-2.1004767385235379E-004
5.7299999999999001E+000	-2.0994722403722132E-004
5.7349999999999000E+000	-2.0985542971452276E-004
5.7399999999998998E+000	-2.0977225003915301E-004
5.7449999999998997E+000	-2.0969763839662203E-004
5.7499999999998996E+000	-2.0963155293363123E-004
5.7549999999998995E+000	-2.0957395333509599E-004
5.7599999999998994E+000	-2.0952479921354517E-004
5.7649999999998993E+000	-2.0948404892318084E-004
5.7699999999998992E+000	-2.0945165777530583E-004
5.7749999999998991E+000	-2.0943586428745498E-004
5.7799999999998990E+000	-2.0942887490804640E-004
5.7849999999998989E+000	-2.0940771196031882E-004
5.7899999999998988E+000	-2.0938348617949298E-004
5.7949999999998987E+000	-2.0936533639015487E-004
5.7999999999998986E+000	-2.0935495490614908E-004
5.8049999999998985E+000	-2.0935000247079838E-004
5.8099999999998984E+000	-2.0935058361148950E-004
5.8149999999998983E+000	-2.0935582203707170E-004
5.8199999999998981E+000	-2.0936525411907603E-004
5.8249999999998980E+000	-2.0937872371507016E-004
5.8299999999998979E+000	-2.0939624423310654E-004
5.8349999999998978E+000	-2.0941794974882466E-004
5.8399999999998977E+000	-2.0944406652290137E-004
5.8449999999998976E+000	-2.0947487171718571E-004
5.8499999999998975E+000	-2.0951066396579510E-004
5.8549999999998974E+000	-2.0955174264891685E-004
5.8599999999998973E+000	-2.0959838532419450E-004
5.8649999999998972E+000	-2.0965083046764477E-004
5.8699999999998971E+000	-2.0970927256980243E-004
5.8749999999998970E+000	-2.0977386008713683E-004
5.8799999999998969E+000	-2.0984249614963701E-004
5.8849999999998968E+000	-2.0991763240940653E-004
5.8899999999998967E+000	-2.0999918920050487E-004
5.8949999999998965E+000	-2.1008706887792883E-004
5.8999999999998964E+000	-2.1018119640026089E-004
5.9049999999998963E+000	-2.1028145997648018E-004
5.9099999999998962E+000	-2.1038772705095354E-004
5.9149999999998961E+000	-2.1049985397625370E-004
5.9199999999998960E+000	-2.1061767737251547E-004
5.9249999999998959E+000	-2.1074101713924875E-004
5.9299999999998958E+000	-2.1089827300979636E-004
5.9349999999998957E+000	-2.1105802736831603E-004
5.9399999999998956E+000	-2.1121900280085537E-004
5.9449999999998955E+000	-2.1138255675856588E-004
5.9499999999998954E+000	-2.1154948256663086E-004
5.9549999999998953E+000	-2.1171994055280141E-004
5.9599999999998952E+000	-2.1189388670150855E-004
5.9649999999998951E+000	-2.1207125767697121E-004
5.9699999999998949E+000	-2.1225197099727922E-004
5.9749999999998948E+000	-2.1243593304287600E-004
5.9799999999998947E+000	-2.1262303213698264E-004
5.9849999999998946E+000	-2.1281314458287959E-004
5.9899999999998945E+000	-2.1300613935515411E-004
5.9949999999998944E+000	-2.1320187986650918E-004
5.9999999999998943E+000	-2.1340022916171986E-004
6.0049999999998942E+000	-2.1360025960903695E-004
6.0099999999998941E+000	-2.1380259396563961E-004
6.0149999999998940E+000	-2.1400727411013953E-004
6.0199999999998939E+000	-2.1421407393451553E-004
6.0249999999998938E+000	-2.1442278001782000E-004
6.0299999999998937E+000	-2.1463320842396438E-004
6.0349999999998936E+000	-2.1484518700876087E-004
6.0399999999998935E+000	-2.1505854869718899E-004
6.0449999999998933E+000	-2.1527312465452475E-004
6.0499999999998932E+000	-2.1548874195265189E-004
6.0549999999998931E+000	-2.1570523259184515E-004
6.0599999999998930E+000	-2.1592242779611137E-004
6.0649999999998929E+000	-2.1614015955695454E-004
6.0699999999998928E+000	-2.1635826647659062E-004
6.0749999999998927E+000	-2.1657658580753747E-004
6.0799999999998926E+000	-2.1679495657056513E-004
6.0849999999998925E+000	-2.1701321353395642E-004
6.0899999999998924E+000	-2.1723120789751693E-004
6.0949999999998923E+000	-2.1744879556995222E-004
6.0999999999998922E+000	-2.1766583464055689E-004
6.1049999999998921E+000	-2.1788218529794623E-004
6.1099999999998920E+000	-2.1809771132064171E-004
6.1149999999998919E+000	-2.1831227436563960E-004
6.1199999999998917E+000	-2.1852574599878771E-004
6.1249999999998916E+000	-2.1873800019744927E-004
6.1299999999998915E+000	-2.1894603010552682E-004
6.1349999999998914E+000	-2.1915284485163333E-004
6.1399999999998913E+000	-2.1935898534541920E-004
6.1449999999998912E+000	-2.1956398017664025E-004
6.1499999999998911E+000	-2.1976750156904590E-004
6.1549999999998910E+000	-2.1996935119761307E-004
6.1599999999998909E+000	-2.2016936830904221E-004
6.1649999999998908E+000	-2.2036742219899708E-004
6.1699999999998907E+000	-2.2056338498255279E-004
6.1749999999998906E+000	-2.2075714039115901E-004
6.1799999999998905E+000	-2.2094857751064900E-004
6.1849999999998904E+000	-2.2113758472841472E-004
6.1899999999998903E+000	-2.2132406805497329E-004
6.1949999999998902E+000	-2.2150794333841706E-004
6.1999999999998900E+000	-2.2168912397158014E-004
6.2049999999998899E+000	-2.2186751889419210E-004
6.2099999999998898E+000	-2.2204303154171878E-004
6.2149999999998897E+000	-2.2221559808066615E-004
6.2199999999998896E+000	-2.2238514909544982E-004
6.2249999999998895E+000	-2.2255160911488492E-004
6.2299999999998894E+000	-2.2271492827463657E-004
6.2349999999998893E+000	-2.2287503895590532E-004
6.2399999999998892E+000	-2.2303188104877414E-004
6.2449999999998891E+000	-2.2318542978938538E-004
6.2499999999998890E+000	-2.2333566294019391E-004
6.2549999999998889E+000	-2.2348256480908546E-004
6.2599999999998888E+000	-2.2362613789506103E-004
6.2649999999998887E+000	-2.2374051663609507E-004
6.2699999999998886E+000	-2.2385415108550077E-004
6.2749999999998884E+000	-2.2396827284520970E-004
6.2799999999998883E+000	-2.2408135606866164E-004
6.2849999999998882E+000	-2.2419242957516516E-004
6.2899999999998881E+000	-2.2430112432392235E-004
6.2949999999998880E+000	-2.2440726377348508E-004
6.2999999999998879E+000	-2.2451066706385969E-004
6.3049999999998878E+000	-2.2461116077110432E-004
6.3099999999998877E+000	-2.2470858752854372E-004
6.3149999999998876E+000	-2.2480292273319158E-004
6.3199999999998875E+000	-2.2489418266691263E-004
6.3249999999998874E+000	-2.2498241021429166E-004
6.3299999999998873E+000	-2.2506761725682445E-004
6.3349999999998872E+000	-2.2514981135690615E-004
6.3399999999998871E+000	-2.2522903145516526E-004
6.3449999999998870E+000	-2.2530532499787093E-004
6.3499999999998868E+000	-2.2537875623984682E-004
6.3549999999998867E+000	-2.2544937002488830E-004
6.3599999999998866E+000	-2.2551722124386497E-004
6.3649999999998865E+000	-2.2558236375236351E-004
6.3699999999998864E+000	-2.2564487421083967E-004
6.3749999999998863E+000	-2.2570481873596115E-004
6.3799999999998862E+000	-2.2576226604498206E-004
6.3849999999998861E+000	-2.2581728953374736E-004
6.3899999999998860E+000	-2.2586996003592930E-004
6.3949999999998859E+000	-2.2592034643764691E-004
6.3999999999998858E+000	-2.2596851975453802E-004
6.4049999999998857E+000	-2.2601454032034063E-004
6.4099999999998856E+000	-2.2605847933154788E-004
6.4149999999998855E+000	-2.2610041369774958E-004
6.4199999999998854E+000	-2.2614041768953541E-004
6.4249999999998852E+000	-2.2617856237905354E-004
6.4299999999998851E+000	-2.2621492237973051E-004
6.4349999999998850E+000	-2.2624956875538782E-004
6.4399999999998849E+000	-2.2628257704837562E-004
6.4449999999998848E+000	-2.2631402120176780E-004
6.4499999999998847E+000	-2.2634397698406694E-004
6.4549999999998846E+000	-2.2637252000223818E-004
6.4599999999998845E+000	-2.2639972700466693E-004
6.4649999999998844E+000	-2.2642567362385346E-004
6.4699999999998843E+000	-2.2645043735747272E-004
6.4749999999998842E+000	-2.2647409531639795E-004
6.4799999999998841E+000	-2.2649672581653846E-004
6.4849999999998840E+000	-2.2651840636489506E-004
6.4899999999998839E+000	-2.2653921499926621E-004
6.4949999999998838E+000	-2.2655923337777661E-004
6.4999999999998836E+000	-2.2657853975738274E-004
6.5049999999998835E+000	-2.2659721278450728E-004
6.5099999999998834E+000	-2.2661533389511934E-004
6.5149999999998833E+000	-2.2663298509939533E-004
6.5199999999998832E+000	-2.2665024837797976E-004
6.5249999999998831E+000	-2.2666720508457416E-004
6.5299999999998830E+000	-2.2668393795899355E-004
6.5349999999998829E+000	-2.2670052904194549E-004
6.5399999999998828E+000	-2.2671705971288869E-004
6.5449999999998827E+000	-2.2673361111924528E-004
6.5499999999998826E+000	-2.2675026453300440E-004
6.5549999999998825E+000	-2.2676710125313360E-004
6.5599999999998824E+000	-2.2678420085886497E-004
6.5649999999998823E+000	-2.2680164250166168E-004
6.5699999999998822E+000	-2.2681950609704238E-004
6.5749999999998820E+000	-2.2683787082888873E-004
6.5799999999998819E+000	-2.2685681391432233E-004
6.5849999999998818E+000	-2.2687641227481237E-004
6.5899999999998817E+000	-2.2689674275411242E-004
6.5949999999998816E+000	-2.2691788128259560E-004
6.5999999999998815E+000	-2.2693990308464418E-004
6.6049999999998814E+000	-2.2696288336343517E-004
6.6099999999998813E+000	-2.2698689733824384E-004
6.6149999999998812E+000	-2.2701201721786468E-004
6.6199999999998811E+000	-2.2703831398640517E-004
6.6249999999998810E+000	-2.2706585739595830E-004
6.6299999999998809E+000	-2.2709471581028318E-004
6.6349999999998808E+000	-2.2712495616428185E-004
6.6399999999998807E+000	-2.2715664421091297E-004
6.6449999999998806E+000	-2.2718984464242808E-004
6.6499999999998805E+000	-2.2722462073065941E-004
6.6549999999998803E+000	-2.2726103388803764E-004
6.6599999999998802E+000	-2.2729914385188899E-004
6.6649999999998801E+000	-2.2733900821370057E-004
6.6699999999998800E+000	-2.2738068347172291E-004
6.6749999999998799E+000	-2.2742325790559015E-004
6.6799999999998798E+000	-2.2746733405942798E-004
6.6849999999998797E+000	-2.2751299761958332E-004
6.6899999999998796E+000	-2.2756029656745280E-004
6.6949999999998795E+000	-2.2760934458998516E-004
6.6999999999998794E+000	-2.2766023668718827E-004
6.7049999999998793E+000	-2.2771304069202358E-004
6.7099999999998792E+000	-2.2776915536737441E-004
6.7149999999998791E+000	-2.2782725973979900E-004
6.7199999999998790E+000	-2.2788741513146693E-004
6.7249999999998789E+000	-2.2798902467402460E-004
6.7299999999998787E+000	-2.2808865365619990E-004
6.7349999999998786E+000	-2.2818594738061027E-004
6.7399999999998785E+000	-2.2828320852508188E-004
6.7449999999998784E+000	-2.2838158202553860E-004
6.7499999999998783E+000	-2.2848150652854393E-004
6.7549999999998782E+000	-2.2858318769081176E-004
6.7599999999998781E+000	-2.2868940420772699E-004
6.7649999999998780E+000	-2.2879745599868606E-004
6.7699999999998779E+000	-2.2890685087373353E-004
6.7749999999998778E+000	-2.2901798509611382E-004
6.7799999999998777E+000	-2.2913114683142943E-004
6.7849999999998776E+000	-2.2924650722977447E-004
6.7899999999998775E+000	-2.2936420539987346E-004
6.7949999999998774E+000	-2.2948427994773368E-004
6.7999999999998773E+000	-2.2960679266537110E-004
6.8049999999998771E+000	-2.2973178880614231E-004
6.8099999999998770E+000	-2.2985930032826118E-004
6.8149999999998769E+000	-2.2998935169160628E-004
6.8199999999998768E+000	-2.3012196080951508E-004
6.8249999999998767E+000	-2.3025713962654404E-004
6.8299999999998766E+000	-2.3039489516929468E-004
6.8349999999998765E+000	-2.3053523007543486E-004
6.8399999999998764E+000	-2.3067814357080607E-004
6.8449999999998763E+000	-2.3082363167215014E-004
6.8499999999998762E+000	-2.3097168749797170E-004
6.8549999999998761E+000	-2.3112230177724236E-004
6.8599999999998760E+000	-2.3127546352141870E-004
6.8649999999998759E+000	-2.3143115926393953E-004
6.8699999999998758E+000	-2.3158937283984660E-004
6.8749999999998757E+000	-2.3175008558362631E-004
6.8799999999998755E+000	-2.3191327691152175E-004
6.8849999999998754E+000	-2.3207892368826144E-004
6.8899999999998753E+000	-2.3224700174295787E-004
6.8949999999998752E+000	-2.3241748311986221E-004
6.8999999999998751E+000	-2.3259033943612284E-004
6.9049999999998750E+000	-2.3276554167617203E-004
6.9099999999998749E+000	-2.3294305858279074E-004
6.9149999999998748E+000	-2.3312285621412965E-004
6.9199999999998747E+000	-2.3330552760958412E-004
6.9249999999998746E+000	-2.3347966851450241E-004
6.9299999999998745E+000	-2.3365262229091410E-004
6.9349999999998744E+000	-2.3382766630186680E-004
6.9399999999998743E+000	-2.3399396479462098E-004
6.9449999999998742E+000	-2.3416058426939390E-004
6.9499999999998741E+000	-2.3431633127324325E-004
6.9549999999998739E+000	-2.3447620691330329E-004
6.9599999999998738E+000	-2.3464163343522859E-004
6.9649999999998737E+000	-2.3481080605491922E-004
6.9699999999998736E+000	-2.3498275822042558E-004
6.9749999999998735E+000	-2.3515727816192378E-004
6.9799999999998734E+000	-2.3533435640810119E-004
6.9849999999998733E+000	-2.3551393461451742E-004
6.9899999999998732E+000	-2.3569592575711784E-004
6.9949999999998731E+000	-2.3588028074128520E-004
6.9999999999998730E+000	-2.3606699915068585E-004
7.0049999999998729E+000	-2.3625611391653312E-004
7.0099999999998728E+000	-2.3642636760012881E-004
7.0149999999998727E+000	-2.3660235732247958E-004
7.0199999999998726E+000	-2.3678469963828164E-004
7.0249999999998725E+000	-2.3697184495130585E-004
7.0299999999998724E+000	-2.3716266529738572E-004
7.0349999999998722E+000	-2.3735665830826314E-004
7.0399999999998721E+000	-2.3755358021226858E-004
7.0449999999998720E+000	-2.3775323986174879E-004
7.0499999999998719E+000	-2.3795546191851535E-004
7.0549999999998718E+000	-2.3816008231225538E-004
7.0599999999998717E+000	-2.3836694157797211E-004
7.0649999999998716E+000	-2.3857588479458958E-004
7.0699999999998715E+000	-2.3878676126398712E-004
7.0749999999998714E+000	-2.3899942679539432E-004
7.0799999999998713E+000	-2.3921373904778331E-004
7.0849999999998712E+000	-2.3942956387912329E-004
7.0899999999998711E+000	-2.3964677404175738E-004
7.0949999999998710E+000	-2.3986524666830267E-004
7.0999999999998709E+000	-2.4008471477954263E-004
7.1049999999998708E+000	-2.4030495283122733E-004
7.1099999999998706E+000	-2.4052645004590811E-004
7.1149999999998705E+000	-2.4074913240745843E-004
7.1199999999998704E+000	-2.4097273239287453E-004
7.1249999999998703E+000	-2.4119705197278574E-004
7.1299999999998702E+000	-2.4142195464216254E-004
7.1349999999998701E+000	-2.4164732310150150E-004
7.1399999999998700E+000	-2.4187305338085885E-004
7.1449999999998699E+000	-2.4209904855676534E-004
7.1499999999998698E+000	-2.4232521405997964E-004
7.1549999999998697E+000	-2.4255146325680155E-004
7.1599999999998696E+000	-2.4277771524705560E-004
7.1649999999998695E+000	-2.4300388973053089E-004
7.1699999999998694E+000	-2.4322990521707943E-004
7.1749999999998693E+000	-2.4345569279260459E-004
7.1799999999998692E+000	-2.4368118355722057E-004
7.1849999999998690E+000	-2.4390631542625663E-004
7.1899999999998689E+000	-2.4413103396980773E-004
7.1949999999998688E+000	-2.4435526979771360E-004
7.1999999999998687E+000	-2.4457895673013486E-004
7.2049999999998686E+000	-2.4480203377807985E-004
7.2099999999998685E+000	-2.4502444732588113E-004
7.2149999999998684E+000	-2.4524614026055769E-004
7.2199999999998683E+000	-2.4546704490568949E-004
7.2249999999998682E+000	-2.4568710328531917E-004
7.2299999999998681E+000	-2.4590626846132668E-004
7.2349999999998680E+000	-2.4612449100258615E-004
7.2399999999998679E+000	-2.4634171397808213E-004
7.2449999999998678E+000	-2.4655788501060094E-004
7.2499999999998677E+000	-2.4677295576125413E-004
7.2549999999998676E+000	-2.4698687312030287E-004
7.2599999999998674E+000	-2.4719958362739991E-004
7.2649999999998673E+000	-2.4741101517733455E-004
7.2699999999998672E+000	-2.4762005491352213E-004
7.2749999999998671E+000	-2.4782780859833320E-004
7.2799999999998670E+000	-2.4803421469776765E-004
7.2849999999998669E+000	-2.4823914040805750E-004
7.2899999999998668E+000	-2.4844249571143173E-004
7.2949999999998667E+000	-2.4864421559289696E-004
7.2999999999998666E+000	-2.4884424564108887E-004
7.3049999999998665E+000	-2.4904253281488042E-004
7.3099999999998664E+000	-2.4923901445006447E-004
7.3149999999998663E+000	-2.4943365239371573E-004
7.3199999999998662E+000	-2.4962640812931092E-004
7.3249999999998661E+000	-2.4981723957673285E-004
7.3299999999998660E+000	-2.5000611246484006E-004
7.3349999999998658E+000	-2.5019301556916673E-004
7.3399999999998657E+000	-2.5037792039772633E-004
7.3449999999998656E+000	-2.5056080804242153E-004
7.3499999999998655E+000	-2.5074166073990600E-004
7.3549999999998654E+000	-2.5092046213126551E-004
7.3599999999998653E+000	-2.5109719690696863E-004
7.3649999999998652E+000	-2.5127184147033521E-004
7.3699999999998651E+000	-2.5144437481439130E-004
7.3749999999998650E+000	-2.5161477158397449E-004
7.3799999999998649E+000	-2.5178300405337417E-004
7.3849999999998648E+000	-2.5194903018421755E-004
7.3899999999998647E+000	-2.5211282434844939E-004
7.3949999999998646E+000	-2.5227437106190020E-004
7.3999999999998645E+000	-2.5243365911775673E-004
7.4049999999998644E+000	-2.5259067008887026E-004
7.4099999999998643E+000	-2.5274543144104822E-004
7.4149999999998641E+000	-2.5289793651728232E-004
7.4199999999998640E+000	-2.5304816212323722E-004
7.4249999999998639E+000	-2.5319607018670087E-004
7.4299999999998638E+000	-2.5334164630663736E-004
7.4349999999998637E+000	-2.5348487987331136E-004
7.4399999999998636E+000	-2.5362575260501341E-004
7.4449999999998635E+000	-2.5376424955703136E-004
7.4499999999998634E+000	-2.5390035508043862E-004
7.4549999999998633E+000	-2.5403405753154917E-004

 
