Grouping:(8, 0) J686
# x 	 y
0.0000000000000000E+000	-3.8297510163051875E-005
5.0000000000000001E-003	-4.0505088473094613E-005
1.0000000000000000E-002	1.9513144095210979E-004
1.4999999999999999E-002	6.3622692522369761E-004
2.0000000000000000E-002	1.2505196442523210E-003
2.5000000000000001E-002	2.0069839684283605E-003
3.0000000000000002E-002	2.8775004045007830E-003
3.5000000000000003E-002	3.8371582184745009E-003
4.0000000000000001E-002	4.8641820993697710E-003
4.4999999999999998E-002	5.9398927547150114E-003
4.9999999999999996E-002	7.0060209269606644E-003
5.4999999999999993E-002	8.1345821006821827E-003
5.9999999999999991E-002	9.2598528597085880E-003
6.4999999999999988E-002	1.0379261063677613E-002
6.9999999999999993E-002	1.1491753469209609E-002
7.4999999999999997E-002	1.2592411887248753E-002
8.0000000000000002E-002	1.3680223766543629E-002
8.5000000000000006E-002	1.4751083074279987E-002
9.0000000000000011E-002	1.5797655227898201E-002
9.5000000000000015E-002	1.6819050262618873E-002
1.0000000000000002E-001	1.7813588594351899E-002
1.0500000000000002E-001	1.8780100160601377E-002
1.1000000000000003E-001	1.9681936575060240E-002
1.1500000000000003E-001	2.0587240125092710E-002
1.2000000000000004E-001	2.1467220047303292E-002
1.2500000000000003E-001	2.2336808066964302E-002
1.3000000000000003E-001	2.3129578971686552E-002
1.3500000000000004E-001	2.3948065720857489E-002
1.4000000000000004E-001	2.4715769777211925E-002
1.4500000000000005E-001	2.5447182026776208E-002
1.5000000000000005E-001	2.6091391655169032E-002
1.5500000000000005E-001	2.6755231306197478E-002
1.6000000000000006E-001	2.7387294793910409E-002
1.6500000000000006E-001	2.8012409854648933E-002
1.7000000000000007E-001	2.8566646962089548E-002
1.7500000000000007E-001	2.9031475278925419E-002
1.8000000000000008E-001	2.9523894777522049E-002
1.8500000000000008E-001	2.9882881365587581E-002
1.9000000000000009E-001	3.0244489898857398E-002
1.9500000000000009E-001	3.0391750505632201E-002
2.0000000000000009E-001	3.0681993149585935E-002
2.0500000000000010E-001	3.0904104640042881E-002
2.1000000000000010E-001	3.1070686470072505E-002
2.1500000000000011E-001	3.1182189266518223E-002
2.2000000000000011E-001	3.1239463280349929E-002
2.2500000000000012E-001	3.1240558828461149E-002
2.3000000000000012E-001	3.1186492337056376E-002
2.3500000000000013E-001	3.1077294955298228E-002
2.4000000000000013E-001	3.0912864212988053E-002
2.4500000000000013E-001	3.0763167188397469E-002
2.5000000000000011E-001	3.0475465849599214E-002
2.5500000000000012E-001	3.0135622957972882E-002
2.6000000000000012E-001	2.9722926314392353E-002
2.6500000000000012E-001	2.9257543578200516E-002
2.7000000000000013E-001	2.8730979483964594E-002
2.7500000000000013E-001	2.8140137894766461E-002
2.8000000000000014E-001	2.7453682000449099E-002
2.8500000000000014E-001	2.6508538803822455E-002
2.9000000000000015E-001	2.5734878210597067E-002
2.9500000000000015E-001	2.4892594404818356E-002
3.0000000000000016E-001	2.4016946011230566E-002
3.0500000000000016E-001	2.3101296873755155E-002
3.1000000000000016E-001	2.2134167766141483E-002
3.1500000000000017E-001	2.1127676746788782E-002
3.2000000000000017E-001	2.0128278534063401E-002
3.2500000000000018E-001	1.9176109651996051E-002
3.3000000000000018E-001	1.8150739194769724E-002
3.3500000000000019E-001	1.7160781446970620E-002
3.4000000000000019E-001	1.6162570651107478E-002
3.4500000000000020E-001	1.5155378014608919E-002
3.5000000000000020E-001	1.4133241849065392E-002
3.5500000000000020E-001	1.3134002216000961E-002
3.6000000000000021E-001	1.2158321208705357E-002
3.6500000000000021E-001	1.1213937418762804E-002
3.7000000000000022E-001	1.0308427149036821E-002
3.7500000000000022E-001	9.4458159176967014E-003
3.8000000000000023E-001	8.6282860469787236E-003
3.8500000000000023E-001	7.8568976097093748E-003
3.9000000000000024E-001	7.2327484349037005E-003
3.9500000000000024E-001	6.5188439328190987E-003
4.0000000000000024E-001	5.8758060054162117E-003
4.0500000000000025E-001	5.2874493817132336E-003
4.1000000000000025E-001	4.8469858153916785E-003
4.1500000000000026E-001	4.3532480598277397E-003
4.2000000000000026E-001	3.8425532924223310E-003
4.2500000000000027E-001	3.4249629637575201E-003
4.3000000000000027E-001	3.0695773312104007E-003
4.3500000000000028E-001	2.7689336110464776E-003
4.4000000000000028E-001	2.5204903040832696E-003
4.4500000000000028E-001	2.3226097464722636E-003
4.5000000000000029E-001	2.1738887046105289E-003
4.5500000000000029E-001	2.0720076458883136E-003
4.6000000000000030E-001	2.0143145511728349E-003
4.6500000000000030E-001	1.9974955039398275E-003
4.7000000000000031E-001	2.0176915878810757E-003
4.7500000000000031E-001	2.0697661771269032E-003
4.8000000000000032E-001	2.1496080827866390E-003
4.8500000000000032E-001	2.2529955049987453E-003
4.9000000000000032E-001	2.3756471657636964E-003
4.9500000000000033E-001	2.5133606959416919E-003
5.0000000000000033E-001	2.6621059468016875E-003
5.0500000000000034E-001	2.8177165826234023E-003
5.1000000000000034E-001	2.9765379514162904E-003
5.1500000000000035E-001	3.2066908292422204E-003
5.2000000000000035E-001	3.2968449478597123E-003
5.2500000000000036E-001	3.4043886101676425E-003
5.3000000000000036E-001	3.5683933542024638E-003
5.3500000000000036E-001	3.6338643141898882E-003
5.4000000000000037E-001	3.7076668090603765E-003
5.4500000000000037E-001	3.7830653115042919E-003
5.5000000000000038E-001	3.8529325054307739E-003
5.5500000000000038E-001	3.9131263524876218E-003
5.6000000000000039E-001	3.9610540889795740E-003
5.6500000000000039E-001	3.9527517335126707E-003
5.7000000000000040E-001	3.9742650182029047E-003
5.7500000000000040E-001	3.9734333793339724E-003
5.8000000000000040E-001	3.9533453727434798E-003
5.8500000000000041E-001	3.9257055209534148E-003
5.9000000000000041E-001	3.8891819284104998E-003
5.9500000000000042E-001	3.8425198424984529E-003
6.0000000000000042E-001	3.7853337587859461E-003
6.0500000000000043E-001	3.7188351843290995E-003
6.1000000000000043E-001	3.6445048495796551E-003
6.1500000000000044E-001	3.5643031043412327E-003
6.2000000000000044E-001	3.4802635345811601E-003
6.2500000000000044E-001	3.4142486038992457E-003
6.3000000000000045E-001	3.3590040129594938E-003
6.3500000000000045E-001	3.2757845475959446E-003
6.4000000000000046E-001	3.2455151821914967E-003
6.4500000000000046E-001	3.1990307872104382E-003
6.5000000000000047E-001	3.1212850089398993E-003
6.5500000000000047E-001	3.0492629359470595E-003
6.6000000000000048E-001	2.9862980209588389E-003
6.6500000000000048E-001	2.9340103423899431E-003
6.7000000000000048E-001	2.8945134726018557E-003
6.7500000000000049E-001	2.7422438877954380E-003
6.8000000000000049E-001	2.7209905643805900E-003
6.8500000000000050E-001	2.6822687218960280E-003
6.9000000000000050E-001	2.6279709592623990E-003
6.9500000000000051E-001	2.5627605144261474E-003
7.0000000000000051E-001	2.5045867143942682E-003
7.0500000000000052E-001	2.4726872010702380E-003
7.1000000000000052E-001	2.4250099435968271E-003
7.1500000000000052E-001	2.3863945937192214E-003
7.2000000000000053E-001	2.3397502636137071E-003
7.2500000000000053E-001	2.3099772145943201E-003
7.3000000000000054E-001	2.2951370593619095E-003
7.3500000000000054E-001	2.2813700485252489E-003
7.4000000000000055E-001	2.2492752749808972E-003
7.4500000000000055E-001	2.2093374644305314E-003
7.5000000000000056E-001	2.1648392695749127E-003
7.5500000000000056E-001	2.1174252654990364E-003
7.6000000000000056E-001	2.0679284437798043E-003
7.6500000000000057E-001	2.0171133389715531E-003
7.7000000000000057E-001	1.9663671177893266E-003
7.7500000000000058E-001	1.9141409468190259E-003
7.8000000000000058E-001	1.8606976545357365E-003
7.8500000000000059E-001	1.7458170370364032E-003
7.9000000000000059E-001	1.7417245023996139E-003
7.9500000000000060E-001	1.6463214266206349E-003
8.0000000000000060E-001	1.6433995605114214E-003
8.0500000000000060E-001	1.6067771308148596E-003
8.1000000000000061E-001	1.5617124861232511E-003
8.1500000000000061E-001	1.5131746608197843E-003
8.2000000000000062E-001	1.4628253704553750E-003
8.2500000000000062E-001	1.4117653162617999E-003
8.3000000000000063E-001	1.3597611564806270E-003
8.3500000000000063E-001	1.3073145200999086E-003
8.4000000000000064E-001	1.2543783799267561E-003
8.4500000000000064E-001	1.2014258455177653E-003
8.5000000000000064E-001	1.1488517940488497E-003
8.5500000000000065E-001	1.0969758792850207E-003
8.6000000000000065E-001	1.0461454908567511E-003
8.6500000000000066E-001	9.9681580140740514E-004
8.7000000000000066E-001	9.4939271585530523E-004
8.7500000000000067E-001	9.0423452552440954E-004
8.8000000000000067E-001	8.6170517711281871E-004
8.8500000000000068E-001	8.2212992878325289E-004
8.9000000000000068E-001	7.8579436132210400E-004
8.9500000000000068E-001	7.5294065576099597E-004
9.0000000000000069E-001	7.2375808223153106E-004
9.0500000000000069E-001	6.9826467677738455E-004
9.1000000000000070E-001	6.7668565157565335E-004
9.1500000000000070E-001	6.5908303404401335E-004
9.2000000000000071E-001	6.4542907314117746E-004
9.2500000000000071E-001	6.3557901362703748E-004
9.3000000000000071E-001	6.2940177803325721E-004
9.3500000000000072E-001	6.2677557682799660E-004
9.4000000000000072E-001	6.2757968947598798E-004
9.4500000000000073E-001	6.3207852964496580E-004
9.5000000000000073E-001	6.3968339777117954E-004
9.5500000000000074E-001	6.5014849401096541E-004
9.6000000000000074E-001	6.6320707836024350E-004
9.6500000000000075E-001	6.7857867041728212E-004
9.7000000000000075E-001	6.9523564000657518E-004
9.7500000000000075E-001	5.8814194941436194E-004
9.8000000000000076E-001	6.0240117289665209E-004
9.8500000000000076E-001	6.6221080328023149E-004
9.9000000000000077E-001	6.9382117066815513E-004
9.9500000000000077E-001	7.2214198321639972E-004
1.0000000000000007E+000	7.5027072765337292E-004
1.0050000000000006E+000	7.2640423263897725E-004
1.0100000000000005E+000	7.9632639736354450E-004
1.0150000000000003E+000	8.3765019453463136E-004
1.0200000000000002E+000	8.7263170754164378E-004
1.0250000000000001E+000	9.0395763294167405E-004
1.0300000000000000E+000	9.3187436842377290E-004
1.0349999999999999E+000	9.5497341398241402E-004
1.0399999999999998E+000	9.7018353172243345E-004
1.0449999999999997E+000	9.7808518236616369E-004
1.0499999999999996E+000	9.8276066934363288E-004
1.0549999999999995E+000	9.6286823870271848E-004
1.0599999999999994E+000	1.0112801319722582E-003
1.0649999999999993E+000	1.0203255478562715E-003
1.0699999999999992E+000	1.0189641050932848E-003
1.0749999999999991E+000	1.0123451923193453E-003
1.0799999999999990E+000	1.0024674570421493E-003
1.0849999999999989E+000	9.9051981864967348E-004
1.0899999999999987E+000	9.7727970567740448E-004
1.0949999999999986E+000	9.6334686273941953E-004
1.0999999999999985E+000	9.4919533801668865E-004
1.1049999999999984E+000	9.3519414831846372E-004
1.1099999999999983E+000	9.2164333422073180E-004
1.1149999999999982E+000	9.0875175984357723E-004
1.1199999999999981E+000	8.9665686750132611E-004
1.1249999999999980E+000	8.8543780246115285E-004
1.1299999999999979E+000	8.7512352810967546E-004
1.1349999999999978E+000	8.6569600721350410E-004
1.1399999999999977E+000	8.5709744730638889E-004
1.1449999999999976E+000	8.4923534197040300E-004
1.1499999999999975E+000	8.4198471332239653E-004
1.1549999999999974E+000	8.3516550603248763E-004
1.1599999999999973E+000	8.5155587461443138E-004
1.1649999999999971E+000	8.2911664660914944E-004
1.1699999999999970E+000	8.0215488411690427E-004
1.1749999999999969E+000	7.3449752969179636E-004
1.1799999999999968E+000	7.1373709683996377E-004
1.1849999999999967E+000	7.0217447892617472E-004
1.1899999999999966E+000	6.9421043396808598E-004
1.1949999999999965E+000	6.8738766433905482E-004
1.1999999999999964E+000	6.8079390394198524E-004
1.2049999999999963E+000	6.7372472308274863E-004
1.2099999999999962E+000	6.6583203432592382E-004
1.2149999999999961E+000	6.5690823748979410E-004
1.2199999999999960E+000	6.4678552652040408E-004
1.2249999999999959E+000	6.3531729662910012E-004
1.2299999999999958E+000	6.2239675214871061E-004
1.2349999999999957E+000	6.0184126162936367E-004
1.2399999999999956E+000	5.8038269732890279E-004
1.2449999999999954E+000	5.6419912513157864E-004
1.2499999999999953E+000	5.4823948616112737E-004
1.2549999999999952E+000	5.3175975620623275E-004
1.2599999999999951E+000	5.1441212215484950E-004
1.2649999999999950E+000	4.9603053262479383E-004
1.2699999999999949E+000	4.5503324442797876E-004
1.2749999999999948E+000	4.3413924820028606E-004
1.2799999999999947E+000	4.1126162293473662E-004
1.2849999999999946E+000	3.9242933044344455E-004
1.2899999999999945E+000	3.7410472409586020E-004
1.2949999999999944E+000	3.5580348951462661E-004
1.2999999999999943E+000	3.3736217805199883E-004
1.3049999999999942E+000	3.1869041311796085E-004
1.3099999999999941E+000	2.9986341092584049E-004
1.3149999999999940E+000	2.8104093396777105E-004
1.3199999999999938E+000	2.6240924414313362E-004
1.3249999999999937E+000	2.4413983477979676E-004
1.3299999999999936E+000	2.2638807707349223E-004
1.3349999999999935E+000	2.0932515986180446E-004
1.3399999999999934E+000	1.9307979087355726E-004
1.3449999999999933E+000	1.7777408552446298E-004
1.3499999999999932E+000	1.6348649970808859E-004
1.3549999999999931E+000	1.5031274829297304E-004
1.3599999999999930E+000	1.3829235979184154E-004
1.3649999999999929E+000	2.3460817225654003E-005
1.3699999999999928E+000	2.6470216070492592E-005
1.3749999999999927E+000	2.7429728701787887E-005
1.3799999999999926E+000	2.9671540973513531E-005
1.3849999999999925E+000	-3.7515544156646855E-005
1.3899999999999924E+000	-1.9123257482423664E-005
1.3949999999999922E+000	2.4528274731205833E-006
1.3999999999999921E+000	2.4426176926693185E-005
1.4049999999999920E+000	4.5439385796971433E-005
1.4099999999999919E+000	6.5133700907730416E-005
1.4149999999999918E+000	1.0991460493350871E-006
1.4199999999999917E+000	1.6444296734767495E-005
1.4249999999999916E+000	4.9557381124958673E-005
1.4299999999999915E+000	7.0813017358660205E-005
1.4349999999999914E+000	7.8068659736311790E-005
1.4399999999999913E+000	1.3170551992966581E-004
1.4449999999999912E+000	1.7651247821089640E-004
1.4499999999999911E+000	1.9537807831034005E-004
1.4549999999999910E+000	2.0895140031006241E-004
1.4599999999999909E+000	2.1945600234276125E-004
1.4649999999999908E+000	2.2737495548444883E-004
1.4699999999999906E+000	2.3287765250396542E-004
1.4749999999999905E+000	2.3587978080216664E-004
1.4799999999999904E+000	2.3673966463890158E-004
1.4849999999999903E+000	2.3554667255359590E-004
1.4899999999999902E+000	2.3250968008625315E-004
1.4949999999999901E+000	2.2777430509214554E-004
1.4999999999999900E+000	2.2155513467286394E-004
1.5049999999999899E+000	2.1407071348988462E-004
1.5099999999999898E+000	2.0553034379296371E-004
1.5149999999999897E+000	1.9611727970289406E-004
1.5199999999999896E+000	1.8600447715870860E-004
1.5249999999999895E+000	1.7528697751558172E-004
1.5299999999999894E+000	1.6416413905627415E-004
1.5349999999999893E+000	1.5274081587509928E-004
1.5399999999999892E+000	1.4120534915777036E-004
1.5449999999999890E+000	1.2971183972552842E-004
1.5499999999999889E+000	1.1872397511237215E-004
1.5549999999999888E+000	1.0807968849784803E-004
1.5599999999999887E+000	9.7861206249560024E-005
1.5649999999999886E+000	8.8135810253075784E-005
1.5699999999999885E+000	7.8957118670364452E-005
1.5749999999999884E+000	7.0368900308380555E-005
1.5799999999999883E+000	6.2647443779952021E-005
1.5849999999999882E+000	5.5521656039286568E-005
1.5899999999999881E+000	4.9066845602188864E-005
1.5949999999999880E+000	4.3411302299713563E-005
1.5999999999999879E+000	3.8521275902513793E-005
1.6049999999999878E+000	3.4350053642354550E-005
1.6099999999999877E+000	3.0873593391208248E-005
1.6149999999999876E+000	2.8065371732615142E-005
1.6199999999999875E+000	2.5893565256097094E-005
1.6249999999999873E+000	2.4312890433609205E-005
1.6299999999999872E+000	2.3275913053288267E-005
1.6349999999999871E+000	2.2740933305684848E-005
1.6399999999999870E+000	2.2648828365316622E-005
1.6449999999999869E+000	2.2948675683638063E-005
1.6499999999999868E+000	2.3621099825113138E-005
1.6549999999999867E+000	2.4568817757130989E-005
1.6599999999999866E+000	2.5737844494704141E-005
1.6649999999999865E+000	2.7105414410514607E-005
1.6699999999999864E+000	2.8535269492217767E-005
1.6749999999999863E+000	3.0031114732758322E-005
1.6799999999999862E+000	3.1580808279611345E-005
1.6849999999999861E+000	3.3166272911399548E-005
1.6899999999999860E+000	3.4756291092303227E-005
1.6949999999999859E+000	3.6333505195007721E-005
1.6999999999999857E+000	3.7884340734314385E-005
1.7049999999999856E+000	3.9388722709365934E-005
1.7099999999999855E+000	4.0812598715502673E-005
1.7149999999999854E+000	4.2145352387267990E-005
1.7199999999999853E+000	4.3365804957325963E-005
1.7249999999999852E+000	4.4462202881348964E-005
1.7299999999999851E+000	4.5435694923123333E-005
1.7349999999999850E+000	4.6281723563143625E-005
1.7399999999999849E+000	4.6999138506006938E-005
1.7449999999999848E+000	4.7596645560376697E-005
1.7499999999999847E+000	4.8070361741762113E-005
1.7549999999999846E+000	4.8429017003466391E-005
1.7599999999999845E+000	4.8675005039130413E-005
1.7649999999999844E+000	4.8852382973139481E-005
1.7699999999999843E+000	4.8935730724165087E-005
1.7749999999999841E+000	4.8918149692099734E-005
1.7799999999999840E+000	4.8808725739709788E-005
1.7849999999999839E+000	4.8620622250996049E-005
1.7899999999999838E+000	4.8358500155199924E-005
1.7949999999999837E+000	4.8032256243225271E-005
1.7999999999999836E+000	4.7637971191455813E-005
1.8049999999999835E+000	4.7195721815124759E-005
1.8099999999999834E+000	4.6707321369254415E-005
1.8149999999999833E+000	4.6183343519401877E-005
1.8199999999999832E+000	4.5636903926376954E-005
1.8249999999999831E+000	4.5073539405556598E-005
1.8299999999999830E+000	4.4497050725649488E-005
1.8349999999999829E+000	4.3905292093916566E-005
1.8399999999999828E+000	4.3375018439339381E-005
1.8449999999999827E+000	4.2841926168579870E-005
1.8499999999999825E+000	4.2318205144329479E-005
1.8549999999999824E+000	4.1691531391564694E-005
1.8599999999999823E+000	4.1106178079025033E-005
1.8649999999999822E+000	4.0593447533435213E-005
1.8699999999999821E+000	4.0133624733095920E-005
1.8749999999999820E+000	3.9715442967601702E-005
1.8799999999999819E+000	3.9212188162851419E-005
1.8849999999999818E+000	3.8724645860499458E-005
1.8899999999999817E+000	3.8332275395842630E-005
1.8949999999999816E+000	3.7637689610276021E-005
1.8999999999999815E+000	3.6735129977358330E-005
1.9049999999999814E+000	3.5713765324233859E-005
1.9099999999999813E+000	3.4597573650262804E-005
1.9149999999999812E+000	3.3412988944528575E-005
1.9199999999999811E+000	3.2157983360835730E-005
1.9249999999999809E+000	3.0907559858282612E-005
1.9299999999999808E+000	2.9627025000990481E-005
1.9349999999999807E+000	2.8279320311303985E-005
1.9399999999999806E+000	2.6876047620610056E-005
1.9449999999999805E+000	2.5414392724111397E-005
1.9499999999999804E+000	2.3904065061110250E-005
1.9549999999999803E+000	2.2332685446909236E-005
1.9599999999999802E+000	2.0718262268949766E-005
1.9649999999999801E+000	1.9059642507698665E-005
1.9699999999999800E+000	1.7366293175876120E-005
1.9749999999999799E+000	1.5697309465753542E-005
1.9799999999999798E+000	1.4026095184970633E-005
1.9849999999999797E+000	1.2327798381950021E-005
1.9899999999999796E+000	1.0607559393004740E-005
1.9949999999999795E+000	8.8559469502443695E-006
1.9999999999999793E+000	7.0872397571492902E-006
2.0049999999999795E+000	5.3032706241706965E-006
2.0099999999999794E+000	3.5159031344612563E-006
2.0149999999999793E+000	1.7067835284994266E-006
2.0199999999999791E+000	-5.8077022224153338E-008
2.0249999999999790E+000	-1.8126582739504285E-006
2.0299999999999789E+000	-3.5709959310222460E-006
2.0349999999999788E+000	-5.3114321837725593E-006
2.0399999999999787E+000	-7.0512795845915638E-006
2.0449999999999786E+000	-8.7668105353430232E-006
2.0499999999999785E+000	-1.0451384647369956E-005
2.0549999999999784E+000	-1.2094553874438352E-005
2.0599999999999783E+000	-1.3683698516373985E-005
2.0649999999999782E+000	-1.5204998843218596E-005
2.0699999999999781E+000	-1.6664359200372190E-005
2.0749999999999780E+000	-1.8041672123403404E-005
2.0799999999999779E+000	-1.9333769899858997E-005
2.0849999999999778E+000	-2.0528565001595325E-005
2.0849999999999778E+000	-1.9061642586007583E-006
2.0899999999999777E+000	-2.8262885906458352E-005
2.0949999999999775E+000	-2.0367410260839227E-005
2.0999999999999774E+000	6.2190611597023493E-006
2.1049999999999773E+000	2.0099097715369960E-006
2.1099999999999772E+000	-5.1380384003223182E-006
2.1149999999999771E+000	8.3044534786437424E-006
2.1199999999999770E+000	3.5031180706175112E-005
2.1249999999999769E+000	3.2997246153810418E-005
2.1299999999999768E+000	2.7280625770146902E-005
2.1349999999999767E+000	2.0960659629555451E-005
2.1399999999999766E+000	-1.6954013284515412E-005
2.1449999999999765E+000	6.8323946809224445E-006
2.1499999999999764E+000	4.6936473377185164E-006
2.1549999999999763E+000	-1.5799145736897628E-006
2.1599999999999762E+000	-8.7475681417420020E-006
2.1649999999999761E+000	-1.5865985323601459E-005
2.1699999999999759E+000	-2.2614308311901085E-005
2.1749999999999758E+000	-2.8849674263800071E-005
2.1799999999999757E+000	-3.4500056696400909E-005
2.1849999999999756E+000	-3.9524899854171425E-005
2.1899999999999755E+000	-4.4112870360428796E-005
2.1949999999999754E+000	-4.8039748527257001E-005
2.1999999999999753E+000	-4.4816644532989208E-005
2.2049999999999752E+000	-4.2708258222912703E-005
2.2099999999999751E+000	-1.2369112060958889E-005
2.2149999999999750E+000	-1.0655680591794809E-005
2.2199999999999749E+000	-1.4659749964594792E-005
2.2249999999999748E+000	-2.0231485950456063E-005
2.2299999999999747E+000	-2.6183123785055783E-005
2.2349999999999746E+000	-3.2042708528737040E-005
2.2399999999999745E+000	-3.7559858032828881E-005
2.2449999999999743E+000	-4.2580843165074695E-005
2.2499999999999742E+000	-4.7011458829802224E-005
2.2549999999999741E+000	-5.0797971737861457E-005
2.2599999999999740E+000	-5.3916552249681142E-005
2.2649999999999739E+000	-5.6378499073621827E-005
2.2699999999999738E+000	-5.8206820503178860E-005
2.2749999999999737E+000	-5.9407174456821902E-005
2.2799999999999736E+000	-6.0015393391641691E-005
2.2849999999999735E+000	-6.0105929658524012E-005
2.2899999999999734E+000	-5.9689995675814513E-005
2.2949999999999733E+000	-5.8796883659329721E-005
2.2999999999999732E+000	-5.7472399009634789E-005
2.3049999999999731E+000	-5.5759815103196547E-005
2.3099999999999730E+000	-5.3710135492760077E-005
2.3149999999999729E+000	-5.1350731854139270E-005
2.3199999999999728E+000	-4.8727976860270208E-005
2.3249999999999726E+000	-4.5870906352182474E-005
2.3299999999999725E+000	-4.2828727461073107E-005
2.3349999999999724E+000	-3.9629844482363849E-005
2.3399999999999723E+000	-3.6483429841781068E-005
2.3449999999999722E+000	-3.3317370860029358E-005
2.3499999999999721E+000	-3.0086671850503772E-005
2.3549999999999720E+000	-2.6651173442210920E-005
2.3599999999999719E+000	-2.2941791348138534E-005
2.3649999999999718E+000	-1.9006028464690373E-005
2.3699999999999717E+000	-1.4940122168709400E-005
2.3749999999999716E+000	-1.0899395901261512E-005
2.3799999999999715E+000	-6.9000364333566732E-006
2.3849999999999714E+000	-2.9834467311550323E-006
2.3899999999999713E+000	8.2658883983548568E-007
2.3949999999999712E+000	4.4833164460834942E-006
2.3999999999999710E+000	7.9632242867398372E-006
2.4049999999999709E+000	1.1231090411240594E-005
2.4099999999999708E+000	1.4274542456564272E-005
2.4149999999999707E+000	1.7070953715731027E-005
2.4199999999999706E+000	1.9598694262948313E-005
2.4249999999999705E+000	2.1852573411186470E-005
2.4299999999999704E+000	2.3830399204054471E-005
2.4349999999999703E+000	2.5530070175725522E-005
2.4399999999999702E+000	2.6958478006954384E-005
2.4449999999999701E+000	2.8114962681937844E-005
2.4499999999999700E+000	2.9004003076381284E-005
2.4549999999999699E+000	2.9622703752846934E-005
2.4599999999999698E+000	2.9998549001516712E-005
2.4649999999999697E+000	3.0132898764500641E-005
2.4699999999999696E+000	3.0042795102755579E-005
2.4749999999999694E+000	2.9735734532278164E-005
2.4799999999999693E+000	2.9225370809978811E-005
2.4849999999999692E+000	2.8527664392506007E-005
2.4899999999999691E+000	2.7656386653125012E-005
2.4949999999999690E+000	2.6636866924722202E-005
2.4999999999999689E+000	2.5478692797956880E-005
2.5049999999999688E+000	2.4208202885580460E-005
2.5099999999999687E+000	2.2838320671635090E-005
2.5149999999999686E+000	2.1386974685541870E-005
2.5199999999999685E+000	1.9872671029164264E-005
2.5249999999999684E+000	1.8307855127195741E-005
2.5299999999999683E+000	1.6716306591910900E-005
2.5349999999999682E+000	1.5114602401143092E-005
2.5399999999999681E+000	1.3512997028891915E-005
2.5449999999999680E+000	1.1924872993616664E-005
2.5499999999999678E+000	1.0358013794931595E-005
2.5549999999999677E+000	8.8310500939792261E-006
2.5599999999999676E+000	7.3503995575697939E-006
2.5649999999999675E+000	5.9307996198350911E-006
2.5699999999999674E+000	4.5737027703179089E-006
2.5749999999999673E+000	3.2856005724286574E-006
2.5799999999999672E+000	2.0728095344926961E-006
2.5849999999999671E+000	9.3945132767884662E-007
2.5899999999999670E+000	-1.1803942914655172E-007
2.5949999999999669E+000	-1.0890532988834809E-006
2.5999999999999668E+000	-1.9723699662900534E-006
2.6049999999999667E+000	-2.7736799821151235E-006
2.6099999999999666E+000	-3.4944339899679095E-006
2.6149999999999665E+000	-4.1426214960646625E-006
2.6199999999999664E+000	-4.7113069927301213E-006
2.6249999999999662E+000	-5.2026997796645417E-006
2.6299999999999661E+000	-5.6318375544067296E-006
2.6349999999999660E+000	-6.0080912053719985E-006
2.6399999999999659E+000	-6.3286023845835947E-006
2.6449999999999658E+000	-6.5922245655537972E-006
2.6499999999999657E+000	-6.8065233450161498E-006
2.6549999999999656E+000	-6.9672081865938470E-006
2.6599999999999655E+000	-7.0834915332922015E-006
2.6649999999999654E+000	-7.1609520087512828E-006
2.6699999999999653E+000	-7.2042326521018174E-006
2.6749999999999652E+000	-7.2282709182541612E-006
2.6799999999999651E+000	-7.2260169166721476E-006
2.6849999999999650E+000	-7.2030062240174921E-006
2.6899999999999649E+000	-7.1621394842776084E-006
2.6949999999999648E+000	-7.1124661281423719E-006
2.6999999999999647E+000	-7.0635303524615247E-006
2.7049999999999645E+000	-7.0210412326879812E-006
2.7099999999999644E+000	-6.9807440733644758E-006
2.7149999999999643E+000	-6.9472309289527373E-006
2.7199999999999642E+000	-6.9305436314072733E-006
2.7249999999999641E+000	-6.9258492268112453E-006
2.7299999999999640E+000	-6.9394114801677449E-006
2.7349999999999639E+000	-6.9762496793533149E-006
2.7399999999999638E+000	-7.0376498642464796E-006
2.7449999999999637E+000	-7.1257713168588035E-006
2.7499999999999636E+000	-7.2335731598723993E-006
2.7549999999999635E+000	-7.3663007639287898E-006
2.7599999999999634E+000	-7.5234860453404735E-006
2.7649999999999633E+000	-7.7042851467718386E-006
2.7699999999999632E+000	-7.9201633978120099E-006
2.7749999999999631E+000	-8.1572453707826674E-006
2.7799999999999629E+000	-8.4296354881222147E-006
2.7849999999999628E+000	-8.7365200086226207E-006
2.7899999999999627E+000	-9.0733236340190667E-006
2.7949999999999626E+000	-9.4375907064712248E-006
2.7999999999999625E+000	-9.8279185810101143E-006
2.8049999999999624E+000	-1.0242455813565006E-005
2.8099999999999623E+000	-1.0678593058687412E-005
2.8149999999999622E+000	-1.1133398175726398E-005
2.8199999999999621E+000	-1.1604532770442664E-005
2.8249999999999620E+000	-1.2094429739264562E-005
2.8299999999999619E+000	-1.2594621257601029E-005
2.8349999999999618E+000	-1.3104970027323113E-005
2.8399999999999617E+000	-1.3626901217164204E-005
2.8449999999999616E+000	-1.4159391452910942E-005
2.8499999999999615E+000	-1.4700308982751926E-005
2.8549999999999613E+000	-1.5238661572995292E-005
2.8599999999999612E+000	-1.5774616082812826E-005
2.8649999999999611E+000	-1.6299262350660166E-005
2.8699999999999610E+000	-1.6808781116988432E-005
2.8749999999999609E+000	-1.7296863228885733E-005
2.8799999999999608E+000	-1.7774269499980413E-005
2.8849999999999607E+000	-1.8243610409514619E-005
2.8899999999999606E+000	-1.8697930361352791E-005
2.8949999999999605E+000	-1.9140887962035091E-005
2.8999999999999604E+000	-1.9571273082675301E-005
2.9049999999999603E+000	-1.9987687159506776E-005
2.9099999999999602E+000	-2.0389630001079493E-005
2.9149999999999601E+000	-2.0777371507551147E-005
2.9199999999999600E+000	-2.1151696224362516E-005
2.9249999999999599E+000	-2.1518650409991053E-005
2.9299999999999597E+000	-2.1869498317599624E-005
2.9349999999999596E+000	-2.2214284176424205E-005
2.9399999999999595E+000	-2.2544977810559541E-005
2.9449999999999594E+000	-2.2871367621050902E-005
2.9499999999999593E+000	-2.3185094137391685E-005
2.9549999999999592E+000	-2.3495615525727401E-005
2.9599999999999591E+000	-2.3799136098391956E-005
2.9649999999999590E+000	-2.4090041034369148E-005
2.9699999999999589E+000	-2.4358484310020503E-005
2.9749999999999588E+000	-2.4597641122661157E-005
2.9799999999999587E+000	-2.4811645783143096E-005
2.9849999999999586E+000	-2.5015768871848689E-005
2.9899999999999585E+000	-2.5235200137478999E-005
2.9949999999999584E+000	-2.5467841955920760E-005
2.9999999999999583E+000	-2.5684446051113380E-005
3.0049999999999581E+000	-2.5872721853980106E-005
3.0099999999999580E+000	-2.6028932891100926E-005
3.0149999999999579E+000	-2.6148591152716037E-005
3.0199999999999578E+000	-2.6242439262589895E-005
3.0249999999999577E+000	-2.6306800815072507E-005
3.0299999999999576E+000	-2.6336230360893165E-005
3.0349999999999575E+000	-2.6335775856860489E-005
3.0399999999999574E+000	-2.6311067167063665E-005
3.0449999999999573E+000	-2.6257457795299959E-005
3.0499999999999572E+000	-2.6174650984348113E-005
3.0549999999999571E+000	-2.6059193421414098E-005
3.0599999999999570E+000	-2.5916558750612185E-005
3.0649999999999569E+000	-2.5752505699727865E-005
3.0699999999999568E+000	-2.5557649540266004E-005
3.0749999999999567E+000	-2.5341186710463588E-005
3.0799999999999566E+000	-2.5094846829134899E-005
3.0849999999999564E+000	-2.4832968649048032E-005
3.0899999999999563E+000	-2.4552182798871829E-005
3.0949999999999562E+000	-2.4244920039946813E-005
3.0999999999999561E+000	-2.3906700762559591E-005
3.1049999999999560E+000	-2.3536203970873913E-005
3.1099999999999559E+000	-2.3133639423558214E-005
3.1149999999999558E+000	-2.2700061541492293E-005
3.1199999999999557E+000	-2.2237211086518444E-005
3.1249999999999556E+000	-2.1747223486136824E-005
3.1299999999999555E+000	-2.1232329114771290E-005
3.1349999999999554E+000	-2.0694675262169306E-005
3.1399999999999553E+000	-2.0136275615733908E-005
3.1449999999999552E+000	-1.9559010989854321E-005
3.1499999999999551E+000	-1.8964625129649360E-005
3.1549999999999550E+000	-1.8354717696718466E-005
3.1599999999999548E+000	-1.7730742584887002E-005
3.1649999999999547E+000	-1.7094012865719567E-005
3.1699999999999546E+000	-1.6445710003304324E-005
3.1749999999999545E+000	-1.5786894843274997E-005
3.1799999999999544E+000	-1.5118518997517194E-005
3.1849999999999543E+000	-1.4441436163764917E-005
3.1899999999999542E+000	-1.3756413234985166E-005
3.1949999999999541E+000	-1.3064144779824294E-005
3.1999999999999540E+000	-1.2360456450694313E-005
3.2049999999999539E+000	-1.1650835404320496E-005
3.2099999999999538E+000	-1.0941444400842769E-005
3.2149999999999537E+000	-1.0227818592406520E-005
3.2199999999999536E+000	-9.5094256445691191E-006
3.2249999999999535E+000	-8.7866625792367940E-006
3.2299999999999534E+000	-8.0600088891331268E-006
3.2349999999999532E+000	-7.3251472618231040E-006
3.2399999999999531E+000	-6.5848008909532243E-006
3.2449999999999530E+000	-5.8512119678750688E-006
3.2499999999999529E+000	-5.1177772220308702E-006
3.2549999999999528E+000	-4.3821159513725538E-006
3.2599999999999527E+000	-3.6370951836330202E-006
3.2649999999999526E+000	-2.8995664640526355E-006
3.2699999999999525E+000	-2.1639868786273770E-006
3.2749999999999524E+000	-1.4280755744703483E-006
3.2799999999999523E+000	-6.8763428659176841E-007
3.2849999999999522E+000	5.3836444400873545E-008
3.2899999999999521E+000	7.8915254642979333E-007
3.2949999999999520E+000	1.5207150469579560E-006
3.2999999999999519E+000	2.2495911772409734E-006
3.3049999999999518E+000	2.9745767932084216E-006
3.3099999999999516E+000	3.6943888865438933E-006
3.3149999999999515E+000	4.4079865244008183E-006
3.3199999999999514E+000	5.1143704174931996E-006
3.3249999999999513E+000	5.8124242592795290E-006
3.3299999999999512E+000	6.5010258200346811E-006
3.3349999999999511E+000	7.1790581455522872E-006
3.3399999999999510E+000	7.8454336086763459E-006
3.3449999999999509E+000	8.4873029188552947E-006
3.3499999999999508E+000	9.1253762971051039E-006
3.3549999999999507E+000	9.7561340975087043E-006
3.3599999999999506E+000	1.0404787003239920E-005
3.3649999999999505E+000	1.1068394912271522E-005
3.3699999999999504E+000	1.1736307758430683E-005
3.3749999999999503E+000	1.2374911665450992E-005
3.3799999999999502E+000	1.3041443619054718E-005
3.3849999999999500E+000	1.3714090801600098E-005
3.3899999999999499E+000	1.4384376663503913E-005
3.3949999999999498E+000	1.5010971558616965E-005
3.3999999999999497E+000	1.5630460371358312E-005
3.4049999999999496E+000	1.6227478712432896E-005
3.4099999999999495E+000	1.6782942206118576E-005
3.4149999999999494E+000	1.7286733393224805E-005
3.4199999999999493E+000	1.7707287678767975E-005
3.4249999999999492E+000	1.8081810165833768E-005
3.4299999999999491E+000	1.8422926942918033E-005
3.4349999999999490E+000	1.8723920625573954E-005
3.4399999999999489E+000	1.8987907483650850E-005
3.4449999999999488E+000	1.9200836366608266E-005
3.4499999999999487E+000	1.9399012046330552E-005
3.4549999999999486E+000	1.9578350268942517E-005
3.4599999999999485E+000	1.9722699289008394E-005
3.4649999999999483E+000	1.9830689900779922E-005
3.4699999999999482E+000	1.9867100422039636E-005
3.4749999999999481E+000	1.9885275081566307E-005
3.4799999999999480E+000	1.9878412750853073E-005
3.4849999999999479E+000	1.9833179907871130E-005
3.4899999999999478E+000	1.9721170151170636E-005
3.4949999999999477E+000	1.9471139579009294E-005
3.4999999999999476E+000	1.9233744672916569E-005
3.5049999999999475E+000	1.8937226966089662E-005
3.5099999999999474E+000	1.8518230827286306E-005
3.5149999999999473E+000	1.7975893457925364E-005
3.5199999999999472E+000	1.7320832733863694E-005
3.5249999999999471E+000	1.6534571068863446E-005
3.5299999999999470E+000	1.5662624687588946E-005
3.5349999999999469E+000	1.4680504556200091E-005
3.5399999999999467E+000	1.3626181038548661E-005
3.5449999999999466E+000	1.2526380313871372E-005
3.5499999999999465E+000	1.1379227656342210E-005
3.5549999999999464E+000	1.0241660102797776E-005
3.5599999999999463E+000	9.1267528909432665E-006
3.5649999999999462E+000	8.0390791778708286E-006
3.5699999999999461E+000	6.9952426916290460E-006
3.5749999999999460E+000	6.0118634065318490E-006
3.5799999999999459E+000	5.0761015171168066E-006
3.5849999999999458E+000	4.2377438141668689E-006
3.5899999999999457E+000	3.4995999058643047E-006
3.5949999999999456E+000	2.8544010162622660E-006
3.5999999999999455E+000	2.2963998316324279E-006
3.6049999999999454E+000	1.8058976943400677E-006
3.6099999999999453E+000	1.4268617831299510E-006
3.6149999999999451E+000	1.1536898715362763E-006
3.6199999999999450E+000	9.7187499831770226E-007
3.6249999999999449E+000	8.7016152255278272E-007
3.6299999999999448E+000	8.5230468090471664E-007
3.6349999999999447E+000	8.6723522163513019E-007
3.6399999999999446E+000	9.7255581270837495E-007
3.6449999999999445E+000	1.1602775896560722E-006
3.6499999999999444E+000	1.4124267021238793E-006
3.6549999999999443E+000	1.7237122564574468E-006
3.6599999999999442E+000	2.0900775281297048E-006
3.6649999999999441E+000	2.4764766646801975E-006
3.6699999999999440E+000	2.9223401525467521E-006
3.6749999999999439E+000	3.4438898563091020E-006
3.6799999999999438E+000	3.9967740812374952E-006
3.6849999999999437E+000	4.5654599061543800E-006
3.6899999999999435E+000	5.1430300275091374E-006
3.6949999999999434E+000	5.7244473444627210E-006
3.6999999999999433E+000	6.3052785633715822E-006
3.7049999999999432E+000	6.9058550500556056E-006
3.7099999999999431E+000	7.4957522121990639E-006
3.7149999999999430E+000	8.0636469469615925E-006
3.7199999999999429E+000	8.6047743441539401E-006
3.7249999999999428E+000	9.1172715239372835E-006
3.7299999999999427E+000	9.6001815998074433E-006
3.7349999999999426E+000	1.0052127397366094E-005
3.7399999999999425E+000	1.0471491892486334E-005
3.7449999999999424E+000	1.0993582654874863E-005
3.7499999999999423E+000	1.1426714514920687E-005
3.7549999999999422E+000	1.1706522597446884E-005
3.7599999999999421E+000	1.1916697805823479E-005
3.7649999999999419E+000	1.2091674268833243E-005
3.7699999999999418E+000	1.2232100094726777E-005
3.7749999999999417E+000	1.2340520866391754E-005
3.7799999999999416E+000	1.2421234603522566E-005
3.7849999999999415E+000	1.2476262138192763E-005
3.7899999999999414E+000	-1.4437365582311429E-004
3.7949999999999413E+000	-9.2586203664318873E-005
3.7999999999999412E+000	-1.3631384538324292E-004
3.8049999999999411E+000	-8.0515082210609899E-005
3.8099999999999410E+000	-6.2092765277181199E-005
3.8149999999999409E+000	-5.0766541202868248E-005
3.8199999999999408E+000	-1.3356086463862051E-004
3.8249999999999407E+000	-7.7219999314961300E-005
3.8299999999999406E+000	-5.7374004057833567E-005
3.8349999999999405E+000	-4.4024717198545043E-005
3.8399999999999403E+000	-3.2259010269053332E-005
3.8449999999999402E+000	-2.0925779194792087E-005
3.8499999999999401E+000	-9.7750919795513850E-006
3.8549999999999400E+000	1.2669950371311467E-006
3.8599999999999399E+000	1.2029186344660364E-005
3.8649999999999398E+000	2.2352576028841805E-005
3.8699999999999397E+000	3.2095437884346360E-005
3.8749999999999396E+000	4.1135804131401798E-005
3.8799999999999395E+000	4.9288454543897774E-005
3.8849999999999394E+000	5.6561145892386330E-005
3.8899999999999393E+000	6.2894165495940639E-005
3.8949999999999392E+000	6.8241669962866257E-005
3.8999999999999391E+000	7.2586850630923093E-005
3.9049999999999390E+000	7.5935913408161198E-005
3.9099999999999389E+000	7.8309660493238091E-005
3.9149999999999388E+000	7.9740891689847196E-005
3.9199999999999386E+000	8.0272682774052079E-005
3.9249999999999385E+000	7.9961037299350785E-005
3.9299999999999384E+000	7.8862394036315653E-005
3.9349999999999383E+000	7.7038306615860174E-005
3.9399999999999382E+000	7.4561385101444216E-005
3.9449999999999381E+000	7.1501228609159793E-005
3.9499999999999380E+000	6.7932522589011845E-005
3.9549999999999379E+000	6.3927916225104181E-005
3.9599999999999378E+000	5.9562567185018505E-005
3.9649999999999377E+000	5.4907570425084962E-005
3.9699999999999376E+000	5.0031639904380985E-005
3.9749999999999375E+000	4.5007367409170265E-005
3.9799999999999374E+000	3.9901246241507155E-005
3.9849999999999373E+000	3.4769476635125376E-005
3.9899999999999372E+000	2.9666815289537050E-005
3.9949999999999370E+000	2.4650743514109041E-005
3.9999999999999369E+000	1.9767881522948118E-005
4.0049999999999368E+000	1.5062065694686252E-005
4.0099999999999367E+000	1.0569103205458187E-005
4.0149999999999366E+000	6.3997804625935691E-006
4.0199999999999365E+000	2.5252392368798136E-006
4.0249999999999364E+000	-1.0589578248031726E-006
4.0299999999999363E+000	-4.3381446988071108E-006
4.0349999999999362E+000	-7.2968287218255137E-006
4.0399999999999361E+000	-9.9266436481910567E-006
4.0449999999999360E+000	-1.2228409695782181E-005
4.0499999999999359E+000	-1.4200794201201924E-005
4.0549999999999358E+000	-1.5845109658296984E-005
4.0599999999999357E+000	-1.7173517226617448E-005
4.0649999999999356E+000	-1.8194689206989950E-005
4.0699999999999354E+000	-1.8926587613952127E-005
4.0749999999999353E+000	-1.9389135587116574E-005
4.0799999999999352E+000	-1.9599702224660656E-005
4.0849999999999351E+000	-1.9576114634135060E-005
4.0899999999999350E+000	-1.9333683764910895E-005
4.0949999999999349E+000	-1.8971772834354016E-005
4.0999999999999348E+000	-1.8457082086485107E-005
4.1049999999999347E+000	-1.7788472626484817E-005
4.1099999999999346E+000	-1.6981938281564781E-005
4.1149999999999345E+000	-1.6060547102640493E-005
4.1199999999999344E+000	-1.5047762163599563E-005
4.1249999999999343E+000	-1.3965840181850342E-005
4.1299999999999342E+000	-1.2835921331118424E-005
4.1349999999999341E+000	-1.1678227719770397E-005
4.1399999999999340E+000	-1.0511966394825669E-005
4.1449999999999338E+000	-9.3551244169719026E-006
4.1499999999999337E+000	-8.1447990438691180E-006
4.1549999999999336E+000	-6.9723008235909777E-006
4.1599999999999335E+000	-5.8557823570195429E-006
4.1649999999999334E+000	-4.9104130981537724E-006
4.1699999999999333E+000	-4.0855017882811068E-006
4.1749999999999332E+000	-3.3597043391966446E-006
4.1799999999999331E+000	-2.7341097611063191E-006
4.1849999999999330E+000	-2.2156270618886661E-006
4.1899999999999329E+000	-1.8086740020192059E-006
4.1949999999999328E+000	-1.5143659940010664E-006
4.1999999999999327E+000	-1.2326434335776154E-004
4.2049999999999326E+000	-6.0146077687795795E-005
4.2099999999999325E+000	-4.0842726802650581E-005
4.2149999999999324E+000	-3.1760866462863712E-005
4.2199999999999322E+000	-2.6118302717398437E-005
4.2249999999999321E+000	-2.1833656777682952E-005
4.2299999999999320E+000	-1.8118454549139110E-005
4.2349999999999319E+000	-1.4652431306723873E-005
4.2399999999999318E+000	-1.1321407412252444E-005
4.2449999999999317E+000	-8.1099073540624732E-006
4.2499999999999316E+000	-5.0952447035357170E-006
4.2549999999999315E+000	-2.3014743704585242E-006
4.2599999999999314E+000	2.7480794397140842E-007
4.2649999999999313E+000	2.5742055726870942E-006
4.2699999999999312E+000	4.5319849624966098E-006
4.2749999999999311E+000	6.1206157001424905E-006
4.2799999999999310E+000	7.3323260167036332E-006
4.2849999999999309E+000	8.1651391022902152E-006
4.2899999999999308E+000	8.6236950036761431E-006
4.2949999999999307E+000	8.7607130024089985E-006
4.2999999999999305E+000	8.4859879574047022E-006
4.3049999999999304E+000	7.9456569680133846E-006
4.3099999999999303E+000	7.0447567223036116E-006
4.3149999999999302E+000	5.7971214813446292E-006
4.3199999999999301E+000	4.3097416777488719E-006
4.3249999999999300E+000	2.6669009766925447E-006
4.3299999999999299E+000	8.7679363332358903E-007
4.3349999999999298E+000	-1.0772577748022727E-006
4.3399999999999297E+000	-3.1024300549263763E-006
4.3449999999999296E+000	-5.1842388410144301E-006
4.3499999999999295E+000	-7.3412236808273873E-006
4.3549999999999294E+000	-9.4836164083378386E-006
4.3599999999999293E+000	-1.1590776026059230E-005
4.3649999999999292E+000	-1.3656431101736938E-005
4.3699999999999291E+000	-1.5667180008055602E-005
4.3749999999999289E+000	-1.7634801344910002E-005
4.3799999999999288E+000	-1.9449717825997600E-005
4.3849999999999287E+000	-2.1174688854080593E-005
4.3899999999999286E+000	-2.2787016386278575E-005
4.3949999999999285E+000	-2.4267583305460275E-005
4.3999999999999284E+000	-2.5612040599338136E-005
4.4049999999999283E+000	-2.6805909756538256E-005
4.4099999999999282E+000	-2.7812768208297756E-005
4.4149999999999281E+000	-2.8736444775143427E-005
4.4199999999999280E+000	-2.9492408315581600E-005
4.4249999999999279E+000	-3.0076694142208060E-005
4.4299999999999278E+000	-3.0508117389733090E-005
4.4349999999999277E+000	-3.0793296394491058E-005
4.4399999999999276E+000	-3.0978184720880506E-005
4.4449999999999275E+000	-3.1005322105831583E-005
4.4499999999999273E+000	-3.0896160936468576E-005
4.4549999999999272E+000	-3.0672101707134807E-005
4.4599999999999271E+000	-3.0380059318508046E-005
4.4649999999999270E+000	-2.9969879276438904E-005
4.4699999999999269E+000	-2.9463674134183008E-005
4.4749999999999268E+000	-2.8916655052347138E-005
4.4799999999999267E+000	-2.8280664444323150E-005
4.4849999999999266E+000	-2.7615801860027737E-005
4.4899999999999265E+000	-2.6880055149674629E-005
4.4949999999999264E+000	-2.6100815727729997E-005
4.4999999999999263E+000	-2.5335153747186444E-005
4.5049999999999262E+000	-2.4531956780194839E-005
4.5099999999999261E+000	-2.3714545493178883E-005
4.5149999999999260E+000	-2.2937551356067235E-005
4.5199999999999259E+000	-2.2139875425353166E-005
4.5249999999999257E+000	-2.1352795559914182E-005
4.5299999999999256E+000	-2.0629041016032254E-005
4.5349999999999255E+000	-1.9910785477297473E-005
4.5399999999999254E+000	-1.9210994533408637E-005
4.5449999999999253E+000	-1.8590468387238828E-005
4.5499999999999252E+000	-1.7988789849233183E-005
4.5549999999999251E+000	-1.7420686888986112E-005
4.5599999999999250E+000	-1.6943966435228235E-005
4.5649999999999249E+000	-1.6489730611339410E-005
4.5699999999999248E+000	-1.6066150641095428E-005
4.5749999999999247E+000	-1.5731943208848623E-005
4.5799999999999246E+000	-1.5421422148664390E-005
4.5849999999999245E+000	-1.5147029345150957E-005
4.5899999999999244E+000	-1.4935108657739910E-005
4.5949999999999243E+000	-1.4802347274110561E-005
4.5999999999999241E+000	-1.4686950548861310E-005
4.6049999999999240E+000	-1.4602099381065511E-005
4.6099999999999239E+000	-1.4545828819498839E-005
4.6049999999999240E+000	-2.6985678787716587E-005
4.6099999999999239E+000	-9.0674443126789016E-006
4.6149999999999238E+000	-3.5346342867452730E-006
4.6199999999999237E+000	-2.3362832580560304E-006
4.6249999999999236E+000	-3.0480785674881302E-006
4.6299999999999235E+000	-4.6664385219582723E-006
4.6349999999999234E+000	-6.6274831041185204E-006
4.6399999999999233E+000	-8.8082328524749737E-006
4.6449999999999232E+000	-1.1011047754513863E-005
4.6499999999999231E+000	-1.3074274797879161E-005
4.6549999999999230E+000	-1.4880754472125188E-005
4.6599999999999229E+000	-1.6378012239418332E-005
4.6649999999999228E+000	-1.7529577885997675E-005
4.6699999999999227E+000	-1.8335070277792798E-005
4.6749999999999226E+000	-1.8807887313838342E-005
4.6799999999999224E+000	-1.8970469405940519E-005
4.6849999999999223E+000	-1.8855328918944844E-005
4.6899999999999222E+000	-1.8498306524313278E-005
4.6949999999999221E+000	-1.7947003023005426E-005
4.6999999999999220E+000	-1.7233761906217969E-005
4.7049999999999219E+000	-1.6393986905277214E-005
4.7099999999999218E+000	-1.5457714771064017E-005
4.7149999999999217E+000	-1.4454141707398216E-005
4.7199999999999216E+000	-1.3409047103033730E-005
4.7249999999999215E+000	-1.2345327709673452E-005
4.7299999999999214E+000	-1.1278752398571777E-005
4.7349999999999213E+000	-1.0254311610566620E-005
4.7399999999999212E+000	-9.2743283256737974E-006
4.7449999999999211E+000	-8.3475961254712889E-006
4.7499999999999210E+000	-7.4817646582655359E-006
4.7549999999999208E+000	-6.6829441498559183E-006
4.7599999999999207E+000	-5.9561153293675196E-006
4.7649999999999206E+000	-5.3051308113662074E-006
4.7699999999999205E+000	-4.7325724447301854E-006
4.7749999999999204E+000	-4.2397860151032307E-006
4.7799999999999203E+000	-3.8269599881964617E-006
4.7849999999999202E+000	-3.4932441437816119E-006
4.7899999999999201E+000	-3.2368556995039378E-006
4.7949999999999200E+000	-3.0551999476351433E-006
4.7999999999999199E+000	-2.9449537113143471E-006
4.8049999999999198E+000	-2.9021678903499018E-006
4.8099999999999197E+000	-2.9223468743247426E-006
4.8149999999999196E+000	-3.0005590130696041E-006
4.8199999999999195E+000	-3.1315462296433129E-006
4.8249999999999194E+000	-3.3097800600957111E-006
4.8299999999999192E+000	-3.5295648029059738E-006
4.8349999999999191E+000	-3.7850968534775643E-006
4.8399999999999190E+000	-4.0705686939184712E-006
4.8449999999999189E+000	-4.3802214338475083E-006
4.8499999999999188E+000	-4.7084312281234575E-006
4.8549999999999187E+000	-5.0622338036966307E-006
4.8599999999999186E+000	-5.4577924677736684E-006
4.8649999999999185E+000	-5.8888054949346289E-006
4.8699999999999184E+000	-6.3408917287939979E-006
4.8749999999999183E+000	-6.8014685439966765E-006
4.8799999999999182E+000	-7.2603928541310425E-006
4.8849999999999181E+000	-7.7093806347714913E-006
4.8899999999999180E+000	-8.1414818928084047E-006
4.8949999999999179E+000	-8.5507600946499756E-006
4.8999999999999178E+000	-8.9321559173774996E-006
4.9049999999999176E+000	-9.2814718999379982E-006
4.9099999999999175E+000	-9.5953406761123123E-006
4.9149999999999174E+000	-9.8711728534269920E-006
4.9199999999999173E+000	-1.0107066017001131E-005
4.9249999999999172E+000	-1.0301748597015201E-005
4.9299999999999171E+000	-1.0454563465564738E-005
4.9349999999999170E+000	-1.0565422976328792E-005
4.9399999999999169E+000	-1.0634749763340875E-005
4.9449999999999168E+000	-1.0663467809897595E-005
4.9499999999999167E+000	-1.0652889467719751E-005
4.9549999999999166E+000	-1.0604737881666745E-005
4.9599999999999165E+000	-1.0521079308483735E-005
4.9649999999999164E+000	-1.0404253678149644E-005
4.9699999999999163E+000	-1.0256867362459831E-005
4.9749999999999162E+000	-1.0081706415759646E-005
4.9799999999999160E+000	-9.8817155776729684E-006
4.9849999999999159E+000	-9.6599312620061797E-006
4.9899999999999158E+000	-9.4194452758399500E-006
4.9949999999999157E+000	-9.1633837768416134E-006
4.9999999999999156E+000	-8.8948094731310588E-006
5.0049999999999155E+000	-8.6168357480485391E-006
5.0099999999999154E+000	-8.3324442398520280E-006
5.0149999999999153E+000	-8.0445276687912480E-006
5.0199999999999152E+000	-7.7559310392287753E-006
5.0249999999999151E+000	-7.4692171048069943E-006
5.0299999999999150E+000	-7.1867815211891888E-006
5.0349999999999149E+000	-6.9064385469155235E-006
5.0399999999999148E+000	-6.6405219321004265E-006
5.0449999999999147E+000	-6.3821953099663624E-006
5.0499999999999146E+000	-6.1121509290227334E-006
5.0549999999999145E+000	-5.8258293512203756E-006
5.0599999999999143E+000	-5.5241715240921420E-006
5.0649999999999142E+000	-5.2109831458438954E-006
5.0699999999999141E+000	-4.8919048391553907E-006
5.0749999999999140E+000	-4.5730307301103739E-006
5.0799999999999139E+000	-4.2602221015431411E-006
5.0849999999999138E+000	-3.9587224053664254E-006
5.0899999999999137E+000	-3.6730892677968329E-006
5.0949999999999136E+000	-3.4072563276784921E-006
5.0999999999999135E+000	-3.1645264271169750E-006
5.1049999999999134E+000	-2.9473318707734507E-006
5.1099999999999133E+000	-2.7575623211690361E-006
5.1149999999999132E+000	-2.5964053564471929E-006
5.1199999999999131E+000	-2.4645858802037420E-006
5.1249999999999130E+000	-2.3621155154430243E-006
5.1299999999999129E+000	-2.2889722103641621E-006
5.1349999999999127E+000	-2.2445494180234266E-006
5.1399999999999126E+000	-2.2274626610823484E-006
5.1449999999999125E+000	-2.2354137215642611E-006
5.1499999999999124E+000	-2.2658529441993024E-006
5.1549999999999123E+000	-2.3163137771925882E-006
5.1599999999999122E+000	-2.3848334651299630E-006
5.1649999999999121E+000	-2.4690858502781499E-006
5.1699999999999120E+000	-2.5665833612846935E-006
5.1749999999999119E+000	-2.6747361557726067E-006
5.1799999999999118E+000	-2.7912862056599087E-006
5.1849999999999117E+000	-2.9141045751365277E-006
5.1899999999999116E+000	-3.0411575362063265E-006
5.1949999999999115E+000	-3.1704594433432981E-006
5.1999999999999114E+000	-3.2999258887208105E-006
5.2049999999999113E+000	-3.4275461885836578E-006
5.2099999999999111E+000	-3.5515263620728960E-006
5.2149999999999110E+000	-3.6702610155348780E-006
5.2199999999999109E+000	-3.7849685048899376E-006
5.2249999999999108E+000	-3.8932811076479614E-006
5.2299999999999107E+000	-3.9935521582330328E-006
5.2349999999999106E+000	-4.0844373777251099E-006
5.2399999999999105E+000	-4.1647969983305172E-006
5.2449999999999104E+000	-4.2337437344253455E-006
5.2499999999999103E+000	-4.2905874868089586E-006
5.2549999999999102E+000	-4.3348313516674157E-006
5.2599999999999101E+000	-4.3661689259579066E-006
5.2649999999999100E+000	-4.3844584827725085E-006
5.2699999999999099E+000	-4.3897063641964154E-006
5.2749999999999098E+000	-4.3820612987698606E-006
5.2799999999999097E+000	-4.3617950747242530E-006
5.2849999999999095E+000	-4.3293002590281693E-006
5.2899999999999094E+000	-4.2850594099702020E-006
5.2949999999999093E+000	-4.2296504780909828E-006
5.2999999999999092E+000	-4.1637246871821823E-006
5.3049999999999091E+000	-4.0879784923089104E-006
5.3099999999999090E+000	-4.0031448361608061E-006
5.3149999999999089E+000	-3.9100032679792022E-006
5.3199999999999088E+000	-3.8093607556401675E-006
5.3249999999999087E+000	-3.7020428598811709E-006
5.3299999999999086E+000	-3.5888833854387447E-006
5.3349999999999085E+000	-3.4707109806120310E-006
5.3399999999999084E+000	-3.3483411190945254E-006
5.3449999999999083E+000	-3.2225689105516162E-006
5.3499999999999082E+000	-3.0941603489035170E-006
5.3549999999999081E+000	-2.9638466515065772E-006
5.3599999999999079E+000	-2.8323125514937837E-006
5.3649999999999078E+000	-2.7001974115284101E-006
5.3699999999999077E+000	-2.5680918466857222E-006
5.3749999999999076E+000	-2.4365294807106980E-006
5.3799999999999075E+000	-2.3059882187256564E-006
5.3849999999999074E+000	-2.1768891385912659E-006
5.3899999999999073E+000	-2.0495966652660839E-006
5.3949999999999072E+000	-1.9244166143596393E-006
5.3999999999999071E+000	-1.8015987716376285E-006
5.4049999999999070E+000	-1.6813361650558687E-006
5.4099999999999069E+000	-1.5637683076122171E-006
5.4149999999999068E+000	-1.4489851877525496E-006
5.4199999999999067E+000	-1.3370291129579583E-006
5.4249999999999066E+000	-1.2278980977851740E-006
5.4299999999999065E+000	-1.1215522216402387E-006
5.4349999999999064E+000	-1.0179118905037525E-006
5.4399999999999062E+000	-9.1686263620166653E-007
5.4449999999999061E+000	-8.1826029414538551E-007
5.4499999999999060E+000	-7.2193543332396937E-007
5.4549999999999059E+000	-6.2769768492440804E-007
5.4599999999999058E+000	-5.3533980771648523E-007
5.4649999999999057E+000	-4.4464271713121255E-007
5.4699999999999056E+000	-3.5538070655838346E-007
5.4749999999999055E+000	-2.6732454127911911E-007
5.4799999999999054E+000	-1.8024303073800272E-007
5.4849999999999053E+000	-9.3903320407297884E-008
5.4899999999999052E+000	-8.0771871384808973E-009
5.4949999999999051E+000	7.7455921444426878E-008
5.4999999999999050E+000	1.6290625828655847E-007
5.5049999999999049E+000	2.4847145295757924E-007
5.5099999999999048E+000	3.3433448126996645E-007
5.5149999999999046E+000	4.2066198435934108E-007
5.5199999999999045E+000	5.0929524438687303E-007
5.5249999999999044E+000	6.2475263856540918E-007
5.5299999999999043E+000	7.6711495043290906E-007
5.5349999999999042E+000	9.4485738387242227E-007
5.5399999999999041E+000	1.1455544170972383E-006
5.5449999999999040E+000	1.3603033294302511E-006
5.5499999999999039E+000	1.5816838048272644E-006
5.5549999999999038E+000	1.8043368332174083E-006
5.5599999999999037E+000	2.0241889654424169E-006
5.5649999999999036E+000	2.2379956636733260E-006
5.5699999999999035E+000	2.4431690477921086E-006
5.5749999999999034E+000	2.6491172093678878E-006
5.5799999999999033E+000	2.8251106186177662E-006
5.5849999999999032E+000	2.9798342248751730E-006
5.5899999999999030E+000	3.1171435426744161E-006
5.5949999999999029E+000	3.2384664510211698E-006
5.5999999999999028E+000	3.3443679205023801E-006
5.6049999999999027E+000	3.4228096161744018E-006
5.6099999999999026E+000	3.4617566847607961E-006
5.6149999999999025E+000	3.4784844073638211E-006
5.6199999999999024E+000	3.4882833634516130E-006
5.6249999999999023E+000	3.5004167186192008E-006
5.6299999999999022E+000	3.5195348643981078E-006
5.6349999999999021E+000	3.5472105963448915E-006
5.6399999999999020E+000	3.5828811958542820E-006
5.6449999999999019E+000	3.6247249231010122E-006
5.6499999999999018E+000	3.6704351215033208E-006
5.6549999999999017E+000	3.7177059826786423E-006
5.6599999999999016E+000	3.7644476830273649E-006
5.6649999999999014E+000	3.8088653992888234E-006
5.6699999999999013E+000	3.8158742679993779E-006
5.6749999999999012E+000	3.8140709637609700E-006
5.6799999999999011E+000	3.8145231411587518E-006
5.6849999999999010E+000	3.8214374028816083E-006
5.6899999999999009E+000	3.8311485611055605E-006
5.6949999999999008E+000	3.8414543668397970E-006
5.6999999999999007E+000	3.8503543202503786E-006
5.7049999999999006E+000	3.8564149144365647E-006
5.7099999999999005E+000	3.8585219316089977E-006
5.7149999999999004E+000	3.8557312853783087E-006
5.7199999999999003E+000	3.8512540465261110E-006
5.7249999999999002E+000	3.8410725161219221E-006
5.7299999999999001E+000	3.8245894952550970E-006
5.7349999999999000E+000	3.8013870109333306E-006
5.7399999999998998E+000	3.7713360669953141E-006
5.7449999999998997E+000	3.7344830122604065E-006
5.7499999999998996E+000	3.6910100666552619E-006
5.7549999999998995E+000	3.6412383619940458E-006
5.7599999999998994E+000	3.5856056063702295E-006
5.7649999999998993E+000	3.5246365716837384E-006
5.7699999999998992E+000	3.4589290342995775E-006
5.7749999999998991E+000	3.3653761457978264E-006
5.7799999999998990E+000	3.2301996365521536E-006
5.7849999999998989E+000	3.0757214985530069E-006
5.7899999999998988E+000	2.8180618997632920E-006
5.7949999999998987E+000	2.4145455283746510E-006
5.7999999999998986E+000	1.8729346934291749E-006
5.8049999999998985E+000	1.2227421246111498E-006
5.8099999999998984E+000	4.7081830081592540E-007
5.8149999999998983E+000	-3.6732903914728659E-007
5.8199999999998981E+000	-1.2735173764985209E-006
5.8249999999998980E+000	-2.2270423844897735E-006
5.8299999999998979E+000	-3.2059873444613985E-006
5.8349999999998978E+000	-4.1882922311786067E-006
5.8399999999998977E+000	-5.1525100846562142E-006
5.8449999999998976E+000	-6.0784355223909709E-006
5.8499999999998975E+000	-6.9476328770184898E-006
5.8549999999998974E+000	-7.7438687944648658E-006
5.8599999999998973E+000	-8.4533819163531351E-006
5.8649999999998972E+000	-9.0650354052617764E-006
5.8699999999998971E+000	-9.5703349929213012E-006
5.8749999999998970E+000	-9.9633464299259660E-006
5.8799999999998969E+000	-1.0239292655133979E-005
5.8849999999998968E+000	-1.0397845256340458E-005
5.8899999999998967E+000	-1.0439431579217291E-005
5.8949999999998965E+000	-1.0366628713240022E-005
5.8999999999998964E+000	-1.0183600249584499E-005
5.9049999999998963E+000	-9.8957605241160136E-006
5.9099999999998962E+000	-9.5095750389800407E-006
5.9149999999998961E+000	-9.0323989699932047E-006
5.9199999999998960E+000	-8.4722921776846865E-006
5.9249999999998959E+000	-7.8378609196227007E-006
5.9299999999998958E+000	-7.1005757099060730E-006
5.9349999999998957E+000	-6.2990525614868226E-006
5.9399999999998956E+000	-5.4553006645395871E-006
5.9449999999998955E+000	-4.5829720599777254E-006
5.9499999999998954E+000	-3.6916785128972541E-006
5.9549999999998953E+000	-2.7893148898170931E-006
5.9599999999998952E+000	-1.8835683793507036E-006
5.9649999999998951E+000	-9.8204313149876831E-007
5.9699999999998949E+000	-9.1919795262629344E-008
5.9749999999998948E+000	7.8015605372723093E-007
5.9799999999998947E+000	1.6280767264248412E-006
5.9849999999998946E+000	2.4462731096115294E-006
5.9899999999998945E+000	3.2297246087105260E-006
5.9949999999998944E+000	3.9739770280023044E-006
5.9999999999998943E+000	4.6751567420098346E-006
6.0049999999998942E+000	5.3275003731270657E-006
6.0099999999998941E+000	5.9300698004218003E-006
6.0149999999998940E+000	6.4809300936540355E-006
6.0199999999998939E+000	6.9787987311962395E-006
6.0249999999998938E+000	7.4229982300586050E-006
6.0299999999998937E+000	7.8133142471194587E-006
6.0349999999998936E+000	8.1500063134808507E-006
6.0399999999998935E+000	8.4338175053846562E-006
6.0449999999998933E+000	8.6659153028374337E-006
6.0499999999998932E+000	8.8478958128525980E-006
6.0549999999998931E+000	8.9817355508345531E-006
6.0599999999998930E+000	9.0697518090866997E-006
6.0649999999998929E+000	9.1145517303840913E-006
6.0699999999998928E+000	9.1189759168315777E-006
6.0749999999998927E+000	9.0860560549983649E-006
6.0799999999998926E+000	9.0189541124828536E-006
6.0849999999998925E+000	8.9209662030368605E-006
6.0899999999998924E+000	8.7954574844014303E-006
6.0949999999998923E+000	8.6458300270910459E-006
6.0999999999998922E+000	8.4754559155256583E-006
6.1049999999998921E+000	8.2876842531601263E-006
6.1099999999998920E+000	8.0858047747510898E-006
6.1149999999998919E+000	7.8729803419172609E-006
6.1199999999998917E+000	7.6522539763334221E-006
6.1249999999998916E+000	7.4265355075200326E-006
6.1299999999998915E+000	7.1867604219052231E-006
6.1349999999998914E+000	6.9427940743965505E-006
6.1399999999998913E+000	6.6982885748128409E-006
6.1449999999998912E+000	6.4567314926659193E-006
6.1499999999998911E+000	6.2213833334804488E-006
6.1549999999998910E+000	5.9947673512925682E-006
6.1599999999998909E+000	5.7788502301727887E-006
6.1649999999998908E+000	5.5752259432256015E-006
6.1699999999998907E+000	5.3852207121868041E-006
6.1749999999998906E+000	5.2098711643468904E-006
6.1799999999998905E+000	5.0499169084389685E-006
6.1849999999998904E+000	4.9057544557343735E-006
6.1899999999998903E+000	4.7775462634051462E-006
6.1949999999998902E+000	4.6651753364254495E-006
6.1999999999998900E+000	4.5683077400834400E-006
6.2049999999998899E+000	4.4864183286835814E-006
6.2099999999998898E+000	4.4188595483430691E-006
6.2149999999998897E+000	4.3647109799303946E-006
6.2199999999998896E+000	4.3230241505203532E-006
6.2249999999998895E+000	4.2927723891229853E-006
6.2299999999998894E+000	4.2726053326735028E-006
6.2349999999998893E+000	4.2611534012967392E-006
6.2399999999998892E+000	4.2569828790678756E-006
6.2449999999998891E+000	4.2585265231652999E-006
6.2499999999998890E+000	4.2642277431217145E-006
6.2549999999998889E+000	4.2728311442978620E-006
6.2599999999998888E+000	4.2830019753751953E-006
6.2649999999998887E+000	4.2565539961958929E-006
6.2699999999998886E+000	4.2197103347021336E-006
6.2749999999998884E+000	4.1843835679281799E-006
6.2799999999998883E+000	4.1538289738208528E-006
6.2849999999998882E+000	4.1275285088240542E-006
6.2899999999998881E+000	4.1039298884092785E-006
6.2949999999998880E+000	4.0817808492542978E-006
6.2999999999998879E+000	4.0597951173414013E-006
6.3049999999998878E+000	4.0365952902260749E-006
6.3099999999998877E+000	4.0107200566285962E-006
6.3149999999998876E+000	3.9807195627530575E-006
6.3199999999998875E+000	3.9453898656796105E-006
6.3249999999998874E+000	3.9036873843714735E-006
6.3299999999998873E+000	3.8544750483343961E-006
6.3349999999998872E+000	3.7968532454086630E-006
6.3399999999998871E+000	3.7300490085387674E-006
6.3449999999998870E+000	3.6534452277147724E-006
6.3499999999998868E+000	3.5664681943047880E-006
6.3549999999998867E+000	3.4687540182838640E-006
6.3599999999998866E+000	3.3601327699587778E-006
6.3649999999998865E+000	3.2406414859872859E-006
6.3699999999998864E+000	3.1103822547130765E-006
6.3749999999998863E+000	2.9695681354336204E-006
6.3799999999998862E+000	2.8186718201100678E-006
6.3849999999998861E+000	2.6582136727127590E-006
6.3899999999998860E+000	2.4887830102492388E-006
6.3949999999998859E+000	2.3110830757769887E-006
6.3999999999998858E+000	2.1258574155032045E-006
6.4049999999998857E+000	1.9339211994972216E-006
6.4099999999998856E+000	1.7361460187073361E-006
6.4149999999998855E+000	1.5334352644335136E-006
6.4199999999998854E+000	1.3266968528261686E-006
6.4249999999998852E+000	1.1168440746330731E-006
6.4299999999998851E+000	9.0476444470507497E-007
6.4349999999998850E+000	6.9136231316507893E-007
6.4399999999998849E+000	4.7750589029910053E-007
6.4449999999998848E+000	2.6403155033238068E-007
6.4499999999998847E+000	5.1744151471994262E-008
6.4549999999998846E+000	-1.5859462102159799E-007
6.4599999999998845E+000	-3.6628029137825936E-007
6.4649999999998844E+000	-5.7065770978279842E-007
6.4699999999998843E+000	-7.7113046945372358E-007
6.4749999999998842E+000	-9.6716226297633606E-007
6.4799999999998841E+000	-1.1582813081390548E-006
6.4849999999998840E+000	-1.3440937186922358E-006
6.4899999999998839E+000	-1.5242705913725036E-006
6.4949999999998838E+000	-1.6985624812735490E-006
6.4999999999998836E+000	-1.8667699017174738E-006
6.5049999999998835E+000	-2.0287555117550422E-006
6.5099999999998834E+000	-2.1844336222185523E-006
6.5149999999998833E+000	-2.3337782594908319E-006
6.5199999999998832E+000	-2.4768192389448587E-006
6.5249999999998831E+000	-2.6136382349909250E-006
6.5299999999998830E+000	-2.7443536369676249E-006
6.5349999999998829E+000	-2.8691356618766103E-006
6.5399999999998828E+000	-2.9881823752667795E-006
6.5449999999998827E+000	-3.1017196031160261E-006
6.5499999999998826E+000	-3.2099990641677525E-006
6.5549999999998825E+000	-3.3132926460508926E-006
6.5599999999998824E+000	-3.4118927290879971E-006
6.5649999999998823E+000	-3.5061023463208354E-006
6.5699999999998822E+000	-3.5962266864322947E-006
6.5749999999998820E+000	-3.6825724474873597E-006
6.5799999999998819E+000	-3.7654517935943750E-006
6.5849999999998818E+000	-3.8451718786927720E-006
6.5899999999998817E+000	-3.9220317172538986E-006
6.5949999999998816E+000	-3.9963199010516024E-006
6.5999999999998815E+000	-4.0683110829622369E-006
6.6049999999998814E+000	-4.1382688377643958E-006
6.6099999999998813E+000	-4.2064353359986620E-006
6.6149999999998812E+000	-4.2730385630443437E-006
6.6199999999998811E+000	-4.3382860069231421E-006
6.6249999999998810E+000	-4.4023643583392723E-006
6.6299999999998809E+000	-4.4654395926459966E-006
6.6349999999998808E+000	-4.5276571231336451E-006
6.6399999999998807E+000	-4.5891405902402379E-006
6.6449999999998806E+000	-4.6499912738300300E-006
6.6499999999998805E+000	-4.7102915542249043E-006
6.6549999999998803E+000	-4.7701018371415283E-006
6.6599999999998802E+000	-4.8294634020377109E-006
6.6649999999998801E+000	-4.8884046933121550E-006
6.6699999999998800E+000	-4.9469311063233497E-006
6.6749999999998799E+000	-4.9995996930715548E-006
6.6799999999998798E+000	-5.0439363224144578E-006
6.6849999999998797E+000	-5.0816951585282864E-006
6.6899999999998796E+000	-5.1139250732810685E-006
6.6949999999998795E+000	-5.1413260965869041E-006
6.6999999999998794E+000	-5.1646131291894653E-006
6.7049999999998793E+000	-5.1844403908306370E-006
6.7099999999998792E+000	-5.2100131578894662E-006
6.7149999999998791E+000	-5.2339380839793159E-006
6.7199999999998790E+000	-5.2562449807440632E-006
6.7249999999998789E+000	-5.2456495423955387E-006
6.7299999999998787E+000	-5.2291346648927812E-006
6.7349999999998786E+000	-5.2188878306944783E-006
6.7399999999998785E+000	-5.2180862194974465E-006
6.7449999999998784E+000	-5.2263612024869594E-006
6.7499999999998783E+000	-5.2417937252953658E-006
6.7549999999998782E+000	-5.2625806770131031E-006
6.7599999999998781E+000	-5.2784329862041995E-006
6.7649999999998780E+000	-5.2925386992631753E-006
6.7699999999998779E+000	-5.3043727496423810E-006
6.7749999999998778E+000	-5.3138612199129136E-006
6.7799999999998777E+000	-5.3211705323357353E-006
6.7849999999998776E+000	-5.3248088579511762E-006
6.7899999999998775E+000	-5.3257071867875502E-006
6.7949999999998774E+000	-5.3237271566614355E-006
6.7999999999998773E+000	-5.3187759660950566E-006
6.8049999999998771E+000	-5.3107559576161329E-006
6.8099999999998770E+000	-5.2995751176889727E-006
6.8149999999998769E+000	-5.2851661792038970E-006
6.8199999999998768E+000	-5.2674896509032534E-006
6.8249999999998767E+000	-5.2465378915829797E-006
6.8299999999998766E+000	-5.2223360492880630E-006
6.8349999999998765E+000	-5.1949347873933563E-006
6.8399999999998764E+000	-5.1644119605052325E-006
6.8449999999998763E+000	-5.1308776896098715E-006
6.8499999999998762E+000	-5.0944648453948211E-006
6.8549999999998761E+000	-5.0553251000649790E-006
6.8599999999998760E+000	-5.0136325738832064E-006
6.8649999999998759E+000	-4.9695763757370773E-006
6.8699999999998758E+000	-4.9233572235838815E-006
6.8749999999998757E+000	-4.8751839133268403E-006
6.8799999999998755E+000	-4.8252696175438803E-006
6.8849999999998754E+000	-4.7738326766836093E-006
6.8899999999998753E+000	-4.7210933773469383E-006
6.8949999999998752E+000	-4.6672798165965567E-006
6.8999999999998751E+000	-4.6126093882118788E-006
6.9049999999998750E+000	-4.5572957793377565E-006
6.9099999999998749E+000	-4.5015413479632342E-006
6.9149999999998748E+000	-4.4455399147556734E-006
6.9199999999998747E+000	-4.3858176007427063E-006
6.9249999999998746E+000	-4.2271504241947774E-006
6.9299999999998745E+000	-4.0514595734675256E-006
6.9349999999998744E+000	-3.8970452473206160E-006
6.9399999999998743E+000	-3.8286195948801229E-006
6.9449999999998742E+000	-3.7207098211714329E-006
6.9499999999998741E+000	-3.4832870147177527E-006
6.9549999999998739E+000	-3.1811515717528148E-006
6.9599999999998738E+000	-2.8221151745789625E-006
6.9649999999998737E+000	-2.4056700979312335E-006
6.9699999999998736E+000	-1.9358856621575581E-006
6.9749999999998735E+000	-1.4183733343049296E-006
6.9799999999998734E+000	-8.5838336315552204E-007
6.9849999999998733E+000	-2.6182637029280020E-007
6.9899999999998732E+000	3.6363514389530329E-007
6.9949999999998731E+000	1.0083961607092832E-006
6.9999999999998730E+000	1.6614444616117777E-006
7.0049999999998729E+000	2.3111720050598124E-006
7.0099999999998728E+000	2.9329730735175733E-006
7.0149999999998727E+000	3.5318887820573583E-006
7.0199999999998726E+000	4.0990200962304388E-006
7.0249999999998725E+000	4.6255140689143041E-006
7.0299999999998724E+000	5.1036977314888950E-006
7.0349999999998722E+000	5.5271503403002749E-006
7.0399999999998721E+000	5.8911736020523629E-006
7.0449999999998720E+000	6.1926715966343590E-006
7.0499999999998719E+000	6.4299354562526554E-006
7.0549999999998718E+000	6.6024915146094633E-006
7.0599999999998717E+000	6.7109976670337237E-006
7.0649999999998716E+000	6.7571276890500038E-006
7.0699999999998715E+000	6.7434133837562577E-006
7.0749999999998714E+000	6.6730996227084620E-006
7.0799999999998713E+000	6.5500261784837378E-006
7.0849999999998712E+000	6.3785095378791289E-006
7.0899999999998711E+000	6.1632458657720192E-006
7.0949999999998710E+000	5.9092265455375171E-006
7.0999999999998709E+000	5.5950987128406230E-006
7.1049999999998708E+000	5.2328254451274124E-006
7.1099999999998706E+000	4.8326995463997049E-006
7.1149999999998705E+000	4.4028001846423358E-006
7.1199999999998704E+000	3.9509714712521332E-006
7.1249999999998703E+000	3.4846825796741754E-006
7.1299999999998702E+000	3.0109774652141078E-006
7.1349999999998701E+000	2.5364486816826000E-006
7.1399999999998700E+000	2.0671486532971936E-006
7.1449999999998699E+000	1.6086791312687425E-006
7.1499999999998698E+000	1.1661399783190425E-006
7.1549999999998697E+000	7.4413844831536691E-007
7.1599999999998696E+000	3.4676234068945759E-007
7.1649999999998695E+000	-2.2447343394728877E-008
7.1699999999998694E+000	-3.6045326691038600E-007
7.1749999999998693E+000	-6.6482029738849728E-007
7.1799999999998692E+000	-9.3365415249187889E-007
7.1849999999998690E+000	-1.1655833223928168E-006
7.1899999999998689E+000	-1.3597689216471570E-006
7.1949999999998688E+000	-1.5157898409296684E-006
7.1999999999998687E+000	-1.6336739343878833E-006
7.2049999999998686E+000	-1.7138932707498509E-006
7.2099999999998685E+000	-1.7572941651296498E-006
7.2149999999998684E+000	-1.7650460165281683E-006
7.2199999999998683E+000	-1.7385746689063767E-006
7.2249999999998682E+000	-1.6796258773040306E-006
7.2299999999998681E+000	-1.5902131643506360E-006
7.2349999999998680E+000	-1.4725190178443796E-006
7.2399999999998679E+000	-1.3288917049413213E-006
7.2449999999998678E+000	-1.1618381222796609E-006
7.2499999999998677E+000	-9.7397658450755325E-007
7.2549999999998676E+000	-7.6794272772554944E-007
7.2599999999998674E+000	-5.4639671403042067E-007
7.2649999999998673E+000	-3.1200071121894666E-007
7.2699999999998672E+000	-7.1744316990341610E-008
7.2749999999998671E+000	1.7578970293252922E-007
7.2799999999998670E+000	4.2845820789639789E-007
7.2849999999998669E+000	6.8379602032275596E-007
7.2899999999998668E+000	9.3950122668853092E-007
7.2949999999998667E+000	1.1934048358443501E-006
7.2999999999998666E+000	1.4434772641218681E-006
7.3049999999998665E+000	1.6879094918434464E-006
7.3099999999998664E+000	1.9251030838834967E-006
7.3149999999998663E+000	2.1536263126113932E-006
7.3199999999998662E+000	2.3722290787129550E-006
7.3249999999998661E+000	2.5798936139837039E-006
7.3299999999998660E+000	2.7757486110484704E-006
7.3349999999998658E+000	2.9590623370043930E-006
7.3399999999998657E+000	3.1293544186431378E-006
7.3449999999998656E+000	3.2863542622723066E-006
7.3499999999998655E+000	3.4299284073130784E-006
7.3549999999998654E+000	3.5600731587114482E-006
7.3599999999998653E+000	3.6769712898220464E-006
7.3649999999998652E+000	3.7809782214106843E-006
7.3699999999998651E+000	3.8725384042786499E-006
7.3749999999998650E+000	3.9523586252941726E-006
7.3799999999998649E+000	4.0211658008491888E-006
7.3849999999998648E+000	4.0796518868286196E-006
7.3899999999998647E+000	4.1284369302798191E-006
7.3949999999998646E+000	4.1683071330968928E-006
7.3999999999998645E+000	4.2001006417121454E-006
7.4049999999998644E+000	4.2245697361520683E-006
7.4099999999998643E+000	4.2424810592631855E-006
7.4149999999998641E+000	4.2546422881575430E-006
7.4199999999998640E+000	4.2619362951234151E-006
7.4249999999998639E+000	4.2654465479229858E-006
7.4299999999998638E+000	4.2662253359154427E-006
7.4349999999998637E+000	4.2651109548174230E-006
7.4399999999998636E+000	4.2629589341749801E-006
7.4449999999998635E+000	4.2605582658112094E-006
7.4499999999998634E+000	4.2586913226929484E-006
7.4549999999998633E+000	4.2579851130351038E-006

 
