Grouping:(4, 0) J432
# x 	 y
0.0000000000000000E+000	4.9999751586534823E-002
5.0000000000000001E-003	4.9999938749146475E-002
1.0000000000000000E-002	4.9923935714508039E-002
1.4999999999999999E-002	4.9777903229763727E-002
2.0000000000000000E-002	4.9568476412822242E-002
2.5000000000000001E-002	4.9302159054455306E-002
3.0000000000000002E-002	4.8984925830815498E-002
3.5000000000000003E-002	4.8622048464925627E-002
4.0000000000000001E-002	4.8218175054707775E-002
4.4999999999999998E-002	4.7777454850408602E-002
4.9999999999999996E-002	4.7303637306654781E-002
5.4999999999999993E-002	4.6800137107329456E-002
5.9999999999999991E-002	4.6270078830057994E-002
6.4999999999999988E-002	4.5716330787077521E-002
6.9999999999999993E-002	4.5141532814103380E-002
7.4999999999999997E-002	4.4548119826286071E-002
8.0000000000000002E-002	4.3938341999742780E-002
8.5000000000000006E-002	4.3314282002925399E-002
9.0000000000000011E-002	4.2677870969067770E-002
9.5000000000000015E-002	4.2030903429328900E-002
1.0000000000000002E-001	4.1375038171842939E-002
1.0500000000000002E-001	4.0711816226368158E-002
1.1000000000000003E-001	4.0044697055684191E-002
1.1500000000000003E-001	3.9370209809108131E-002
1.2000000000000004E-001	3.8691922387459415E-002
1.2500000000000003E-001	3.8011782011849897E-002
1.3000000000000003E-001	3.7330732224208754E-002
1.3500000000000004E-001	3.6649666815137351E-002
1.4000000000000004E-001	3.5969446183148748E-002
1.4500000000000005E-001	3.5290883629469381E-002
1.5000000000000005E-001	3.4614739322644431E-002
1.5500000000000005E-001	3.3941719433356353E-002
1.6000000000000006E-001	3.3272477452865282E-002
1.6500000000000006E-001	3.2607616333008897E-002
1.7000000000000007E-001	3.1947690897890790E-002
1.7500000000000007E-001	3.1293210311714545E-002
1.8000000000000008E-001	3.0644640366487067E-002
1.8500000000000008E-001	3.0002406190941133E-002
1.9000000000000009E-001	2.9366894407485553E-002
1.9500000000000009E-001	2.8738455477954009E-002
2.0000000000000009E-001	2.8117294469401428E-002
2.0500000000000010E-001	2.7503808736765556E-002
2.1000000000000010E-001	2.6898251558548168E-002
2.1500000000000011E-001	2.6300835139181890E-002
2.2000000000000011E-001	2.5711749849022990E-002
2.2500000000000012E-001	2.5131171649185165E-002
2.3000000000000012E-001	2.4559256302146122E-002
2.3500000000000013E-001	2.3996136986760432E-002
2.4000000000000013E-001	2.3441923783153209E-002
2.4500000000000013E-001	2.2896706756852386E-002
2.5000000000000011E-001	2.2360524316476831E-002
2.5500000000000012E-001	2.1833463457667863E-002
2.6000000000000012E-001	2.1315562749571967E-002
2.6500000000000012E-001	2.0806833460129338E-002
2.7000000000000013E-001	2.0307267636560253E-002
2.7500000000000013E-001	1.9816860711469764E-002
2.8000000000000014E-001	1.9335598401861370E-002
2.8500000000000014E-001	1.8863459594574594E-002
2.9000000000000015E-001	1.8400414227201164E-002
2.9500000000000015E-001	1.7946421653362590E-002
3.0000000000000016E-001	1.7501432378605800E-002
3.0500000000000016E-001	1.7065387486944271E-002
3.1000000000000016E-001	1.6638220213375514E-002
3.1500000000000017E-001	1.6219856861440372E-002
3.2000000000000017E-001	1.5810217146506090E-002
3.2500000000000018E-001	1.5409215818405791E-002
3.3000000000000018E-001	1.5016761602884886E-002
3.3500000000000019E-001	1.4632835648472581E-002
3.4000000000000019E-001	1.4257256549084609E-002
3.4500000000000020E-001	1.3889922229487798E-002
3.5000000000000020E-001	1.3530726166329056E-002
3.5500000000000020E-001	1.3179558197709478E-002
3.6000000000000021E-001	1.2836304768315191E-002
3.6500000000000021E-001	1.2500849712474284E-002
3.7000000000000022E-001	1.2173075668986701E-002
3.7500000000000022E-001	1.1852863225187877E-002
3.8000000000000023E-001	1.1540091582871325E-002
3.8500000000000023E-001	1.1234638891330626E-002
3.9000000000000024E-001	1.0936381754068471E-002
3.9500000000000024E-001	1.0645196960265679E-002
4.0000000000000024E-001	1.0360960210519231E-002
4.0500000000000025E-001	1.0083546739945411E-002
4.1000000000000025E-001	9.8128317779594652E-003
4.1500000000000026E-001	9.5486915742473543E-003
4.2000000000000026E-001	9.2910018369006687E-003
4.2500000000000027E-001	9.0396385989931459E-003
4.3000000000000027E-001	8.7944785885263888E-003
4.3500000000000028E-001	8.5553991483640970E-003
4.4000000000000028E-001	8.3222781665240522E-003
4.4500000000000028E-001	8.0949952600872909E-003
4.5000000000000029E-001	7.8734302927345751E-003
4.5500000000000029E-001	7.6574639906202956E-003
4.6000000000000030E-001	7.4469782433832545E-003
4.6500000000000030E-001	7.2418560404911457E-003
4.7000000000000031E-001	7.0419819828763846E-003
4.7500000000000031E-001	6.8472422363255970E-003
4.8000000000000032E-001	6.6575251966765276E-003
4.8500000000000032E-001	6.4727198539665937E-003
4.9000000000000032E-001	6.2927165476914784E-003
4.9500000000000033E-001	6.1174072476247350E-003
5.0000000000000033E-001	5.9466854211591503E-003
5.0500000000000034E-001	5.7804458973482577E-003
5.1000000000000034E-001	5.6185859229926829E-003
5.1500000000000035E-001	5.4610037011683229E-003
5.2000000000000035E-001	5.3075990404055137E-003
5.2500000000000036E-001	5.1582735642522817E-003
5.3000000000000036E-001	5.0129306015749484E-003
5.3500000000000036E-001	4.8714750871833631E-003
5.4000000000000037E-001	4.7338134667812360E-003
5.4500000000000037E-001	4.5998546823834705E-003
5.5000000000000038E-001	4.4695086751607290E-003
5.5500000000000038E-001	4.3426870501848697E-003
5.6000000000000039E-001	4.2193032559867992E-003
5.6500000000000039E-001	4.0992723976084246E-003
5.7000000000000040E-001	3.9825110440290688E-003
5.7500000000000040E-001	3.8689381910081821E-003
5.8000000000000040E-001	3.7584738592031921E-003
5.8500000000000041E-001	3.6510396720727716E-003
5.9000000000000041E-001	3.5465590188794890E-003
5.9500000000000042E-001	3.4449569251964090E-003
6.0000000000000042E-001	3.3461599906966866E-003
6.0500000000000043E-001	3.2500963344226038E-003
6.1000000000000043E-001	3.1566954718105712E-003
6.1500000000000044E-001	3.0658892027340236E-003
6.2000000000000044E-001	2.9776101922070202E-003
6.2500000000000044E-001	2.8917925856007977E-003
6.3000000000000045E-001	2.8083721522278453E-003
6.3500000000000045E-001	2.7272861443301947E-003
6.4000000000000046E-001	2.6484731846785382E-003
6.4500000000000046E-001	2.5718731189469501E-003
6.5000000000000047E-001	2.4974278994821806E-003
6.5500000000000047E-001	2.4250802710122478E-003
6.6000000000000048E-001	2.3547742906911136E-003
6.6500000000000048E-001	2.2864554668861536E-003
6.7000000000000048E-001	2.2200706308765704E-003
6.7500000000000049E-001	2.1555678720826098E-003
6.8000000000000049E-001	2.0928965265079162E-003
6.8500000000000050E-001	2.0320071204588648E-003
6.9000000000000050E-001	1.9728512353728148E-003
6.9500000000000051E-001	1.9153823173511692E-003
7.0000000000000051E-001	1.8595543681839009E-003
7.0500000000000052E-001	1.8053225159886191E-003
7.1000000000000052E-001	1.7526431376805611E-003
7.1500000000000052E-001	1.7014737253060301E-003
7.2000000000000053E-001	1.6517727848724792E-003
7.2500000000000053E-001	1.6034996877952847E-003
7.3000000000000054E-001	1.5566154867147730E-003
7.3500000000000054E-001	1.5110817175979774E-003
7.4000000000000055E-001	1.4668608677698566E-003
7.4500000000000055E-001	1.4239165023825408E-003
7.5000000000000056E-001	1.3822131475255113E-003
7.5500000000000056E-001	1.3417162318853028E-003
7.6000000000000056E-001	1.3023920770941684E-003
7.6500000000000057E-001	1.2642078473476331E-003
7.7000000000000057E-001	1.2271314308334206E-003
7.7500000000000058E-001	1.1911321171645811E-003
7.8000000000000058E-001	1.1561794753803527E-003
7.8500000000000059E-001	1.1222439371402536E-003
7.9000000000000059E-001	1.0892968069553604E-003
7.9500000000000060E-001	1.0573101013641516E-003
8.0000000000000060E-001	1.0262564594509546E-003
8.0500000000000060E-001	9.9610987035092112E-004
8.1000000000000061E-001	9.6684453222661468E-004
8.1500000000000061E-001	9.3843529453958635E-004
8.2000000000000062E-001	9.1085778592449285E-004
8.2500000000000062E-001	8.8408831277959465E-004
8.3000000000000063E-001	8.5810381871367198E-004
8.3500000000000063E-001	8.3288186046717987E-004
8.4000000000000064E-001	8.0840055253564498E-004
8.4500000000000064E-001	7.8463850092813842E-004
8.5000000000000064E-001	7.6157545243736048E-004
8.5500000000000065E-001	7.3919122225817979E-004
8.6000000000000065E-001	7.1746617098413889E-004
8.6500000000000066E-001	6.9638130528136945E-004
8.7000000000000066E-001	6.7591813519676932E-004
8.7500000000000067E-001	6.5605852684391111E-004
8.8000000000000067E-001	6.3678538056146652E-004
8.8500000000000068E-001	6.1808165261713430E-004
8.9000000000000068E-001	5.9993075545104583E-004
8.9500000000000068E-001	5.8231665326993222E-004
9.0000000000000069E-001	5.6522376474299116E-004
9.0500000000000069E-001	5.4863693510144498E-004
9.1000000000000070E-001	5.3254143378055237E-004
9.1500000000000070E-001	5.1692294942492709E-004
9.2000000000000071E-001	5.0176752371936851E-004
9.2500000000000071E-001	4.8706150855021665E-004
9.3000000000000071E-001	4.7279214071943907E-004
9.3500000000000072E-001	4.5894656052686674E-004
9.4000000000000072E-001	4.4551226716620242E-004
9.4500000000000073E-001	4.3247721253502198E-004
9.5000000000000073E-001	4.1982967658608201E-004
9.5500000000000074E-001	4.0755811346866809E-004
9.6000000000000074E-001	3.9565182542521034E-004
9.6500000000000075E-001	3.8410000565768619E-004
9.7000000000000075E-001	3.7289212818052321E-004
9.7500000000000075E-001	3.6201806480522068E-004
9.8000000000000076E-001	3.5146799745650650E-004
9.8500000000000076E-001	3.4123237705116835E-004
9.9000000000000077E-001	3.3130192377695249E-004
9.9500000000000077E-001	3.2166762636997816E-004
1.0000000000000007E+000	3.1232074162942735E-004
1.0050000000000006E+000	3.0325272195446935E-004
1.0100000000000005E+000	2.9445519204465746E-004
1.0150000000000003E+000	2.8592048598474740E-004
1.0200000000000002E+000	2.7764072641648329E-004
1.0250000000000001E+000	2.6960826386592494E-004
1.0300000000000000E+000	2.6181576680533574E-004
1.0349999999999999E+000	2.5425609191825845E-004
1.0399999999999998E+000	2.4692227132555068E-004
1.0449999999999997E+000	2.3980776173514832E-004
1.0499999999999996E+000	2.3290595916564922E-004
1.0549999999999995E+000	2.2621050394222157E-004
1.0599999999999994E+000	2.1971526383808625E-004
1.0649999999999993E+000	2.1341428969502287E-004
1.0699999999999992E+000	2.0730178830364227E-004
1.0749999999999991E+000	2.0137213925353254E-004
1.0799999999999990E+000	1.9561988831844965E-004
1.0849999999999989E+000	1.9003974177782254E-004
1.0899999999999987E+000	1.8462656133975584E-004
1.0949999999999986E+000	1.7937535994299504E-004
1.0999999999999985E+000	1.7428124767081952E-004
1.1049999999999984E+000	1.6933942112119343E-004
1.1099999999999983E+000	1.6454548407566087E-004
1.1149999999999982E+000	1.5989519813932647E-004
1.1199999999999981E+000	1.5538414135312135E-004
1.1249999999999980E+000	1.5100807219845905E-004
1.1299999999999979E+000	1.4676292963558053E-004
1.1349999999999978E+000	1.4264473484578523E-004
1.1399999999999977E+000	1.3864985548321722E-004
1.1449999999999976E+000	1.3477451351701113E-004
1.1499999999999975E+000	1.3101508924558846E-004
1.1549999999999974E+000	1.2736811194428741E-004
1.1599999999999973E+000	1.2383021150850983E-004
1.1649999999999971E+000	1.2039811102486284E-004
1.1699999999999970E+000	1.1706863064193300E-004
1.1749999999999969E+000	1.1383868638991969E-004
1.1799999999999968E+000	1.1070528644665393E-004
1.1849999999999967E+000	1.0766552798297988E-004
1.1899999999999966E+000	1.0471659471823370E-004
1.1949999999999965E+000	1.0185575407591282E-004
1.1999999999999964E+000	9.9080355054391873E-005
1.2049999999999963E+000	9.6387825740309636E-005
1.2099999999999962E+000	9.3775615346200321E-005
1.2149999999999961E+000	9.1241220909643500E-005
1.2199999999999960E+000	8.8782429160273824E-005
1.2249999999999959E+000	8.6397016689971080E-005
1.2299999999999958E+000	8.4082840417721647E-005
1.2349999999999957E+000	8.1837696103046403E-005
1.2399999999999956E+000	7.9659442833611568E-005
1.2449999999999954E+000	7.7546061303757825E-005
1.2499999999999953E+000	7.5495603888460161E-005
1.2549999999999952E+000	7.3506173642964683E-005
1.2599999999999951E+000	7.1575927174262000E-005
1.2649999999999950E+000	6.9703077210071961E-005
1.2699999999999949E+000	6.7885891084883634E-005
1.2749999999999948E+000	6.6122688471268942E-005
1.2799999999999947E+000	6.4411839588986053E-005
1.2849999999999946E+000	6.2751763721749195E-005
1.2899999999999945E+000	6.1140868664687166E-005
1.2949999999999944E+000	5.9577602604401175E-005
1.2999999999999943E+000	5.8060644095047252E-005
1.3049999999999942E+000	5.6588651309859081E-005
1.3099999999999941E+000	5.5160321604308919E-005
1.3149999999999940E+000	5.3774288044575812E-005
1.3199999999999938E+000	5.2429216275003497E-005
1.3249999999999937E+000	5.1123865790057857E-005
1.3299999999999936E+000	4.9857044896709343E-005
1.3349999999999935E+000	4.8627590923245863E-005
1.3399999999999934E+000	4.7434373275323025E-005
1.3449999999999933E+000	4.6276295758045010E-005
1.3499999999999932E+000	4.5152296354840513E-005
1.3549999999999931E+000	4.4061345370426435E-005
1.3599999999999930E+000	4.3002444292159506E-005
1.3649999999999929E+000	4.1974624870695052E-005
1.3699999999999928E+000	4.0976948197051077E-005
1.3749999999999927E+000	4.0008503798560887E-005
1.3799999999999926E+000	3.9068408772978499E-005
1.3849999999999925E+000	3.8155806969551758E-005
1.3899999999999924E+000	3.7269804591402278E-005
1.3949999999999922E+000	3.6409550799075386E-005
1.3999999999999921E+000	3.5574370720600982E-005
1.4049999999999920E+000	3.4763566815422376E-005
1.4099999999999919E+000	3.3976444857015328E-005
1.4149999999999918E+000	3.3212250697372590E-005
1.4199999999999917E+000	3.2470238608880727E-005
1.4249999999999916E+000	3.1749714585338395E-005
1.4299999999999915E+000	3.1050036865611213E-005
1.4349999999999914E+000	3.0370590880283879E-005
1.4399999999999913E+000	2.9710772834690082E-005
1.4449999999999912E+000	2.9069991477310252E-005
1.4499999999999911E+000	2.8447672208953794E-005
1.4549999999999910E+000	2.7843257949694649E-005
1.4599999999999909E+000	2.7256208699992602E-005
1.4649999999999908E+000	2.6686000963359480E-005
1.4699999999999906E+000	2.6132127194454618E-005
1.4749999999999905E+000	2.5594095303371957E-005
1.4799999999999904E+000	2.5071367845907344E-005
1.4849999999999903E+000	2.4563443217066620E-005
1.4899999999999902E+000	2.4069976519033072E-005
1.4949999999999901E+000	2.3590557615946719E-005
1.4999999999999900E+000	2.3124784289532699E-005
1.5049999999999899E+000	2.2672268154276818E-005
1.5049999999999899E+000	2.8858369778133363E-005
1.5099999999999898E+000	2.7263553461583292E-005
1.5149999999999897E+000	2.5996667474770682E-005
1.5199999999999896E+000	2.4912668786782622E-005
1.5249999999999895E+000	2.3959671276613287E-005
1.5299999999999894E+000	2.3108330486966935E-005
1.5349999999999893E+000	2.2339730474772065E-005
1.5399999999999892E+000	2.1640080787079171E-005
1.5449999999999890E+000	2.0998575112646262E-005
1.5499999999999889E+000	2.0406514364304968E-005
1.5549999999999888E+000	1.9856913382447023E-005
1.5599999999999887E+000	1.9344142636967413E-005
1.5649999999999886E+000	1.8863627932133576E-005
1.5699999999999885E+000	1.8411618973226105E-005
1.5749999999999884E+000	1.7985012893037113E-005
1.5799999999999883E+000	1.7581218300110671E-005
1.5849999999999882E+000	1.7198050538026425E-005
1.5899999999999881E+000	1.6833650495419042E-005
1.5949999999999880E+000	1.6486421820594287E-005
1.5999999999999879E+000	1.6154982046248878E-005
1.6049999999999878E+000	1.5838062673393859E-005
1.6099999999999877E+000	1.5534591948453319E-005
1.6149999999999876E+000	1.5243701550048748E-005
1.6199999999999875E+000	1.4964560787066760E-005
1.6249999999999873E+000	1.4696414959080887E-005
1.6299999999999872E+000	1.4438625810419700E-005
1.6349999999999871E+000	1.4190607893921935E-005
1.6399999999999870E+000	1.3951790861785524E-005
1.6449999999999869E+000	1.3721626385364995E-005
1.6499999999999868E+000	1.3499646323938429E-005
1.6549999999999867E+000	1.3285565836451916E-005
1.6599999999999866E+000	1.3078940757805474E-005
1.6649999999999865E+000	1.2879060794119242E-005
1.6699999999999864E+000	1.2685218236338636E-005
1.6749999999999863E+000	1.2497218487900090E-005
1.6799999999999862E+000	1.2315014370131321E-005
1.6849999999999861E+000	1.2138583513300288E-005
1.6899999999999860E+000	1.1967758315985130E-005
1.6949999999999859E+000	1.1802326331201283E-005
1.6999999999999857E+000	1.1642117214762779E-005
1.7049999999999856E+000	1.1486958168812068E-005
1.7099999999999855E+000	1.1336633124360091E-005
1.7149999999999854E+000	1.1190920284911461E-005
1.7199999999999853E+000	1.1049636099447079E-005
1.7249999999999852E+000	1.0912612981326569E-005
1.7299999999999851E+000	1.0779685072915090E-005
1.7349999999999850E+000	1.0650691309228166E-005
1.7399999999999849E+000	1.0525409701943194E-005
1.7449999999999848E+000	1.0403691074539089E-005
1.7499999999999847E+000	1.0285478825190625E-005
1.7549999999999846E+000	1.0170639554303020E-005
1.7599999999999845E+000	1.0059041265973079E-005
1.7649999999999844E+000	9.9505624901194386E-006
1.7699999999999843E+000	9.8450889536236230E-006
1.7749999999999841E+000	9.7425108351059180E-006
1.7799999999999840E+000	9.6427533337567005E-006
1.7849999999999839E+000	9.5457404087734283E-006
1.7899999999999838E+000	9.4513570797660055E-006
1.7949999999999837E+000	9.3594687020706071E-006
1.7999999999999836E+000	9.2699831497267542E-006
1.8049999999999835E+000	9.1827602029992658E-006
1.8099999999999834E+000	9.0977106342181453E-006
1.8149999999999833E+000	9.0148269777920220E-006
1.8199999999999832E+000	8.9340375589168594E-006
1.8249999999999831E+000	8.8552595648353583E-006
1.8299999999999830E+000	8.7784229687555178E-006
1.8349999999999829E+000	8.7034633720239070E-006
1.8399999999999828E+000	8.6303186879312457E-006
1.8449999999999827E+000	8.5589287052204214E-006
1.8499999999999825E+000	8.4892351149088173E-006
1.8549999999999824E+000	8.4211816157460131E-006
1.8599999999999823E+000	8.3547139267515924E-006
1.8649999999999822E+000	8.2897797694945593E-006
1.8699999999999821E+000	8.2263287647052693E-006
1.8749999999999820E+000	8.1643123839540535E-006
1.8799999999999819E+000	8.1036838778259137E-006
1.8849999999999818E+000	8.0443982151834381E-006
1.8899999999999817E+000	7.9864119505178732E-006
1.8949999999999816E+000	7.9296832230003899E-006
1.8999999999999815E+000	7.8741717041650509E-006
1.9049999999999814E+000	7.8198385470709587E-006
1.9099999999999813E+000	7.7666463466649409E-006
1.9149999999999812E+000	7.7145590345290102E-006
1.9199999999999811E+000	7.6635418250834954E-006
1.9249999999999809E+000	7.6135612090918307E-006
1.9299999999999808E+000	7.5645848855233762E-006
1.9349999999999807E+000	7.5165817124872836E-006
1.9399999999999806E+000	7.4695216880097867E-006
1.9449999999999805E+000	7.4233758420828087E-006
1.9499999999999804E+000	7.3781160717231638E-006
1.9549999999999803E+000	7.3337154795248433E-006
1.9599999999999802E+000	7.2901481123125940E-006
1.9649999999999801E+000	7.2473889036267607E-006
1.9699999999999800E+000	7.2054136321221337E-006
1.9749999999999799E+000	7.1641989328875735E-006
1.9799999999999798E+000	7.1237222569839020E-006
1.9849999999999797E+000	7.0839618064427966E-006
1.9899999999999796E+000	7.0448965230879740E-006
1.9949999999999795E+000	7.0065060751468517E-006
1.9999999999999793E+000	6.9687708362683864E-006
2.0049999999999795E+000	6.9316718750110883E-006
2.0099999999999794E+000	6.8951908998431321E-006
2.0149999999999793E+000	6.8593102474255952E-006
2.0199999999999791E+000	6.8240128333945764E-006
2.0249999999999790E+000	6.7892821424470972E-006
2.0299999999999789E+000	6.7551022712565258E-006
2.0349999999999788E+000	6.7214578721823878E-006
2.0399999999999787E+000	6.6883340586987900E-006
2.0449999999999786E+000	6.6557164523015781E-006
2.0499999999999785E+000	6.6235911986226175E-006
2.0549999999999784E+000	6.5919448940293886E-006
2.0599999999999783E+000	6.5607645692963570E-006
2.0649999999999782E+000	6.5300377014174657E-006
2.0699999999999781E+000	6.4997522036254631E-006
2.0749999999999780E+000	6.4698964480584338E-006
2.0799999999999779E+000	6.4404593166877440E-006
2.0849999999999778E+000	6.4114302211166292E-006
2.0899999999999777E+000	6.3827988505953549E-006
2.0949999999999775E+000	6.3545551322693374E-006
2.0999999999999774E+000	6.3266893434495067E-006
2.1049999999999773E+000	6.2991921599123779E-006
2.1099999999999772E+000	6.2720544437336174E-006
2.1149999999999771E+000	6.2452673154812116E-006
2.1199999999999770E+000	6.2188221360224696E-006
2.1249999999999769E+000	6.1927103756098138E-006
2.1299999999999768E+000	6.1669238105579905E-006
2.1349999999999767E+000	6.1414545254798608E-006
2.1399999999999766E+000	6.1162949255577520E-006
2.1449999999999765E+000	6.0914376674514882E-006
2.1499999999999764E+000	6.0668756657254630E-006
2.1549999999999763E+000	6.0426020426068474E-006
2.1599999999999762E+000	6.0186233667813275E-006
2.1649999999999761E+000	5.9949419803312663E-006
2.1699999999999759E+000	5.9715390086383227E-006
2.1749999999999758E+000	5.9483993238562129E-006
2.1799999999999757E+000	5.9255145553927292E-006
2.1849999999999756E+000	5.9028788622345651E-006
2.1899999999999755E+000	5.8804870326311321E-006
2.1949999999999754E+000	5.8583340438064103E-006
2.1999999999999753E+000	5.8364150037221498E-006
2.2049999999999752E+000	5.8147251324501714E-006
2.2099999999999751E+000	5.7932597439862126E-006
2.2149999999999750E+000	5.7720143010564760E-006
2.2199999999999749E+000	5.7509844059016604E-006
2.2249999999999748E+000	5.7301657734565584E-006
2.2299999999999747E+000	5.7095542243882912E-006
2.2349999999999746E+000	5.6891456827902790E-006
2.2399999999999745E+000	5.6689361855805161E-006
2.2449999999999743E+000	5.6489218762155025E-006
2.2499999999999742E+000	5.6290990021119477E-006
2.2549999999999741E+000	5.6094639159395585E-006
2.2599999999999740E+000	5.5900130727491624E-006
2.2649999999999739E+000	5.5707430231304699E-006
2.2699999999999738E+000	5.5516504150258717E-006
2.2749999999999737E+000	5.5327319890199437E-006
2.2799999999999736E+000	5.5139845776093550E-006
2.2849999999999735E+000	5.4954051025690520E-006
2.2899999999999734E+000	5.4769905677615822E-006
2.2949999999999733E+000	5.4587380693001096E-006
2.2999999999999732E+000	5.4406447788504139E-006
2.3049999999999731E+000	5.4227079475569376E-006
2.3099999999999730E+000	5.4049249023999720E-006
2.3149999999999729E+000	5.3872930418817898E-006
2.3199999999999728E+000	5.3698098401910059E-006
2.3249999999999726E+000	5.3524728365823573E-006
2.3299999999999725E+000	5.3352796385865487E-006
2.3349999999999724E+000	5.3182279191972938E-006
2.3399999999999723E+000	5.3013154142071120E-006
2.3449999999999722E+000	5.2845399208500687E-006
2.3499999999999721E+000	5.2678974128176311E-006
2.3549999999999720E+000	5.2513756363563725E-006
2.3599999999999719E+000	5.2349804967574688E-006
2.3649999999999718E+000	5.2187155569781822E-006
2.3699999999999717E+000	5.2025798805418603E-006
2.3749999999999716E+000	5.1865712433306236E-006
2.3799999999999715E+000	5.1706873537330050E-006
2.3849999999999714E+000	5.1549331317115428E-006
2.3899999999999713E+000	5.1393034297177144E-006
2.3949999999999712E+000	5.1237958675378078E-006
2.3999999999999710E+000	5.1084076248157391E-006
2.4049999999999709E+000	5.0931358789011892E-006
2.4099999999999708E+000	5.0779782912591383E-006
2.4149999999999707E+000	5.0629328824644823E-006
2.4199999999999706E+000	5.0479978390599700E-006
2.4249999999999705E+000	5.0331714432251865E-006
2.4299999999999704E+000	5.0184520750222687E-006
2.4349999999999703E+000	5.0038381996716942E-006
2.4399999999999702E+000	4.9893283621758085E-006
2.4449999999999701E+000	4.9749211651591135E-006
2.4499999999999700E+000	4.9606152703235320E-006
2.4549999999999699E+000	4.9464093887619404E-006
2.4599999999999698E+000	4.9323022716993050E-006
2.4649999999999697E+000	4.9182927122660054E-006
2.4699999999999696E+000	4.9043795410046182E-006
2.4749999999999694E+000	4.8905616222659854E-006
2.4799999999999693E+000	4.8768378538057829E-006
2.4849999999999692E+000	4.8632071585290672E-006
2.4899999999999691E+000	4.8496684901745974E-006
2.4949999999999690E+000	4.8362208248505698E-006
2.4999999999999689E+000	4.8228631662865763E-006
2.5049999999999688E+000	4.8095945390142237E-006
2.5099999999999687E+000	4.7964139918151675E-006
2.5149999999999686E+000	4.7833205945992982E-006
2.5199999999999685E+000	4.7703134349447154E-006
2.5249999999999684E+000	4.7573916233598155E-006
2.5299999999999683E+000	4.7445542847791941E-006
2.5349999999999682E+000	4.7318005671004227E-006
2.5399999999999681E+000	4.7191296316565012E-006
2.5449999999999680E+000	4.7065406582341331E-006
2.5499999999999678E+000	4.6940328430948873E-006
2.5549999999999677E+000	4.6816053969069672E-006
2.5599999999999676E+000	4.6692575463196231E-006
2.5649999999999675E+000	4.6569885325508407E-006
2.5699999999999674E+000	4.6447976099403769E-006
2.5749999999999673E+000	4.6326840480012336E-006
2.5799999999999672E+000	4.6206471311156457E-006
2.5849999999999671E+000	4.6086861554133769E-006
2.5899999999999670E+000	4.5968004275930769E-006
2.5949999999999669E+000	4.5849892685888723E-006
2.5999999999999668E+000	4.5732520075217172E-006
2.6049999999999667E+000	4.5615879900076143E-006
2.6099999999999666E+000	4.5499965691767421E-006
2.6149999999999665E+000	4.5384771105081842E-006
2.6199999999999664E+000	4.5270235442379679E-006
2.6249999999999662E+000	4.5156367070274819E-006
2.6299999999999661E+000	4.5043164644480980E-006
2.6349999999999660E+000	4.4930631909592401E-006
2.6399999999999659E+000	4.4818773166948123E-006
2.6449999999999658E+000	4.4707588763341841E-006
2.6499999999999657E+000	4.4597076288541421E-006
2.6549999999999656E+000	4.4487232465466760E-006
2.6599999999999655E+000	4.4378053716990379E-006
2.6649999999999654E+000	4.4269536153569610E-006
2.6699999999999653E+000	4.4161675574061143E-006
2.6749999999999652E+000	4.4054467553364666E-006
2.6799999999999651E+000	4.3947907579277815E-006
2.6849999999999650E+000	4.3841991021477977E-006
2.6899999999999649E+000	4.3736713223204733E-006
2.6949999999999648E+000	4.3632069058954307E-006
2.6999999999999647E+000	4.3528046301381343E-006
2.7049999999999645E+000	4.3424648332342183E-006
2.7099999999999644E+000	4.3321870322258014E-006
2.7149999999999643E+000	4.3219707507312286E-006
2.7199999999999642E+000	4.3118155166387068E-006
2.7249999999999641E+000	4.3017208629257447E-006
2.7299999999999640E+000	4.2916863359331144E-006
2.7349999999999639E+000	4.2817114797050421E-006
2.7399999999999638E+000	4.2717958493123239E-006
2.7449999999999637E+000	4.2619389963803544E-006
2.7499999999999636E+000	4.2521404833316387E-006
2.7549999999999635E+000	4.2423998766613635E-006
2.7599999999999634E+000	4.2327167493174178E-006
2.7649999999999633E+000	4.2230906772561498E-006
2.7699999999999632E+000	4.2135212428013941E-006
2.7749999999999631E+000	4.2040080333619225E-006
2.7799999999999629E+000	4.1945506428523802E-006
2.7849999999999628E+000	4.1851486665097250E-006
2.7899999999999627E+000	4.1758017104891484E-006
2.7949999999999626E+000	4.1665093788384904E-006
2.7999999999999625E+000	4.1572712820505033E-006
2.8049999999999624E+000	4.1480870344535035E-006
2.8099999999999623E+000	4.1389562517610874E-006
2.8149999999999622E+000	4.1298785575324162E-006
2.8199999999999621E+000	4.1208535758963502E-006
2.8249999999999620E+000	4.1118809356959032E-006
2.8299999999999619E+000	4.1029602689921286E-006
2.8349999999999618E+000	4.0940912126293330E-006
2.8399999999999617E+000	4.0852734066942180E-006
2.8449999999999616E+000	4.0765064949728308E-006
2.8499999999999615E+000	4.0677968336855818E-006
2.8549999999999613E+000	4.0591414921126130E-006
2.8599999999999612E+000	4.0505396581440829E-006
2.8649999999999611E+000	4.0419900005469865E-006
2.8699999999999610E+000	4.0334911277133907E-006
2.8749999999999609E+000	4.0250420605446838E-006
2.8799999999999608E+000	4.0166421251807120E-006
2.8849999999999607E+000	4.0082907476274759E-006
2.8899999999999606E+000	3.9999874004849152E-006
2.8949999999999605E+000	3.9917315983821964E-006
2.8999999999999604E+000	3.9835228982029846E-006
2.9049999999999603E+000	3.9753608903546674E-006
2.9099999999999602E+000	3.9672451896939345E-006
2.9149999999999601E+000	3.9591754335389817E-006
2.9199999999999600E+000	3.9511512787772917E-006
2.9249999999999599E+000	3.9431723910121017E-006
2.9299999999999597E+000	3.9352384481257079E-006
2.9349999999999596E+000	3.9273491365274373E-006
2.9399999999999595E+000	3.9195041621711828E-006
2.9449999999999594E+000	3.9117032307416648E-006
2.9499999999999593E+000	3.9039460539559039E-006
2.9549999999999592E+000	3.8962323465018927E-006
2.9599999999999591E+000	3.8885618286227102E-006
2.9649999999999590E+000	3.8809342214004068E-006
2.9699999999999589E+000	3.8733492506322715E-006
2.9749999999999588E+000	3.8658066469997133E-006
2.9799999999999587E+000	3.8583061383953213E-006
2.9849999999999586E+000	3.8508474588083393E-006
2.9899999999999585E+000	3.8434303418444310E-006
2.9949999999999584E+000	3.8360545164717509E-006
2.9999999999999583E+000	3.8287197100424109E-006
3.0049999999999581E+000	3.8214256569940866E-006
3.0099999999999580E+000	3.8141720883046852E-006
3.0149999999999579E+000	3.8069587308761676E-006
3.0199999999999578E+000	3.7997853076240030E-006
3.0249999999999577E+000	3.7926515422727068E-006
3.0249999999999577E+000	9.1524528129194013E-006
3.0299999999999576E+000	8.0107309984077822E-006
3.0349999999999575E+000	7.2135132412859851E-006
3.0399999999999574E+000	6.5965009671598920E-006
3.0449999999999573E+000	6.1004863959821603E-006
3.0499999999999572E+000	5.6943565326512704E-006
3.0549999999999571E+000	5.3583116086462063E-006
3.0599999999999570E+000	5.0781563314303800E-006
3.0649999999999569E+000	4.8429931023671530E-006
3.0699999999999568E+000	4.6442467745132647E-006
3.0749999999999567E+000	4.4751583668559877E-006
3.0799999999999566E+000	4.3303917695626181E-006
3.0849999999999564E+000	4.2057196030004153E-006
3.0899999999999563E+000	4.0977655265782148E-006
3.0949999999999562E+000	4.0038125766244848E-006
3.0999999999999561E+000	3.9216584691388085E-006
3.1049999999999560E+000	3.8495049835663772E-006
3.1099999999999559E+000	3.7858728176979454E-006
3.1149999999999558E+000	3.7295365532425690E-006
3.1199999999999557E+000	3.6794746242400652E-006
3.1249999999999556E+000	3.6348302684059240E-006
3.1299999999999555E+000	3.5948796711144589E-006
3.1349999999999554E+000	3.5597046545573453E-006
3.1399999999999553E+000	3.5291278965960319E-006
3.1449999999999552E+000	3.5015908755966438E-006
3.1499999999999551E+000	3.4760923720776572E-006
3.1549999999999550E+000	3.4524922111679969E-006
3.1599999999999548E+000	3.4308429109450641E-006
3.1649999999999547E+000	3.4111377510615290E-006
3.1699999999999546E+000	3.3938078799636833E-006
3.1749999999999545E+000	3.3788829912713785E-006
3.1799999999999544E+000	3.3652306740048544E-006
3.1849999999999543E+000	3.3521785852227773E-006
3.1899999999999542E+000	3.3397912311243544E-006
3.1949999999999541E+000	3.3282582233878930E-006
3.1999999999999540E+000	3.3176801050394893E-006
3.2049999999999539E+000	3.3080171981679322E-006
3.2099999999999538E+000	3.2997060714281930E-006
3.2149999999999537E+000	3.2928520435739225E-006
3.2199999999999536E+000	3.2864829675110018E-006
3.2249999999999535E+000	3.2800298743382220E-006
3.2299999999999534E+000	3.2736385308387554E-006
3.2349999999999532E+000	3.2675610163731429E-006
3.2399999999999531E+000	3.2619524883516219E-006
3.2449999999999530E+000	3.2568347495218007E-006
3.2499999999999529E+000	3.2525755239794998E-006
3.2549999999999528E+000	3.2493253242295454E-006
3.2599999999999527E+000	3.2462681246184439E-006
3.2649999999999526E+000	3.2429015538620300E-006
3.2699999999999525E+000	3.2393965587401474E-006
3.2749999999999524E+000	3.2360115587863267E-006
3.2799999999999523E+000	3.2329433270782520E-006
3.2849999999999522E+000	3.2303819995960639E-006
3.2899999999999521E+000	3.2284916139703123E-006
3.2949999999999520E+000	3.2267318921932256E-006
3.2999999999999519E+000	3.2247216616531102E-006
3.3049999999999518E+000	3.2226312310009518E-006
3.3099999999999516E+000	3.2206746128815654E-006
3.3149999999999515E+000	3.2190241877538938E-006
3.3199999999999514E+000	3.2178996374007495E-006
3.3249999999999513E+000	3.2175186282909816E-006
3.3299999999999512E+000	3.2171938124557091E-006
3.3349999999999511E+000	3.2165891379508120E-006
3.3399999999999510E+000	3.2156280333823614E-006
3.3449999999999509E+000	3.2146635744450829E-006
3.3499999999999508E+000	3.2139343373745366E-006
3.3549999999999507E+000	3.2135079268756808E-006
3.3599999999999506E+000	3.2133795797611867E-006
3.3649999999999505E+000	3.2135744032139521E-006
3.3699999999999504E+000	3.2143571312759037E-006
3.3749999999999503E+000	3.2151202348444489E-006
3.3799999999999502E+000	3.2155901823467214E-006
3.3849999999999500E+000	3.2156574049150231E-006
3.3899999999999499E+000	3.2156590114411623E-006
3.3949999999999498E+000	3.2158263167541362E-006
3.3999999999999497E+000	3.2163038818230060E-006
3.4049999999999496E+000	3.2169325324283034E-006
3.4099999999999495E+000	3.2179671423316231E-006
3.4149999999999494E+000	3.2189514490578362E-006
3.4199999999999493E+000	3.2197530991244163E-006
3.4249999999999492E+000	3.2202519275421956E-006
3.4299999999999491E+000	3.2207446052833942E-006
3.4349999999999490E+000	3.2214218365598991E-006
3.4399999999999489E+000	3.2224185173222863E-006
3.4449999999999488E+000	3.2236401111371125E-006
3.4499999999999487E+000	3.2253813366618137E-006
3.4549999999999486E+000	3.2270556676388888E-006
3.4599999999999485E+000	3.2284504034347967E-006
3.4649999999999483E+000	3.2294015630320824E-006
3.4699999999999482E+000	3.2302261746255502E-006
3.4749999999999481E+000	3.2312470456982609E-006
3.4799999999999480E+000	3.2322154322330287E-006
3.4849999999999479E+000	3.2334613631383054E-006
3.4899999999999478E+000	3.2346442739459383E-006
3.4949999999999477E+000	3.2357460282414890E-006
3.4999999999999476E+000	3.2366097489593240E-006
3.5049999999999475E+000	3.2374919620356781E-006
3.5099999999999474E+000	3.2386678961198044E-006
3.5149999999999473E+000	3.2399186147060677E-006
3.5199999999999472E+000	3.2415976229295450E-006
3.5249999999999471E+000	3.2433618203736361E-006
3.5299999999999470E+000	3.2444824941504435E-006
3.5349999999999469E+000	3.2453082373498845E-006
3.5399999999999467E+000	3.2460096507148954E-006
3.5449999999999466E+000	3.2469373259591263E-006
3.5499999999999465E+000	3.2483234649111591E-006
3.5549999999999464E+000	3.2497015233791918E-006
3.5599999999999463E+000	3.2513918002609715E-006
3.5649999999999462E+000	3.2531847357104843E-006
3.5699999999999461E+000	3.2544430864221226E-006
3.5749999999999460E+000	3.2555198359602495E-006
3.5799999999999459E+000	3.2565104298012564E-006
3.5849999999999458E+000	3.2577260582953774E-006
3.5899999999999457E+000	3.2593961307853078E-006
3.5949999999999456E+000	3.2611825944552493E-006
3.5999999999999455E+000	3.2572657592451996E-006
3.6049999999999454E+000	3.2517967707539574E-006
3.6099999999999453E+000	3.2479469531858266E-006
3.6149999999999451E+000	3.2464903435425559E-006
3.6199999999999450E+000	3.2468795268183218E-006
3.6249999999999449E+000	3.2483281826492171E-006
3.6299999999999448E+000	3.2502438661735777E-006
3.6349999999999447E+000	3.2522903627837530E-006
3.6399999999999446E+000	3.2543013798118128E-006
3.6449999999999445E+000	3.2561853253110367E-006
3.6499999999999444E+000	3.2578750527247937E-006
3.6549999999999443E+000	3.2593153502852035E-006
3.6599999999999442E+000	3.2604642828074344E-006
3.6649999999999441E+000	3.2612941699106129E-006
3.6699999999999440E+000	3.2617895016701312E-006
3.6749999999999439E+000	3.2619437724745778E-006
3.6799999999999438E+000	3.2617568581442135E-006
3.6849999999999437E+000	3.2612332694308231E-006
3.6899999999999435E+000	3.2603809701138141E-006
3.6949999999999434E+000	3.2592104909308708E-006
3.6999999999999433E+000	3.2577342090461189E-006
3.7049999999999432E+000	3.2559657840195959E-006
3.7099999999999431E+000	3.2539196909260357E-006
3.7149999999999430E+000	3.2516108709038648E-006
3.7199999999999429E+000	3.2490544547120181E-006
3.7249999999999428E+000	3.2462655506575537E-006
3.7299999999999427E+000	3.2432590799378508E-006
3.7349999999999426E+000	3.2400445835953595E-006
3.7399999999999425E+000	3.2366370179306321E-006
3.7449999999999424E+000	3.2330507010831454E-006
3.7499999999999423E+000	3.2292999641407947E-006
3.7549999999999422E+000	3.2253986150685426E-006
3.7599999999999421E+000	3.2213594672025876E-006
3.7649999999999419E+000	3.2171944666268094E-006
3.7699999999999418E+000	3.2129148959386460E-006
3.7749999999999417E+000	3.2085314450785652E-006
3.7799999999999416E+000	3.2040542120091334E-006
3.7849999999999415E+000	3.1994927211505777E-006
3.7899999999999414E+000	3.1948559460509221E-006
3.7949999999999413E+000	3.1901523368323533E-006
3.7999999999999412E+000	3.1853898445165326E-006
3.8049999999999411E+000	3.1805759491170375E-006
3.8099999999999410E+000	3.1757919965541907E-006
3.8149999999999409E+000	3.1710295710530662E-006
3.8199999999999408E+000	3.1664306059031648E-006
3.8249999999999407E+000	3.1616064502348029E-006
3.8299999999999406E+000	3.1566590251806299E-006
3.8349999999999405E+000	3.1517121258133080E-006
3.8399999999999403E+000	3.1468692862959525E-006
3.8449999999999402E+000	3.1421507218192859E-006
3.8499999999999401E+000	3.1375213097665451E-006
3.8549999999999400E+000	3.1329463398275387E-006
3.8599999999999399E+000	3.1284070389376903E-006
3.8649999999999398E+000	3.1238938431141606E-006
3.8699999999999397E+000	3.1194000696954622E-006
3.8749999999999396E+000	3.1149200413410864E-006
3.8799999999999395E+000	3.1104491298331269E-006
3.8849999999999394E+000	3.1059839714082605E-006
3.8899999999999393E+000	3.1016004858807470E-006
3.8949999999999392E+000	3.0971879252888436E-006
3.8999999999999391E+000	3.0929507495952806E-006
3.9049999999999390E+000	3.0885436865154357E-006
3.9099999999999389E+000	3.0840747706242819E-006
3.9149999999999388E+000	3.0796551735981936E-006
3.9199999999999386E+000	3.0753735400215739E-006
3.9249999999999385E+000	3.0712393409782205E-006
3.9299999999999384E+000	3.0672106956396725E-006
3.9349999999999383E+000	3.0632486700677960E-006
3.9399999999999382E+000	3.0593314639448915E-006
3.9449999999999381E+000	3.0555275824610122E-006
3.9499999999999380E+000	3.0517033645135733E-006
3.9549999999999379E+000	3.0479092706508271E-006
3.9599999999999378E+000	3.0441270897287538E-006
3.9649999999999377E+000	3.0401919659371010E-006
3.9699999999999376E+000	3.0363219584851854E-006
3.9749999999999375E+000	3.0326873600686919E-006
3.9799999999999374E+000	3.0293586576886598E-006
3.9849999999999373E+000	3.0262849216205372E-006
3.9899999999999372E+000	3.0233745795194958E-006
3.9949999999999370E+000	3.0205602800442200E-006
3.9999999999999369E+000	3.0178032003428111E-006
4.0049999999999368E+000	3.0150781511103402E-006
4.0099999999999367E+000	3.0123650058499444E-006
4.0149999999999366E+000	3.0096469096345668E-006
4.0199999999999365E+000	3.0069996086166171E-006
4.0249999999999364E+000	3.0042524880682380E-006
4.0299999999999363E+000	3.0014790770805357E-006
4.0349999999999362E+000	2.9986795897240931E-006
4.0399999999999361E+000	2.9956754246110980E-006
4.0449999999999360E+000	2.9926859776539997E-006
4.0499999999999359E+000	2.9898839648894297E-006
4.0549999999999358E+000	2.9873434667335014E-006
4.0599999999999357E+000	2.9850168531859524E-006
4.0649999999999356E+000	2.9828150930095982E-006
4.0699999999999354E+000	2.9806729865205032E-006
4.0749999999999353E+000	2.9785537077667699E-006
4.0799999999999352E+000	2.9765283780505344E-006
4.0849999999999351E+000	2.9743148651212994E-006
4.0899999999999350E+000	2.9719949482910240E-006
4.0949999999999349E+000	2.9696650960411333E-006
4.0999999999999348E+000	2.9671800155655539E-006
4.1049999999999347E+000	2.9647493089280202E-006
4.1099999999999346E+000	2.9625246265513653E-006
4.1149999999999345E+000	2.9605620106978354E-006
4.1199999999999344E+000	2.9588026776499388E-006
4.1249999999999343E+000	2.9571517473507202E-006
4.1299999999999342E+000	2.9556349688076835E-006
4.1349999999999341E+000	2.9538509700574932E-006
4.1399999999999340E+000	2.9518822872742585E-006
4.1449999999999338E+000	2.9499237278104679E-006
4.1499999999999337E+000	2.9478626822936643E-006
4.1549999999999336E+000	2.9459002164716796E-006
4.1599999999999335E+000	2.9441657278075904E-006
4.1649999999999334E+000	2.9426963380664902E-006
4.1699999999999333E+000	2.9414214414143182E-006
4.1749999999999332E+000	2.9403451529813376E-006
4.1799999999999331E+000	2.9389968161011214E-006
4.1849999999999330E+000	2.9375590598180745E-006
4.1899999999999329E+000	2.9356777755178269E-006
4.1949999999999328E+000	2.9337756747577068E-006
4.1999999999999327E+000	2.9319231676946277E-006
4.2049999999999326E+000	2.9304019904580277E-006
4.2099999999999325E+000	2.9293122896342604E-006
4.2149999999999324E+000	2.9286140410708160E-006
4.2199999999999322E+000	2.9281751020249374E-006
4.2249999999999321E+000	2.9278594776569713E-006
4.2299999999999320E+000	2.9276905275178789E-006
4.2349999999999319E+000	2.9271442251382876E-006
4.2399999999999318E+000	2.9264374445366927E-006
4.2449999999999317E+000	2.9252595735207130E-006
4.2499999999999316E+000	2.9240560423193408E-006
4.2549999999999315E+000	2.9228708249831745E-006
4.2599999999999314E+000	2.9219748870827769E-006
4.2649999999999313E+000	2.9214645891242416E-006
4.2699999999999312E+000	2.9212999010875907E-006
4.2749999999999311E+000	2.9213501036033154E-006
4.2799999999999310E+000	2.9216047879474773E-006
4.2849999999999309E+000	2.9214565327106206E-006
4.2899999999999308E+000	2.9211300367658173E-006
4.2949999999999307E+000	2.9203349023404319E-006
4.2999999999999305E+000	2.9195316183230498E-006
4.3049999999999304E+000	2.9187396165796787E-006
4.3099999999999303E+000	2.9182190828982461E-006
4.3149999999999302E+000	2.9180608996049223E-006
4.3199999999999301E+000	2.9182227827812694E-006
4.3249999999999300E+000	2.9187044240688634E-006
4.3299999999999299E+000	2.9187660355482523E-006
4.3349999999999298E+000	2.9186105943080460E-006
4.3399999999999297E+000	2.9179938769006866E-006
4.3449999999999296E+000	2.9174257682250512E-006
4.3499999999999295E+000	2.9169110897301960E-006
4.3549999999999294E+000	2.9166903877408556E-006
4.3599999999999293E+000	2.9168366784662828E-006
4.3649999999999292E+000	2.9174337069979512E-006
4.3699999999999291E+000	2.9176275237506696E-006
4.3749999999999289E+000	2.9175799092094684E-006
4.3799999999999288E+000	2.9172389116416029E-006
4.3849999999999287E+000	2.9162640820015927E-006
4.3899999999999286E+000	2.9154581043988161E-006
4.3949999999999285E+000	2.9150249940416768E-006
4.3999999999999284E+000	2.9152028410147524E-006
4.4049999999999283E+000	2.9159620932404055E-006
4.4099999999999282E+000	2.9173026441432602E-006
4.4149999999999281E+000	2.9182007912499309E-006
4.4199999999999280E+000	2.9188019843268267E-006
4.4249999999999279E+000	2.9191198329123283E-006
4.4299999999999278E+000	2.9188594883547540E-006
4.4349999999999277E+000	2.9188223909933736E-006
4.4399999999999276E+000	2.9191562506832086E-006
4.4449999999999275E+000	2.9200729103821995E-006
4.4499999999999273E+000	2.9215305388825994E-006
4.4549999999999272E+000	2.9235397038983392E-006
4.4599999999999271E+000	2.9251304471609856E-006
4.4649999999999270E+000	2.9264949549810339E-006
4.4699999999999269E+000	2.9275848863863450E-006
4.4749999999999268E+000	2.9280055503964603E-006
4.4799999999999267E+000	2.9285305412357824E-006
4.4849999999999266E+000	2.9292949266087567E-006
4.4899999999999265E+000	2.9305353939316334E-006
4.4949999999999264E+000	2.9324065960638174E-006
4.4999999999999263E+000	2.9338296981872855E-006
4.5049999999999262E+000	2.9349769831813111E-006
4.5099999999999261E+000	2.9358932522893022E-006
4.5149999999999260E+000	2.9364494082596360E-006
4.5199999999999259E+000	2.9362617966479917E-006
4.5249999999999257E+000	2.9364302302268809E-006
4.5299999999999256E+000	2.9371978987155038E-006
4.5349999999999255E+000	2.9387335321777410E-006
4.5399999999999254E+000	2.9410941974653935E-006
4.5449999999999253E+000	2.9430909535845687E-006
4.5499999999999252E+000	2.9448822165261212E-006
4.5549999999999251E+000	2.9464990194155984E-006
4.5599999999999250E+000	2.9477854177831979E-006
4.5649999999999249E+000	2.9485015653317153E-006
4.5699999999999248E+000	2.9483975719696865E-006
4.5749999999999247E+000	2.9488301152667194E-006
4.5799999999999246E+000	2.9500742535431366E-006
4.5849999999999245E+000	2.9524429971302465E-006
4.5899999999999244E+000	2.9545773942733735E-006
4.5949999999999243E+000	2.9565852639157140E-006
4.5999999999999241E+000	2.9585663328196223E-006

 
