Grouping:(0, 0) J686
# x 	 y
0.0000000000000000E+000	-2.7920649116963681E-004
5.0000000000000001E-003	-2.7933909315702721E-004
1.0000000000000000E-002	-2.7836605249775825E-004
1.4999999999999999E-002	-2.7676551883915046E-004
2.0000000000000000E-002	-2.7447605000274766E-004
2.5000000000000001E-002	-2.7156316369103539E-004
3.0000000000000002E-002	-2.6810101581264956E-004
3.5000000000000003E-002	-2.6415847004979121E-004
4.0000000000000001E-002	-2.5979755059635234E-004
4.4999999999999998E-002	-2.5507430820581600E-004
4.9999999999999996E-002	-2.5003971198134245E-004
5.4999999999999993E-002	-2.4474033468047107E-004
5.9999999999999991E-002	-2.3921880756816449E-004
6.4999999999999988E-002	-2.3351417032502209E-004
6.9999999999999993E-002	-2.2766211813018966E-004
7.4999999999999997E-002	-2.2172715317303471E-004
8.0000000000000002E-002	-2.1570931947800798E-004
8.5000000000000006E-002	-2.0961946804920473E-004
9.0000000000000011E-002	-2.0349797673158143E-004
9.5000000000000015E-002	-1.9736684680971006E-004
1.0000000000000002E-001	-1.9125014707299659E-004
1.0500000000000002E-001	-1.8516096428533579E-004
1.1000000000000003E-001	-1.7911597538478041E-004
1.1500000000000003E-001	-1.7312960186732784E-004
1.2000000000000004E-001	-1.6721493935145659E-004
1.2500000000000003E-001	-1.6138343021721013E-004
1.3000000000000003E-001	-1.5564515640709153E-004
1.3500000000000004E-001	-1.5000887952099085E-004
1.4000000000000004E-001	-1.4445804319651590E-004
1.4500000000000005E-001	-1.3902326175296853E-004
1.5000000000000005E-001	-1.3370984233129768E-004
1.5500000000000005E-001	-1.2852562527965183E-004
1.6000000000000006E-001	-1.2347075197416402E-004
1.6500000000000006E-001	-1.1854815154521692E-004
1.7000000000000007E-001	-1.1376017828479412E-004
1.7500000000000007E-001	-1.0910831524979514E-004
1.8000000000000008E-001	-1.0458306230232139E-004
1.8500000000000008E-001	-1.0019533238592171E-004
1.9000000000000009E-001	-9.5945002301034421E-005
1.9500000000000009E-001	-9.1835141365681494E-005
2.0000000000000009E-001	-8.7861134946964903E-005
2.0500000000000010E-001	-8.4021493676256220E-005
2.1000000000000010E-001	-8.0314606299758395E-005
2.1500000000000011E-001	-7.6738599382397688E-005
2.2000000000000011E-001	-7.3291362279848116E-005
2.2500000000000012E-001	-6.9970569412158845E-005
2.3000000000000012E-001	-6.6773722542268210E-005
2.3500000000000013E-001	-6.3698164548764424E-005
2.4000000000000013E-001	-6.0741139374265174E-005
2.4500000000000013E-001	-5.7899700200536586E-005
2.5000000000000011E-001	-5.5170920880587282E-005
2.5500000000000012E-001	-5.2551794265442986E-005
2.6000000000000012E-001	-5.0039212567631886E-005
2.6500000000000012E-001	-4.7630073278237539E-005
2.7000000000000013E-001	-4.5321254324992566E-005
2.7500000000000013E-001	-4.3109625738502189E-005
2.8000000000000014E-001	-4.0992065141964851E-005
2.8500000000000014E-001	-3.8965468639018397E-005
2.9000000000000015E-001	-3.7026759057368075E-005
2.9500000000000015E-001	-3.5172892800527933E-005
3.0000000000000016E-001	-3.3400866763622084E-005
3.0500000000000016E-001	-3.1707724465479536E-005
3.1000000000000016E-001	-3.0090561281559403E-005
3.1500000000000017E-001	-2.8546528949235928E-005
3.2000000000000017E-001	-2.7072839305142260E-005
3.2500000000000018E-001	-2.5666767424659120E-005
3.3000000000000018E-001	-2.4325654264578667E-005
3.3500000000000019E-001	-2.3046905581081134E-005
3.4000000000000019E-001	-2.1827997103596175E-005
3.4500000000000020E-001	-2.0666478102393526E-005
3.5000000000000020E-001	-1.9559969626770091E-005
3.5500000000000020E-001	-1.8506164835563332E-005
3.6000000000000021E-001	-1.7502828409510229E-005
3.6500000000000021E-001	-1.6547796496513278E-005
3.7000000000000022E-001	-1.5638978411947058E-005
3.7500000000000022E-001	-1.4774354765711983E-005
3.8000000000000023E-001	-1.3951976561399348E-005
3.8500000000000023E-001	-1.3169963186121514E-005
3.9000000000000024E-001	-1.2426503700813107E-005
3.9500000000000024E-001	-1.1719854348557490E-005
4.0000000000000024E-001	-1.1048337245522788E-005
4.0500000000000025E-001	-1.0410334916999275E-005
4.1000000000000025E-001	-9.8042968034173228E-006
4.1500000000000026E-001	-9.2287052056994057E-006
4.2000000000000026E-001	-8.6821984686125120E-006
4.2500000000000027E-001	-8.1633331324715286E-006
4.3000000000000027E-001	-7.6708023177829432E-006
4.3500000000000028E-001	-7.2033686051575785E-006
4.4000000000000028E-001	-6.7598471282792616E-006
4.4500000000000028E-001	-6.3390556214182325E-006
4.5000000000000029E-001	-5.9399006904214957E-006
4.5500000000000029E-001	-5.5613282284872056E-006
4.6000000000000030E-001	-5.2023271028822649E-006
4.6500000000000030E-001	-4.8619315176079425E-006
4.7000000000000031E-001	-4.5392202006055982E-006
4.7500000000000031E-001	-4.2333138970951367E-006
4.8000000000000032E-001	-3.9433732001992183E-006
4.8500000000000032E-001	-3.6685971890326741E-006
4.9000000000000032E-001	-3.4082219811937264E-006
4.9500000000000033E-001	-3.1615193069045588E-006
5.0000000000000033E-001	-2.9277950706063649E-006
5.0500000000000034E-001	-2.7063879185496020E-006
5.1000000000000034E-001	-2.4966677681925731E-006
5.1500000000000035E-001	-2.2980349305701253E-006
5.2000000000000035E-001	-2.1099185844031254E-006
5.2500000000000036E-001	-1.9317755153291927E-006
5.3000000000000036E-001	-1.7630889410646944E-006
5.3500000000000036E-001	-1.6033673851945096E-006
5.4000000000000037E-001	-1.4521435535153060E-006
5.4500000000000037E-001	-1.3089732296966972E-006
5.5000000000000038E-001	-1.1734334649515787E-006
5.5500000000000038E-001	-1.0451249811138652E-006
5.6000000000000039E-001	-9.2366691928358335E-007
5.6500000000000039E-001	-8.0869708274367014E-007
5.7000000000000040E-001	-6.9987184569964001E-007
5.7500000000000040E-001	-5.9686498665723065E-007
5.8000000000000040E-001	-4.9936687995799645E-007
5.8500000000000041E-001	-4.0708377724296696E-007
5.9000000000000041E-001	-3.1973702552257066E-007
5.9500000000000042E-001	-2.3706234919540492E-007
6.0000000000000042E-001	-1.5880914583377148E-007
6.0500000000000043E-001	-8.4739806727185396E-008
6.1000000000000043E-001	-1.4629089606366108E-008
6.1500000000000044E-001	5.1736477990615981E-008
6.2000000000000044E-001	1.1455918769165407E-007
6.2500000000000044E-001	1.7403110263991550E-007
6.3000000000000045E-001	2.3033267826377823E-007
6.3500000000000045E-001	2.8363560078403793E-007
6.4000000000000046E-001	3.3410301525371722E-007
6.4500000000000046E-001	3.8188912587777679E-007
6.5000000000000047E-001	4.2713992676191026E-007
6.5500000000000047E-001	4.6999364466948634E-007
6.6000000000000048E-001	5.1058111494306502E-007
6.6500000000000048E-001	5.4902613877416684E-007
6.7000000000000048E-001	5.8544585823661066E-007
6.7500000000000049E-001	6.1996007194586866E-007
6.8000000000000049E-001	6.5268396687301333E-007
6.8500000000000050E-001	6.8369907624266091E-007
6.9000000000000050E-001	7.1309627358573380E-007
6.9500000000000051E-001	7.4096593216665951E-007
7.0000000000000051E-001	7.6739277776738390E-007
7.0500000000000052E-001	7.9244249717724813E-007
7.1000000000000052E-001	8.1619780956110333E-007
7.1500000000000052E-001	8.3873820688751266E-007
7.2000000000000053E-001	8.6014576461401759E-007
7.2500000000000053E-001	8.8046812329878321E-007
7.3000000000000054E-001	8.9976125550172981E-007
7.3500000000000054E-001	9.1808299829132523E-007
7.4000000000000055E-001	9.3548766288975571E-007
7.4500000000000055E-001	9.5202566119390042E-007
7.5000000000000056E-001	9.6774435043300855E-007
7.5500000000000056E-001	9.8268901060905023E-007
7.6000000000000056E-001	9.9690246346817446E-007
7.6500000000000057E-001	1.0104222454287992E-006
7.7000000000000057E-001	1.0232862133197074E-006
7.7500000000000058E-001	1.0355306285791954E-006
7.8000000000000058E-001	1.0471894058561304E-006
7.8500000000000059E-001	1.0582945439985281E-006
7.9000000000000059E-001	1.0688762994703893E-006
7.9500000000000060E-001	1.0789632232111046E-006
8.0000000000000060E-001	1.0885823256145954E-006
8.0500000000000060E-001	1.0977590760852252E-006
8.1000000000000061E-001	1.1065175133939675E-006
8.1500000000000061E-001	1.1148803649163597E-006
8.2000000000000062E-001	1.1228691036979654E-006
8.2500000000000062E-001	1.1305039930853411E-006
8.3000000000000063E-001	1.1378038737852592E-006
8.3500000000000063E-001	1.1447724799218406E-006
8.4000000000000064E-001	1.1514530715572846E-006
8.4500000000000064E-001	1.1578682230783954E-006
8.5000000000000064E-001	1.1639960806331118E-006
8.5500000000000065E-001	1.1698487503153387E-006
8.6000000000000065E-001	1.1754817244025162E-006
8.6500000000000066E-001	1.1808892066422771E-006
8.7000000000000066E-001	1.1860976125710465E-006
8.7500000000000067E-001	1.1910944055504302E-006
8.8000000000000067E-001	1.1958862540240034E-006
8.8500000000000068E-001	1.2005140272997039E-006
8.9000000000000068E-001	1.2049651072487677E-006
8.9500000000000068E-001	1.2092387267070848E-006
9.0000000000000069E-001	1.2133741287279065E-006
9.0500000000000069E-001	1.2173657861769271E-006
9.1000000000000070E-001	1.2212103093212079E-006
9.1500000000000070E-001	1.2249092433691544E-006
9.2000000000000071E-001	1.2284997628064787E-006
9.2500000000000071E-001	1.2319703068808252E-006
9.3000000000000071E-001	1.2353054665847907E-006
9.3500000000000072E-001	1.2385383538759953E-006
9.4000000000000072E-001	1.2416872321452388E-006
9.4500000000000073E-001	1.2447378525681785E-006
9.5000000000000073E-001	1.2476737905053881E-006
9.5500000000000074E-001	1.2505265909457108E-006
9.6000000000000074E-001	1.2533095725686394E-006
9.6500000000000075E-001	1.2559954056801104E-006
9.7000000000000075E-001	1.2586087767552101E-006
9.7500000000000075E-001	1.2611634132575489E-006
9.8000000000000076E-001	1.2636478632366277E-006
9.8500000000000076E-001	1.2660418315935118E-006
9.9000000000000077E-001	1.2684017840491890E-006
9.9500000000000077E-001	1.2706873195877932E-006
1.0000000000000007E+000	1.2729283971335548E-006
1.0050000000000006E+000	1.2751062818949777E-006
1.0100000000000005E+000	1.2772237087954608E-006
1.0150000000000003E+000	1.2793050432335917E-006
1.0200000000000002E+000	1.2813288872148831E-006
1.0250000000000001E+000	1.2833130940137494E-006
1.0300000000000000E+000	1.2852483795011693E-006
1.0349999999999999E+000	1.2871546419823687E-006
1.0399999999999998E+000	1.2890105118845696E-006
1.0449999999999997E+000	1.2908347617468507E-006
1.0499999999999996E+000	1.2926168100335644E-006
1.0549999999999995E+000	1.2943762230932521E-006
1.0599999999999994E+000	1.2960910269477210E-006
1.0649999999999993E+000	1.2977802386071602E-006
1.0699999999999992E+000	1.2994329066096100E-006
1.0749999999999991E+000	1.3010685107062159E-006
1.0799999999999990E+000	1.3026715357522534E-006
1.0849999999999989E+000	1.3042558666409576E-006
1.0899999999999987E+000	1.3058166692392348E-006
1.0949999999999986E+000	1.3073523028594991E-006
1.0999999999999985E+000	1.3088581081177608E-006
1.1049999999999984E+000	1.3103318374785289E-006
1.1099999999999983E+000	1.3118014514645893E-006
1.1149999999999982E+000	1.3132355827227826E-006
1.1199999999999981E+000	1.3145167900852073E-006
1.1249999999999980E+000	1.3156446436735081E-006
1.1299999999999979E+000	1.3167609234088218E-006
1.1349999999999978E+000	1.3178931421720108E-006
1.1399999999999977E+000	1.3187174527917733E-006
1.1449999999999976E+000	1.3195407155830452E-006
1.1499999999999975E+000	1.3203656554772181E-006
1.1549999999999974E+000	1.3211803984169990E-006
1.1599999999999973E+000	1.3220121279911012E-006
1.1649999999999971E+000	1.3228080946170451E-006
1.1699999999999970E+000	1.3236168268093707E-006
1.1749999999999969E+000	1.3243882113211924E-006
1.1799999999999968E+000	1.3251737542852027E-006
1.1849999999999967E+000	1.3259232154450018E-006
1.1899999999999966E+000	1.3266869678396631E-006
1.1949999999999965E+000	1.3274149093245313E-006
1.1999999999999964E+000	1.3281577921908649E-006
1.2049999999999963E+000	1.3288655118515180E-006
1.2099999999999962E+000	1.3295694307746686E-006
1.2149999999999961E+000	1.3302465080577974E-006
1.2199999999999960E+000	1.3309362494329235E-006
1.2249999999999959E+000	1.3316028608656438E-006
1.2299999999999958E+000	1.3322712240082524E-006
1.2349999999999957E+000	1.3329123877969806E-006
1.2399999999999956E+000	1.3335665338676250E-006
1.2449999999999954E+000	1.3341987925574728E-006
1.2499999999999953E+000	1.3348343053110057E-006
1.2549999999999952E+000	1.3354440244750521E-006
1.2599999999999951E+000	1.3360678527973846E-006
1.2649999999999950E+000	1.3366707449780080E-006
1.2699999999999949E+000	1.3372780864884248E-006
1.2749999999999948E+000	1.3378607957026389E-006
1.2799999999999947E+000	1.3384585559883533E-006
1.2849999999999946E+000	1.3390361961462816E-006
1.2899999999999945E+000	1.3396192568571053E-006
1.2949999999999944E+000	1.3401787650746400E-006
1.2999999999999943E+000	1.3407541412657764E-006
1.3049999999999942E+000	1.3413101147552453E-006
1.3099999999999941E+000	1.3418724649216784E-006
1.3149999999999940E+000	1.3424120761662550E-006
1.3199999999999938E+000	1.3429682470533777E-006
1.3249999999999937E+000	1.3435056755994879E-006
1.3299999999999936E+000	1.3440502217854089E-006
1.3349999999999935E+000	1.3445727811145503E-006
1.3399999999999934E+000	1.3451124749597199E-006
1.3449999999999933E+000	1.3456339802431216E-006
1.3499999999999932E+000	1.3461490890875893E-006
1.3549999999999931E+000	1.3466607129419828E-006
1.3599999999999930E+000	1.3471701341138953E-006
1.3649999999999929E+000	1.3476746385521210E-006
1.3699999999999928E+000	1.3481768967871233E-006
1.3749999999999927E+000	1.3486823267072623E-006
1.3799999999999926E+000	1.3491808932286631E-006
1.3849999999999925E+000	1.3496897288689524E-006
1.3899999999999924E+000	1.3501817903716073E-006
1.3949999999999922E+000	1.3506767821969135E-006
1.3999999999999921E+000	1.3511653591535833E-006
1.4049999999999920E+000	1.3516417054493246E-006
1.4099999999999919E+000	1.3521221720047549E-006
1.4149999999999918E+000	1.3525945745662682E-006
1.4199999999999917E+000	1.3530703377728770E-006
1.4249999999999916E+000	1.3535376266471388E-006
1.4299999999999915E+000	1.3540243055665258E-006
1.4349999999999914E+000	1.3544967378820161E-006
1.4399999999999913E+000	1.3549781940902506E-006
1.4399999999999913E+000	1.1979612497547976E-006
1.4449999999999912E+000	1.2804454838644119E-006
1.4499999999999911E+000	1.3009989796586297E-006
1.4549999999999910E+000	1.3062449177869695E-006
1.4599999999999909E+000	1.3074042166660860E-006
1.4649999999999908E+000	1.3075078837410103E-006
1.4699999999999906E+000	1.3075144866814270E-006
1.4749999999999905E+000	1.3077654612558831E-006
1.4799999999999904E+000	1.3083383207934673E-006
1.4849999999999903E+000	1.3092784081347730E-006
1.4899999999999902E+000	1.3105177441019578E-006
1.4949999999999901E+000	1.3120423183465846E-006
1.4999999999999900E+000	1.3137550227693140E-006
1.5049999999999899E+000	1.3156361218236157E-006
1.5099999999999898E+000	1.3176178756957313E-006
1.5149999999999897E+000	1.3196937111992213E-006
1.5199999999999896E+000	1.3218264551806413E-006
1.5249999999999895E+000	1.3239810341403313E-006
1.5299999999999894E+000	1.3261347808768420E-006
1.5349999999999893E+000	1.3282790176649684E-006
1.5399999999999892E+000	1.3304015864523677E-006
1.5449999999999890E+000	1.3324835825834214E-006
1.5499999999999889E+000	1.3345156870681052E-006
1.5549999999999888E+000	1.3364997430986847E-006
1.5599999999999887E+000	1.3384326840171212E-006
1.5649999999999886E+000	1.3403031036141044E-006
1.5699999999999885E+000	1.3421079012587711E-006
1.5749999999999884E+000	1.3438543906563183E-006
1.5799999999999883E+000	1.3455436427278755E-006
1.5849999999999882E+000	1.3472195383723573E-006
1.5899999999999881E+000	1.3489715833259197E-006
1.5949999999999880E+000	1.3507709035742721E-006
1.5999999999999879E+000	1.3525441013850781E-006
1.6049999999999878E+000	1.3542671883914892E-006
1.6099999999999877E+000	1.3559434759446987E-006
1.6149999999999876E+000	1.3575842554569562E-006
1.6199999999999875E+000	1.3591909873156283E-006
1.6249999999999873E+000	1.3607544360194623E-006
1.6299999999999872E+000	1.3622752479403033E-006
1.6349999999999871E+000	1.3637634099783469E-006
1.6399999999999870E+000	1.3652213184389694E-006
1.6449999999999869E+000	1.3666411018409264E-006
1.6499999999999868E+000	1.3680241783831093E-006
1.6549999999999867E+000	1.3693806062420322E-006
1.6599999999999866E+000	1.3707127868300972E-006
1.6649999999999865E+000	1.3720128952954269E-006
1.6699999999999864E+000	1.3732823551659834E-006
1.6749999999999863E+000	1.3745207347870547E-006
1.6799999999999862E+000	1.3757260091118440E-006
1.6849999999999861E+000	1.3769164284305191E-006
1.6899999999999860E+000	1.3780780894201428E-006
1.6949999999999859E+000	1.3792259536682394E-006
1.6999999999999857E+000	1.3803472971307684E-006
1.7049999999999856E+000	1.3814723873739609E-006
1.7099999999999855E+000	1.3825810809553474E-006
1.7149999999999854E+000	1.3836526429056306E-006
1.7199999999999853E+000	1.3847240922792992E-006
1.7249999999999852E+000	1.3857765346347861E-006
1.7299999999999851E+000	1.3868267469963058E-006
1.7349999999999850E+000	1.3878459674820931E-006
1.7399999999999849E+000	1.3888673859874245E-006
1.7449999999999848E+000	1.3898725372829546E-006
1.7499999999999847E+000	1.3908780738258741E-006
1.7549999999999846E+000	1.3918553247727061E-006
1.7599999999999845E+000	1.3928267741381006E-006
1.7649999999999844E+000	1.3937839551392273E-006
1.7699999999999843E+000	1.3947401433789253E-006
1.7749999999999841E+000	1.3956811995008422E-006
1.7799999999999840E+000	1.3966213343596934E-006
1.7849999999999839E+000	1.3975473873717448E-006
1.7899999999999838E+000	1.3984734674732380E-006
1.7949999999999837E+000	1.3994013881024614E-006
1.7999999999999836E+000	1.4003149497732181E-006
1.8049999999999835E+000	1.4012297160359566E-006
1.8099999999999834E+000	1.4021366114835843E-006
1.8149999999999833E+000	1.4030443391543912E-006
1.8199999999999832E+000	1.4039387705722106E-006
1.8249999999999831E+000	1.4048357344087492E-006
1.8299999999999830E+000	1.4057255270927271E-006
1.8349999999999829E+000	1.4066167997039969E-006
1.8399999999999828E+000	1.4074953238463195E-006
1.8449999999999827E+000	1.4083684916066375E-006
1.8499999999999825E+000	1.4092380953290018E-006
1.8549999999999824E+000	1.4101055865189949E-006
1.8599999999999823E+000	1.4109682302532178E-006
1.8649999999999822E+000	1.4118286129072288E-006
1.8699999999999821E+000	1.4126844889439383E-006
1.8749999999999820E+000	1.4135384893698699E-006
1.8799999999999819E+000	1.4144012863148703E-006
1.8849999999999818E+000	1.4152445442228156E-006
1.8899999999999817E+000	1.4160981480770829E-006
1.8949999999999816E+000	1.4169446609368919E-006
1.8999999999999815E+000	1.4177985416807815E-006
1.9049999999999814E+000	1.4186330083987286E-006
1.9099999999999813E+000	1.4194779442977534E-006
1.9149999999999812E+000	1.4203160128012371E-006
1.9199999999999811E+000	1.4211614385306603E-006
1.9249999999999809E+000	1.4219876269816467E-006
1.9299999999999808E+000	1.4228242644076516E-006
1.9349999999999807E+000	1.4236542800194485E-006
1.9399999999999806E+000	1.4244916852756973E-006
1.9449999999999805E+000	1.4253100693029097E-006
1.9499999999999804E+000	1.4261292331507747E-006
1.9549999999999803E+000	1.4269417538681495E-006
1.9599999999999802E+000	1.4277586124489261E-006
1.9649999999999801E+000	1.4285670535407746E-006
1.9699999999999800E+000	1.4293791044117654E-006
1.9749999999999799E+000	1.4301829682761280E-006
1.9799999999999798E+000	1.4309906726239774E-006
1.9849999999999797E+000	1.4317903549443400E-006
1.9899999999999796E+000	1.4325939754478156E-006
1.9949999999999795E+000	1.4333896904972221E-006
1.9999999999999793E+000	1.4341894507552411E-006
2.0049999999999795E+000	1.4349813983738358E-006
2.0099999999999794E+000	1.4357774507089971E-006
2.0149999999999793E+000	1.4365657436954393E-006
2.0199999999999791E+000	1.4373582144511232E-006
2.0249999999999790E+000	1.4381429909171572E-006
2.0299999999999789E+000	1.4389320222019109E-006
2.0349999999999788E+000	1.4397134575627746E-006
2.0399999999999787E+000	1.4404992372263337E-006
2.0449999999999786E+000	1.4412771374150424E-006
2.0499999999999785E+000	1.4420574883100556E-006
2.0549999999999784E+000	1.4428324897064471E-006
2.0599999999999783E+000	1.4436101338777263E-006
2.0649999999999782E+000	1.4443823992404958E-006
2.0699999999999781E+000	1.4451748646671092E-006
2.0749999999999780E+000	1.4459492871932156E-006
2.0799999999999779E+000	1.4467233033776949E-006
2.0849999999999778E+000	1.4475034695315969E-006
2.0899999999999777E+000	1.4482776216073745E-006
2.0949999999999775E+000	1.4490429176561292E-006
2.0999999999999774E+000	1.4498282776553850E-006
2.1049999999999773E+000	1.4506043626294485E-006
2.1099999999999772E+000	1.4513745436595116E-006
2.1149999999999771E+000	1.4521353921548297E-006
2.1199999999999770E+000	1.4529158980369772E-006
2.1249999999999769E+000	1.4536875214687939E-006
2.1299999999999768E+000	1.4544485025247411E-006
2.1349999999999767E+000	1.4552010645374480E-006
2.1399999999999766E+000	1.4559717127493599E-006
2.1449999999999765E+000	1.4567352510930220E-006
2.1499999999999764E+000	1.4575020190754628E-006
2.1549999999999763E+000	1.4582624376924258E-006
2.1599999999999762E+000	1.4590107726419888E-006
2.1649999999999761E+000	1.4597686111006425E-006
2.1699999999999759E+000	1.4605239888609844E-006
2.1749999999999758E+000	1.4612661751733924E-006
2.1799999999999757E+000	1.4620242896334901E-006
2.1849999999999756E+000	1.4627765803076898E-006
2.1899999999999755E+000	1.4635170471066772E-006
2.1949999999999754E+000	1.4642615797644254E-006
2.1999999999999753E+000	1.4649997710503015E-006
2.2049999999999752E+000	1.4657407452212112E-006
2.2099999999999751E+000	1.4664851755163966E-006
2.2149999999999750E+000	1.4672251305025696E-006
2.2199999999999749E+000	1.4679656359373183E-006
2.2249999999999748E+000	1.4687015692516070E-006
2.2299999999999747E+000	1.4694412400206858E-006
2.2349999999999746E+000	1.4701764519120530E-006
2.2399999999999745E+000	1.4709001594503945E-006
2.2449999999999743E+000	1.4716294371996952E-006
2.2499999999999742E+000	1.4723514372150248E-006
2.2549999999999741E+000	1.4730863542311567E-006
2.2599999999999740E+000	1.4738223559351837E-006
2.2649999999999739E+000	1.4745521690340269E-006
2.2699999999999738E+000	1.4752816350771525E-006
2.2749999999999737E+000	1.4760143343117704E-006
2.2799999999999736E+000	1.4767480358557350E-006
2.2849999999999735E+000	1.4774617917989730E-006
2.2899999999999734E+000	1.4781786130679819E-006
2.2949999999999733E+000	1.4788895579265215E-006
2.2999999999999732E+000	1.4796121059479361E-006
2.3049999999999731E+000	1.4803277219588296E-006
2.3099999999999730E+000	1.4810369475259932E-006
2.3149999999999729E+000	1.4817466347238906E-006
2.3199999999999728E+000	1.4824616871855767E-006
2.3249999999999726E+000	1.4831796373293571E-006
2.3299999999999725E+000	1.4838876982725679E-006
2.3349999999999724E+000	1.4845982245770273E-006
2.3399999999999723E+000	1.4853051799601502E-006
2.3449999999999722E+000	1.4860016321893710E-006
2.3499999999999721E+000	1.4867206514779241E-006
2.3549999999999720E+000	1.4874267524334073E-006
2.3599999999999719E+000	1.4881176877423741E-006
2.3649999999999718E+000	1.4888282846570178E-006
2.3699999999999717E+000	1.4895303916961922E-006
2.3749999999999716E+000	1.4902370406577603E-006
2.3799999999999715E+000	1.4909309218325006E-006
2.3849999999999714E+000	1.4916438055845305E-006
2.3899999999999713E+000	1.4923415465606382E-006
2.3949999999999712E+000	1.4930444274252608E-006
2.3999999999999710E+000	1.4937335908182803E-006
2.4049999999999709E+000	1.4944264230543070E-006
2.4099999999999708E+000	1.4951271034568947E-006
2.4149999999999707E+000	1.4958166389966721E-006
2.4199999999999706E+000	1.4965054244697740E-006
2.4249999999999705E+000	1.4972032336135754E-006
2.4299999999999704E+000	1.4979015046101551E-006
2.4349999999999703E+000	1.4985865877115145E-006
2.4399999999999702E+000	1.4992681856007550E-006
2.4449999999999701E+000	1.4999581565700026E-006
2.4499999999999700E+000	1.5006388041083341E-006
2.4549999999999699E+000	1.5013073317859948E-006
2.4599999999999698E+000	1.5019835299945328E-006
2.4649999999999697E+000	1.5026607782520074E-006
2.4699999999999696E+000	1.5033454736634866E-006
2.4749999999999694E+000	1.5040177774316987E-006
2.4799999999999693E+000	1.5046876225000005E-006
2.4849999999999692E+000	1.5053718038782193E-006
2.4899999999999691E+000	1.5060282925194457E-006
2.4949999999999690E+000	1.5066969054622348E-006
2.4999999999999689E+000	1.5073699284329223E-006
2.5049999999999688E+000	1.5080212549811733E-006
2.5099999999999687E+000	1.5086788869300705E-006
2.5149999999999686E+000	1.5093444438729620E-006
2.5199999999999685E+000	1.5099972581200660E-006
2.5249999999999684E+000	1.5106461228597823E-006
2.5299999999999683E+000	1.5113055915616513E-006
2.5349999999999682E+000	1.5119480301084565E-006
2.5399999999999681E+000	1.5125999275333868E-006
2.5449999999999680E+000	1.5132573845111352E-006
2.5499999999999678E+000	1.5139089137861106E-006
2.5549999999999677E+000	1.5145479443923193E-006
2.5599999999999676E+000	1.5151960492953975E-006
2.5649999999999675E+000	1.5158409660820382E-006
2.5699999999999674E+000	1.5164735087669357E-006
2.5749999999999673E+000	1.5171119243095887E-006
2.5799999999999672E+000	1.5177422885148673E-006
2.5849999999999671E+000	1.5183940647034433E-006
2.5899999999999670E+000	1.5190338524817548E-006
2.5949999999999669E+000	1.5196583462717683E-006
2.5999999999999668E+000	1.5203036274336057E-006
2.6049999999999667E+000	1.5209388386505651E-006
2.6099999999999666E+000	1.5215773101484587E-006
2.6149999999999665E+000	1.5222065445907873E-006
2.6199999999999664E+000	1.5228370096043164E-006
2.6249999999999662E+000	1.5234771504335498E-006
2.6299999999999661E+000	1.5241055089099120E-006
2.6349999999999660E+000	1.5247414633101641E-006
2.6399999999999659E+000	1.5253760317079923E-006
2.6449999999999658E+000	1.5259976848813750E-006
2.6499999999999657E+000	1.5266266017999186E-006
2.6549999999999656E+000	1.5272470028637741E-006
2.6599999999999655E+000	1.5278782370398147E-006
2.6649999999999654E+000	1.5285062200387500E-006
2.6699999999999653E+000	1.5291214754409310E-006
2.6749999999999652E+000	1.5297416156023758E-006
2.6799999999999651E+000	1.5303433775759601E-006
2.6849999999999650E+000	1.5309661682838538E-006
2.6899999999999649E+000	1.5315846155772306E-006
2.6949999999999648E+000	1.5321797786072011E-006
2.6999999999999647E+000	1.5327922053831600E-006
2.7049999999999645E+000	1.5334015253110067E-006
2.7099999999999644E+000	1.5340275445474560E-006
2.7149999999999643E+000	1.5346237549618280E-006
2.7199999999999642E+000	1.5352343993857431E-006
2.7249999999999641E+000	1.5358442313484488E-006
2.7299999999999640E+000	1.5364588636934684E-006
2.7349999999999639E+000	1.5370635215727901E-006
2.7399999999999638E+000	1.5376742026340651E-006
2.7449999999999637E+000	1.5382731959334706E-006
2.7499999999999636E+000	1.5388782759195863E-006
2.7549999999999635E+000	1.5394780621402759E-006
2.7599999999999634E+000	1.5400829507239422E-006
2.7649999999999633E+000	1.5406747981838720E-006
2.7699999999999632E+000	1.5412727187857911E-006
2.7749999999999631E+000	1.5418668573019545E-006
2.7799999999999629E+000	1.5424657537899122E-006
2.7849999999999628E+000	1.5430503572666510E-006
2.7899999999999627E+000	1.5436411449076815E-006
2.7949999999999626E+000	1.5442293206380242E-006
2.7999999999999625E+000	1.5448219543579000E-006
2.8049999999999624E+000	1.5453993240654995E-006
2.8099999999999623E+000	1.5459825764008173E-006
2.8149999999999622E+000	1.5465641751699621E-006
2.8199999999999621E+000	1.5471500238728453E-006
2.8249999999999620E+000	1.5477163000099381E-006
2.8299999999999619E+000	1.5482842761205262E-006
2.8349999999999618E+000	1.5488641984529039E-006
2.8399999999999617E+000	1.5494279137495681E-006
2.8449999999999616E+000	1.5500147161340294E-006
2.8499999999999615E+000	1.5505861592490788E-006
2.8549999999999613E+000	1.5511685538260878E-006
2.8599999999999612E+000	1.5517536977593949E-006
2.8649999999999611E+000	1.5523211809309601E-006
2.8699999999999610E+000	1.5529010695125578E-006
2.8749999999999609E+000	1.5534830908325858E-006
2.8799999999999608E+000	1.5540478450759565E-006
2.8849999999999607E+000	1.5546247869036023E-006
2.8899999999999606E+000	1.5552026282339426E-006
2.8949999999999605E+000	1.5557605790306184E-006
2.8999999999999604E+000	1.5563303541465956E-006
2.9049999999999603E+000	1.5569000457738014E-006
2.9099999999999602E+000	1.5574549101504687E-006
2.9149999999999601E+000	1.5580211616406103E-006
2.9199999999999600E+000	1.5585862851441590E-006
2.9249999999999599E+000	1.5591372208856313E-006
2.9299999999999597E+000	1.5596993701016970E-006
2.9349999999999596E+000	1.5602597991382083E-006
2.9399999999999595E+000	1.5608065511152347E-006
2.9449999999999594E+000	1.5613643755685302E-006
2.9499999999999593E+000	1.5619200468552918E-006
2.9549999999999592E+000	1.5624626992227775E-006
2.9599999999999591E+000	1.5630115610676398E-006
2.9649999999999590E+000	1.5635519168277767E-006
2.9699999999999589E+000	1.5641022261814186E-006
2.9749999999999588E+000	1.5646493136678430E-006
2.9799999999999587E+000	1.5651839833097370E-006
2.9849999999999586E+000	1.5657244065714337E-006
2.9899999999999585E+000	1.5662570176377955E-006
2.9949999999999584E+000	1.5667995125756562E-006
2.9999999999999583E+000	1.5673383786385386E-006
3.0049999999999581E+000	1.5678653759731986E-006
3.0099999999999580E+000	1.5683977325764431E-006
3.0149999999999579E+000	1.5689322483414259E-006
3.0199999999999578E+000	1.5694464192694824E-006
3.0249999999999577E+000	1.5699673499014466E-006
3.0299999999999576E+000	1.5704975311336966E-006
3.0349999999999575E+000	1.5710318554962299E-006
3.0399999999999574E+000	1.5715583359110497E-006
3.0449999999999573E+000	1.5720823314246957E-006
3.0499999999999572E+000	1.5726029312101986E-006
3.0549999999999571E+000	1.5731215359249262E-006
3.0599999999999570E+000	1.5736386933529189E-006
3.0649999999999569E+000	1.5741533960778042E-006
3.0699999999999568E+000	1.5746675983141500E-006
3.0749999999999567E+000	1.5751789141926764E-006
3.0799999999999566E+000	1.5756911151409980E-006
3.0849999999999564E+000	1.5761986418283414E-006
3.0899999999999563E+000	1.5767076744221953E-006
3.0949999999999562E+000	1.5772112509360170E-006
3.0999999999999561E+000	1.5777171482600494E-006
3.1049999999999560E+000	1.5782169779932076E-006
3.1099999999999559E+000	1.5787197678029941E-006
3.1149999999999558E+000	1.5792159004934803E-006
3.1199999999999557E+000	1.5797155685781661E-006
3.1249999999999556E+000	1.5802080657323359E-006
3.1299999999999555E+000	1.5807046120919210E-006
3.1349999999999554E+000	1.5811935307752378E-006
3.1399999999999553E+000	1.5816869542994993E-006
3.1449999999999552E+000	1.5821720298347941E-006
3.1499999999999551E+000	1.5826620303194261E-006
3.1549999999999550E+000	1.5831436868118942E-006
3.1599999999999548E+000	1.5836306088701235E-006
3.1649999999999547E+000	1.5841088587542629E-006
3.1699999999999546E+000	1.5845926710778002E-006
3.1749999999999545E+000	1.5850675429973649E-006
3.1799999999999544E+000	1.5855485844262773E-006
3.1849999999999543E+000	1.5860200952566572E-006
3.1899999999999542E+000	1.5864976972146394E-006
3.1949999999999541E+000	1.5869658560596633E-006
3.1999999999999540E+000	1.5874362366830042E-006
3.2049999999999539E+000	1.5879031356469397E-006
3.2099999999999538E+000	1.5883903052849035E-006
3.2149999999999537E+000	1.5888843454270329E-006
3.2199999999999536E+000	1.5893572347103202E-006
3.2249999999999535E+000	1.5898427991878350E-006
3.2299999999999534E+000	1.5903337895473157E-006
3.2349999999999532E+000	1.5908062029890147E-006
3.2399999999999531E+000	1.5913257385147261E-006
3.2449999999999530E+000	1.5918728617503319E-006
3.2499999999999529E+000	1.5924019300950221E-006
3.2549999999999528E+000	1.5929796277625030E-006
3.2599999999999527E+000	1.5935818122869705E-006
3.2649999999999526E+000	1.5941621027693031E-006
3.2699999999999525E+000	1.5947541809335775E-006
3.2749999999999524E+000	1.5953491456777158E-006
3.2799999999999523E+000	1.5959307755331054E-006
3.2849999999999522E+000	1.5965257209593631E-006
3.2899999999999521E+000	1.5971221007937686E-006
3.2949999999999520E+000	1.5977048291038187E-006
3.2999999999999519E+000	1.5982999355124150E-006
3.3049999999999518E+000	1.5988954349399620E-006
3.3099999999999516E+000	1.5994770881100351E-006
3.3149999999999515E+000	1.6000706704044632E-006
3.3199999999999514E+000	1.6006542939983603E-006
3.3249999999999513E+000	1.6012378456498055E-006
3.3299999999999512E+000	1.6018358626190832E-006
3.3349999999999511E+000	1.6024385476320901E-006
3.3399999999999510E+000	1.6030255560739448E-006
3.3449999999999509E+000	1.6036224574911273E-006
3.3499999999999508E+000	1.6042232973134674E-006
3.3549999999999507E+000	1.6048085349495977E-006
3.3599999999999506E+000	1.6054030211876125E-006
3.3649999999999505E+000	1.6060005876283867E-006
3.3699999999999504E+000	1.6065822669997232E-006
3.3749999999999503E+000	1.6071730037925391E-006
3.3799999999999502E+000	1.6077663025360067E-006
3.3849999999999500E+000	1.6083438492131563E-006
3.3899999999999499E+000	1.6089289327503309E-006
3.3949999999999498E+000	1.6095030341833905E-006
3.3999999999999497E+000	1.6100855668721437E-006
3.4049999999999496E+000	1.6106696609785587E-006
3.4049999999999496E+000	1.4206374112646358E-006
3.4099999999999495E+000	1.4862024035888766E-006
3.4149999999999494E+000	1.5045091039667113E-006
3.4199999999999493E+000	1.5116452938279679E-006
3.4249999999999492E+000	1.5158175619145453E-006
3.4299999999999491E+000	1.5191102868961082E-006
3.4349999999999490E+000	1.5222233706868593E-006
3.4399999999999489E+000	1.5254242202722423E-006
3.4449999999999488E+000	1.5287761356841401E-006
3.4499999999999487E+000	1.5322962640951232E-006
3.4549999999999486E+000	1.5359360208133666E-006
3.4599999999999485E+000	1.5397004431427774E-006
3.4649999999999483E+000	1.5435194815616171E-006
3.4699999999999482E+000	1.5473645176289352E-006
3.4749999999999481E+000	1.5511982802696167E-006
3.4799999999999480E+000	1.5549977774309554E-006
3.4849999999999479E+000	1.5587181931842053E-006
3.4899999999999478E+000	1.5623617082294317E-006
3.4949999999999477E+000	1.5659212357910235E-006
3.4999999999999476E+000	1.5693596706611856E-006
3.5049999999999475E+000	1.5726901338997124E-006
3.5099999999999474E+000	1.5758973002100163E-006
3.5149999999999473E+000	1.5789921248288152E-006
3.5199999999999472E+000	1.5819742493761169E-006
3.5249999999999471E+000	1.5848175127786135E-006
3.5299999999999470E+000	1.5875473180493316E-006
3.5349999999999469E+000	1.5901529311079798E-006
3.5399999999999467E+000	1.5926531473642314E-006
3.5449999999999466E+000	1.5950507978867989E-006
3.5499999999999465E+000	1.5973224414267406E-006
3.5549999999999464E+000	1.5994980688827098E-006
3.5599999999999463E+000	1.6015671195912518E-006
3.5649999999999462E+000	1.6035514369683312E-006
3.5699999999999461E+000	1.6054538800602813E-006
3.5749999999999460E+000	1.6072510571341070E-006
3.5799999999999459E+000	1.6089736092350648E-006
3.5849999999999458E+000	1.6106261353510121E-006
3.5899999999999457E+000	1.6122114006034138E-006
3.5949999999999456E+000	1.6137070264488074E-006
3.5999999999999455E+000	1.6151458548385733E-006
3.6049999999999454E+000	1.6165143488233724E-006
3.6099999999999453E+000	1.6178355499718577E-006
3.6149999999999451E+000	1.6191100582485518E-006
3.6199999999999450E+000	1.6203127137792706E-006
3.6249999999999449E+000	1.6214740554687523E-006
3.6299999999999448E+000	1.6225978973771760E-006
3.6349999999999447E+000	1.6236847462103299E-006
3.6399999999999446E+000	1.6247103973299204E-006
3.6449999999999445E+000	1.6257057646740236E-006
3.6499999999999444E+000	1.6266741222903391E-006
3.6549999999999443E+000	1.6276137380089040E-006
3.6599999999999442E+000	1.6284932966570409E-006
3.6649999999999441E+000	1.6293642837172939E-006
3.6699999999999440E+000	1.6302281866664714E-006
3.6749999999999439E+000	1.6310679644693238E-006
3.6799999999999438E+000	1.6318595397191160E-006
3.6849999999999437E+000	1.6326420855250490E-006
3.6899999999999435E+000	1.6334132080242370E-006
3.6949999999999434E+000	1.6341448303425210E-006
3.6999999999999433E+000	1.6348739362292974E-006
3.7049999999999432E+000	1.6355715186655573E-006
3.7099999999999431E+000	1.6362648063150687E-006
3.7149999999999430E+000	1.6369489315160024E-006
3.7199999999999429E+000	1.6376003380003112E-006
3.7249999999999428E+000	1.6382519425484077E-006
3.7299999999999427E+000	1.6388783685705732E-006
3.7349999999999426E+000	1.6395044257766500E-006
3.7399999999999425E+000	1.6401238396301920E-006
3.7449999999999424E+000	1.6407158596187799E-006
3.7499999999999423E+000	1.6413100591972096E-006
3.7549999999999422E+000	1.6418994914779717E-006
3.7599999999999421E+000	1.6424638356049570E-006
3.7649999999999419E+000	1.6430313738435842E-006
3.7699999999999418E+000	1.6435802081549156E-006
3.7749999999999417E+000	1.6441326617933072E-006
3.7799999999999416E+000	1.6446811850201470E-006
3.7849999999999415E+000	1.6452077391537756E-006
3.7899999999999414E+000	1.6457388218871216E-006
3.7949999999999413E+000	1.6462539400574627E-006
3.7999999999999412E+000	1.6467742958159448E-006
3.8049999999999411E+000	1.6472918051846364E-006
3.8099999999999410E+000	1.6477895665722997E-006
3.8149999999999409E+000	1.6482927340799591E-006
3.8199999999999408E+000	1.6487818237376217E-006
3.8249999999999407E+000	1.6492756937935837E-006
3.8299999999999406E+000	1.6497555075378756E-006
3.8349999999999405E+000	1.6502420747688262E-006
3.8399999999999403E+000	1.6507268914001116E-006
3.8449999999999402E+000	1.6512092717579918E-006
3.8499999999999401E+000	1.6516731848881250E-006
3.8549999999999400E+000	1.6521449395234811E-006
3.8599999999999399E+000	1.6526159491991876E-006
3.8649999999999398E+000	1.6530854292096109E-006
3.8699999999999397E+000	1.6535373541515241E-006
3.8749999999999396E+000	1.6539973828333387E-006
3.8799999999999395E+000	1.6544566898701873E-006
3.8849999999999394E+000	1.6549003041266275E-006
3.8899999999999393E+000	1.6553503894289889E-006
3.8949999999999392E+000	1.6557895095026254E-006
3.8999999999999391E+000	1.6562341602632813E-006
3.9049999999999390E+000	1.6566674525542169E-006
3.9099999999999389E+000	1.6571064476167408E-006
3.9149999999999388E+000	1.6575481931457858E-006
3.9199999999999386E+000	1.6579682480255542E-006
3.9249999999999385E+000	1.6584009290276924E-006
3.9299999999999384E+000	1.6588419924357112E-006
3.9349999999999383E+000	1.6592753711019981E-006
3.9399999999999382E+000	1.6597063963175174E-006
3.9449999999999381E+000	1.6601307168961910E-006
3.9499999999999380E+000	1.6605569459482439E-006
3.9549999999999379E+000	1.6609904800457542E-006
3.9599999999999378E+000	1.6614073958809428E-006
3.9649999999999377E+000	1.6618280485047876E-006
3.9699999999999376E+000	1.6622508660635305E-006
3.9749999999999375E+000	1.6626785979134695E-006
3.9799999999999374E+000	1.6630876160661501E-006
3.9849999999999373E+000	1.6635003965426165E-006
3.9899999999999372E+000	1.6639056319434076E-006
3.9949999999999370E+000	1.6643174425290397E-006
3.9999999999999369E+000	1.6647187961460475E-006
4.0049999999999368E+000	1.6651264216349659E-006
4.0099999999999367E+000	1.6655406003263096E-006
4.0149999999999366E+000	1.6659346779857032E-006
4.0199999999999365E+000	1.6663333211042186E-006
4.0249999999999364E+000	1.6667378515133890E-006
4.0299999999999363E+000	1.6671465412620989E-006
4.0349999999999362E+000	1.6675338132543516E-006
4.0399999999999361E+000	1.6679260363972048E-006
4.0449999999999360E+000	1.6683251198301718E-006
4.0499999999999359E+000	1.6687280701699336E-006
4.0549999999999358E+000	1.6691088020603928E-006
4.0599999999999357E+000	1.6694945295103736E-006
4.0649999999999356E+000	1.6698878182452859E-006
4.0699999999999354E+000	1.6702847835947665E-006
4.0749999999999353E+000	1.6706589862636179E-006
4.0799999999999352E+000	1.6710382506612831E-006
4.0849999999999351E+000	1.6714256425576224E-006
4.0899999999999350E+000	1.6718165765094994E-006
4.0949999999999349E+000	1.6721843689726512E-006
4.0999999999999348E+000	1.6725572815623480E-006
4.1049999999999347E+000	1.6729387641856164E-006
4.1099999999999346E+000	1.6733236969379561E-006
4.1149999999999345E+000	1.6736852277432490E-006
4.1199999999999344E+000	1.6740519246383201E-006
4.1249999999999343E+000	1.6744275328495206E-006
4.1299999999999342E+000	1.6748065252425448E-006
4.1349999999999341E+000	1.6751619515975591E-006
4.1399999999999340E+000	1.6755225711317934E-006
4.1449999999999338E+000	1.6758923626625233E-006
4.1499999999999337E+000	1.6762655048463415E-006
4.1549999999999336E+000	1.6766149595337509E-006
4.1599999999999335E+000	1.6769695971863285E-006
4.1649999999999334E+000	1.6773336140030182E-006
4.1699999999999333E+000	1.6777009548274435E-006
4.1749999999999332E+000	1.6780446003838989E-006
4.1799999999999331E+000	1.6783990894886358E-006
4.1849999999999330E+000	1.6787535095375006E-006
4.1899999999999329E+000	1.6790966843593935E-006
4.1949999999999328E+000	1.6794653123763936E-006
4.1999999999999327E+000	1.6798153512631586E-006
4.2049999999999326E+000	1.6801750084560751E-006
4.2099999999999325E+000	1.6805447524692596E-006
4.2149999999999324E+000	1.6808935257017765E-006
4.2199999999999322E+000	1.6812514591624250E-006
4.2249999999999321E+000	1.6816159100763173E-006
4.2299999999999320E+000	1.6819592962846741E-006
4.2349999999999319E+000	1.6823131585574913E-006
4.2399999999999318E+000	1.6826736140007625E-006
4.2449999999999317E+000	1.6830143680923726E-006
4.2499999999999316E+000	1.6833676925731567E-006
4.2549999999999315E+000	1.6837069418684791E-006
4.2599999999999314E+000	1.6840556951169816E-006
4.2649999999999313E+000	1.6844089836265397E-006
4.2699999999999312E+000	1.6847442900758125E-006
4.2749999999999311E+000	1.6850895709907832E-006
4.2799999999999310E+000	1.6854393203313833E-006
4.2849999999999309E+000	1.6857717219931345E-006
4.2899999999999308E+000	1.6861146112656655E-006
4.2949999999999307E+000	1.6864453094012077E-006
4.2999999999999305E+000	1.6867850347601632E-006
4.3049999999999304E+000	1.6871277430663412E-006
4.3099999999999303E+000	1.6874541099998197E-006
4.3149999999999302E+000	1.6877902131451350E-006
4.3199999999999301E+000	1.6881150204373085E-006
4.3249999999999300E+000	1.6884487130663928E-006
4.3299999999999299E+000	1.6887847926749799E-006
4.3349999999999298E+000	1.6891203227231699E-006
4.3399999999999297E+000	1.6894394678779179E-006
4.3449999999999296E+000	1.6897678436489372E-006
4.3499999999999295E+000	1.6900991632873286E-006
4.3549999999999294E+000	1.6904158712804929E-006
4.3599999999999293E+000	1.6907412845323933E-006
4.3649999999999292E+000	1.6910564131222827E-006
4.3699999999999291E+000	1.6913791900385888E-006
4.3749999999999289E+000	1.6916913236908471E-006
4.3799999999999288E+000	1.6920121064245564E-006
4.3849999999999287E+000	1.6923344077213187E-006
4.3899999999999286E+000	1.6926563428665276E-006
4.3949999999999285E+000	1.6929630215489766E-006
4.3999999999999284E+000	1.6932787048062892E-006
4.4049999999999283E+000	1.6935966022924021E-006
4.4099999999999282E+000	1.6939007585481392E-006
4.4149999999999281E+000	1.6942129585917343E-006
4.4199999999999280E+000	1.6945155607572815E-006
4.4249999999999279E+000	1.6948252445914136E-006
4.4299999999999278E+000	1.6951248698049426E-006
4.4349999999999277E+000	1.6954722985573767E-006
4.4399999999999276E+000	1.6958132573741125E-006
4.4449999999999275E+000	1.6961540887372450E-006
4.4499999999999273E+000	1.6964821518694606E-006
4.4549999999999272E+000	1.6968150140517224E-006
4.4599999999999271E+000	1.6971381737729274E-006
4.4649999999999270E+000	1.6974672880643027E-006
4.4699999999999269E+000	1.6977871177825676E-006
4.4749999999999268E+000	1.6981130199766881E-006
4.4799999999999267E+000	1.6984297985800367E-006
4.4849999999999266E+000	1.6987527764467103E-006
4.4899999999999265E+000	1.6990667477401189E-006
4.4949999999999264E+000	1.6993881266635924E-006
4.4999999999999263E+000	1.6997114051786610E-006
4.5049999999999262E+000	1.7000347345419442E-006
4.5099999999999261E+000	1.7003427361661494E-006
4.5149999999999260E+000	1.7006583832301914E-006
4.5199999999999259E+000	1.7009774011533807E-006
4.5249999999999257E+000	1.7012992854503750E-006
4.5299999999999256E+000	1.7016031541583487E-006
4.5349999999999255E+000	1.7019267934959004E-006
4.5399999999999254E+000	1.7022469191996237E-006
4.5449999999999253E+000	1.7025645522306121E-006
4.5499999999999252E+000	1.7028749930148024E-006
4.5549999999999251E+000	1.7031868617678469E-006
4.5599999999999250E+000	1.7034923478487229E-006
4.5649999999999249E+000	1.7038005859504324E-006
4.5699999999999248E+000	1.7041127582384519E-006
4.5749999999999247E+000	1.7044297651036544E-006
4.5799999999999246E+000	1.7047274689652170E-006
4.5849999999999245E+000	1.7050281240216236E-006
4.5899999999999244E+000	1.7053367271646636E-006
4.5949999999999243E+000	1.7056324996822525E-006
4.5999999999999241E+000	1.7059361074878154E-006
4.6049999999999240E+000	1.7062280854851508E-006
4.6099999999999239E+000	1.7065302064800392E-006
4.6149999999999238E+000	1.7068192905700386E-006
4.6199999999999237E+000	1.7071164661874860E-006
4.6249999999999236E+000	1.7074003919592684E-006
4.6299999999999235E+000	1.7076868650267585E-006
4.6349999999999234E+000	1.7079834608857425E-006
4.6399999999999233E+000	1.7082843084548216E-006
4.6449999999999232E+000	1.7085605803490722E-006
4.6499999999999231E+000	1.7088398347464562E-006
4.6549999999999230E+000	1.7091322963569411E-006
4.6599999999999229E+000	1.7094074415968663E-006
4.6649999999999228E+000	1.7096936519855888E-006
4.6699999999999227E+000	1.7099654585628343E-006
4.6749999999999226E+000	1.7102492251286350E-006
4.6799999999999224E+000	1.7105180332155356E-006
4.6849999999999223E+000	1.7107989662701328E-006
4.6899999999999222E+000	1.7110647945184354E-006
4.6949999999999221E+000	1.7113336534535506E-006
4.6999999999999220E+000	1.7116152215557179E-006
4.7049999999999219E+000	1.7119007440502543E-006
4.7099999999999218E+000	1.7121599300562451E-006
4.7149999999999217E+000	1.7124224567233171E-006
4.7199999999999216E+000	1.7127002371886135E-006
4.7249999999999215E+000	1.7129591234343877E-006
4.7299999999999214E+000	1.7132306973088873E-006
4.7349999999999213E+000	1.7134865024637236E-006
4.7399999999999212E+000	1.7137557331015074E-006
4.7449999999999211E+000	1.7140089065836861E-006
4.7499999999999210E+000	1.7142755064369908E-006
4.7549999999999208E+000	1.7145259336714957E-006
4.7599999999999207E+000	1.7147899429303948E-006
4.7649999999999206E+000	1.7150378128771848E-006
4.7699999999999205E+000	1.7152889291160989E-006
4.7749999999999204E+000	1.7155539542290654E-006
4.7799999999999203E+000	1.7158227640923229E-006
4.7849999999999202E+000	1.7160646901270837E-006
4.7899999999999201E+000	1.7163101484474197E-006
4.7949999999999200E+000	1.7165717851597151E-006
4.7999999999999199E+000	1.7168375936460478E-006
4.8049999999999198E+000	1.7170761712481664E-006
4.8099999999999197E+000	1.7173180941743027E-006
4.8149999999999196E+000	1.7175762159205021E-006
4.8199999999999195E+000	1.7178147651009112E-006
4.8249999999999194E+000	1.7180666120886201E-006
4.8299999999999192E+000	1.7183021052691316E-006
4.8349999999999191E+000	1.7185516114626154E-006
4.8399999999999190E+000	1.7187845904320653E-006
4.8449999999999189E+000	1.7190314103299187E-006
4.8499999999999188E+000	1.7192671868393461E-006
4.8549999999999187E+000	1.7194968957578993E-006
4.8599999999999186E+000	1.7197535633339811E-006
4.8649999999999185E+000	1.7200199355915657E-006
4.8699999999999184E+000	1.7202603428412289E-006
4.8749999999999183E+000	1.7205105016238065E-006
4.8799999999999182E+000	1.7207755360626464E-006
4.8849999999999181E+000	1.7210186782357084E-006
4.8899999999999180E+000	1.7212711369563038E-006
4.8949999999999179E+000	1.7215355712085767E-006
4.8999999999999178E+000	1.7217785999168456E-006
4.9049999999999176E+000	1.7220369006309966E-006
4.9099999999999175E+000	1.7222788843973547E-006
4.9149999999999174E+000	1.7225292603395559E-006
4.9199999999999173E+000	1.7227890458659800E-006
4.9249999999999172E+000	1.7230293429815191E-006
4.9299999999999171E+000	1.7232778422027195E-006
4.9349999999999170E+000	1.7235351341682303E-006
4.9399999999999169E+000	1.7237737472974857E-006
4.9449999999999168E+000	1.7240247207617188E-006
4.9499999999999167E+000	1.7242616403567723E-006
4.9549999999999166E+000	1.7245062959858615E-006
4.9599999999999165E+000	1.7247581527435329E-006
4.9649999999999164E+000	1.7249925501339192E-006
4.9699999999999163E+000	1.7252382222832097E-006
4.9749999999999162E+000	1.7254709161473869E-006
4.9799999999999160E+000	1.7257111544211057E-006
4.9849999999999159E+000	1.7259577436146145E-006
4.9899999999999158E+000	1.7262032265819016E-006
4.9949999999999157E+000	1.7264305618436282E-006
4.9999999999999156E+000	1.7266660066184158E-006
5.0049999999999155E+000	1.7269087830840135E-006
5.0099999999999154E+000	1.7271361267834351E-006
5.0149999999999153E+000	1.7273733190492635E-006
5.0199999999999152E+000	1.7275987251874625E-006
5.0249999999999151E+000	1.7278313346746899E-006
5.0299999999999150E+000	1.7280691775312107E-006
5.0349999999999149E+000	1.7283060023132180E-006
5.0399999999999148E+000	1.7285256916910186E-006
5.0449999999999147E+000	1.7287532165788377E-006
5.0499999999999146E+000	1.7289872575876331E-006
5.0549999999999145E+000	1.7292066694096775E-006
5.0599999999999143E+000	1.7294352059327167E-006
5.0649999999999142E+000	1.7296526093613096E-006
5.0699999999999141E+000	1.7298788252961828E-006
5.0749999999999140E+000	1.7300937615871703E-006
5.0799999999999139E+000	1.7303157870962593E-006
5.0849999999999138E+000	1.7305425854541312E-006
5.0899999999999137E+000	1.7307684911926913E-006
5.0949999999999136E+000	1.7309779689611560E-006
5.0999999999999135E+000	1.7311952038578937E-006
5.1049999999999134E+000	1.7314186204764326E-006
5.1099999999999133E+000	1.7316385396703993E-006
5.1149999999999132E+000	1.7318437159907774E-006
5.1199999999999131E+000	1.7320576126689247E-006
5.1249999999999130E+000	1.7322806495911891E-006
5.1299999999999129E+000	1.7324931533835297E-006
5.1349999999999127E+000	1.7327081052176396E-006
5.1399999999999126E+000	1.7329140942212717E-006
5.1449999999999125E+000	1.7331261936703868E-006
5.1499999999999124E+000	1.7333291302268350E-006
5.1549999999999123E+000	1.7335393291961765E-006
5.1599999999999122E+000	1.7337394242478155E-006
5.1649999999999121E+000	1.7339729687648742E-006
5.1699999999999120E+000	1.7342080933513415E-006
5.1749999999999119E+000	1.7344497089677446E-006
5.1799999999999118E+000	1.7346960514696974E-006
5.1849999999999117E+000	1.7349216019368896E-006
5.1899999999999116E+000	1.7351513028618371E-006
5.1949999999999115E+000	1.7353946848430724E-006
5.1999999999999114E+000	1.7356429187209699E-006
5.2049999999999113E+000	1.7358680677315164E-006
5.2099999999999111E+000	1.7360968169732871E-006
5.2149999999999110E+000	1.7363399991143780E-006
5.2199999999999109E+000	1.7365873810071264E-006
5.2249999999999108E+000	1.7368103168990956E-006
5.2299999999999107E+000	1.7370366030000639E-006
5.2349999999999106E+000	1.7372778888802287E-006
5.2399999999999105E+000	1.7375228820171174E-006
5.2449999999999104E+000	1.7377424641473738E-006
5.2499999999999103E+000	1.7379652914595312E-006
5.2549999999999102E+000	1.7382036385793498E-006
5.2599999999999101E+000	1.7384453647739662E-006
5.2649999999999100E+000	1.7386609949543441E-006
5.2699999999999099E+000	1.7388798345674417E-006
5.2749999999999098E+000	1.7391146356349196E-006
5.2799999999999097E+000	1.7393525995057502E-006
5.2849999999999095E+000	1.7395639764217208E-006
5.2899999999999094E+000	1.7397785596617865E-006
5.2949999999999093E+000	1.7400094711739200E-006
5.2999999999999092E+000	1.7402433936108963E-006
5.3049999999999091E+000	1.7404503893647671E-006
5.3099999999999090E+000	1.7406605965497590E-006
5.3149999999999089E+000	1.7408874219970727E-006
5.3199999999999088E+000	1.7411171602255138E-006
5.3249999999999087E+000	1.7413197339610775E-006
5.3299999999999086E+000	1.7415255297859034E-006
5.3349999999999085E+000	1.7417481716908156E-006
5.3399999999999084E+000	1.7419502928994746E-006
5.3449999999999083E+000	1.7421664249006596E-006
5.3499999999999082E+000	1.7423654068426941E-006
5.3549999999999081E+000	1.7425790712621847E-006
5.3599999999999079E+000	1.7427752101450977E-006
5.3649999999999078E+000	1.7429860257323071E-006
5.3699999999999077E+000	1.7431793932765061E-006

 
