Grouping:(6, 0) J432
# x 	 y
0.0000000000000000E+000	-1.6803247317306223E-006
5.0000000000000001E-003	-1.2832943050824579E-006
1.0000000000000000E-002	2.0353878670618806E-006
1.4999999999999999E-002	8.6511907560887616E-006
2.0000000000000000E-002	1.7504391710957989E-005
2.5000000000000001E-002	2.7865883612791431E-005
3.0000000000000002E-002	3.9209332860921907E-005
3.5000000000000003E-002	5.1155076806056849E-005
4.0000000000000001E-002	6.3422283524667384E-005
4.4999999999999998E-002	7.5795594948236579E-005
4.9999999999999996E-002	8.8104412004416446E-005
5.4999999999999993E-002	1.0021254100301217E-004
5.9999999999999991E-002	1.1201177482246279E-004
6.4999999999999988E-002	1.2341698696537705E-004
6.9999999999999993E-002	1.3436212227038862E-004
7.4999999999999997E-002	1.4479684661770518E-004
8.0000000000000002E-002	1.5468389741428229E-004
8.5000000000000006E-002	1.6399694896128205E-004
9.0000000000000011E-002	1.7271633840860266E-004
9.5000000000000015E-002	1.8083354163807229E-004
1.0000000000000002E-001	1.8835504528962130E-004
1.0500000000000002E-001	1.9528059039718222E-004
1.1000000000000003E-001	2.0234907833310468E-004
1.1500000000000003E-001	2.0739466448283338E-004
1.2000000000000004E-001	2.1167959916056179E-004
1.2500000000000003E-001	2.1565576733186418E-004
1.3000000000000003E-001	2.1928098434854682E-004
1.3500000000000004E-001	2.2251291032450492E-004
1.4000000000000004E-001	2.2533161825889214E-004
1.4500000000000005E-001	2.2773167070609692E-004
1.5000000000000005E-001	2.2971645331574942E-004
1.5500000000000005E-001	2.3129478391810285E-004
1.6000000000000006E-001	2.3247886385484591E-004
1.6500000000000006E-001	2.3328308844457088E-004
1.7000000000000007E-001	2.3372332655347407E-004
1.7500000000000007E-001	2.3381642772013223E-004
1.8000000000000008E-001	2.3358000146289360E-004
1.8500000000000008E-001	2.3303181465965449E-004
1.9000000000000009E-001	2.3218974247668698E-004
1.9500000000000009E-001	2.3107135124771856E-004
2.0000000000000009E-001	2.2980400107081348E-004
2.0500000000000010E-001	2.2829262421096455E-004
2.1000000000000010E-001	2.2655436199896706E-004
2.1500000000000011E-001	2.2459711237891720E-004
2.2000000000000011E-001	2.2246841294699786E-004
2.2500000000000012E-001	2.2018896307558631E-004
2.3000000000000012E-001	2.1776624482894741E-004
2.3500000000000013E-001	2.1520669339644691E-004
2.4000000000000013E-001	2.1251987202237362E-004
2.4500000000000013E-001	2.0971651266898526E-004
2.5000000000000011E-001	2.0683224867263601E-004
2.5500000000000012E-001	2.0385340578726446E-004
2.6000000000000012E-001	2.0078998721615159E-004
2.6500000000000012E-001	1.9769780007609632E-004
2.7000000000000013E-001	1.9459184772093583E-004
2.7500000000000013E-001	1.9145388128223646E-004
2.8000000000000014E-001	1.8826982703520529E-004
2.8500000000000014E-001	1.8503602026748693E-004
2.9000000000000015E-001	1.8175615013994110E-004
2.9500000000000015E-001	1.7843710943750185E-004
3.0000000000000016E-001	1.7508627788907704E-004
3.0500000000000016E-001	1.7171172761574363E-004
3.1000000000000016E-001	1.6832129973237464E-004
3.1500000000000017E-001	1.6492249016412949E-004
3.2000000000000017E-001	1.6152208754188237E-004
3.2500000000000018E-001	1.5812592768234808E-004
3.3000000000000018E-001	1.5473999962172438E-004
3.3500000000000019E-001	1.5141705200143901E-004
3.4000000000000019E-001	1.4812156843211429E-004
3.4500000000000020E-001	1.4485759417534675E-004
3.5000000000000020E-001	1.4162641254184831E-004
3.5500000000000020E-001	1.3842844245269865E-004
3.6000000000000021E-001	1.3526554220430451E-004
3.6500000000000021E-001	1.3214020817033984E-004
3.7000000000000022E-001	1.2905454919705537E-004
3.7500000000000022E-001	1.2601063916844950E-004
3.8000000000000023E-001	1.2301021504180977E-004
3.8500000000000023E-001	1.2005494191994832E-004
3.9000000000000024E-001	1.1714640127127437E-004
3.9500000000000024E-001	1.1428550185138642E-004
4.0000000000000024E-001	1.1147328398435178E-004
4.0500000000000025E-001	1.0871083772363981E-004
4.1000000000000025E-001	1.0599890198642901E-004
4.1500000000000026E-001	1.0333752690699089E-004
4.2000000000000026E-001	1.0072725925367667E-004
4.2500000000000027E-001	9.8168541553599653E-005
4.3000000000000027E-001	9.5661545071714805E-005
4.3500000000000028E-001	9.3206546711449835E-005
4.4000000000000028E-001	9.0803418345416947E-005
4.4500000000000028E-001	8.8451514912351307E-005
4.5000000000000029E-001	8.6150658914532725E-005
4.5500000000000029E-001	8.3900374085103910E-005
4.6000000000000030E-001	8.1698863821543378E-005
4.6500000000000030E-001	7.9544622427357494E-005
4.7000000000000031E-001	7.7438182999588518E-005
4.7500000000000031E-001	7.5380407111106247E-005
4.8000000000000032E-001	7.3371142177929423E-005
4.8500000000000032E-001	7.1410235855869268E-005
4.9000000000000032E-001	6.9497195067998879E-005
4.9500000000000033E-001	6.7631243859901582E-005
5.0000000000000033E-001	6.5811776870368529E-005
5.0500000000000034E-001	6.4037869534837630E-005
5.1000000000000034E-001	6.2308203746309850E-005
5.1500000000000035E-001	6.0621998810154676E-005
5.2000000000000035E-001	5.8978487244902388E-005
5.2500000000000036E-001	5.7376777709440522E-005
5.3000000000000036E-001	5.5815956440646680E-005
5.3500000000000036E-001	5.4295340740462851E-005
5.4000000000000037E-001	5.2814013207130179E-005
5.4500000000000037E-001	5.1370644685217243E-005
5.5000000000000038E-001	4.9964503685763208E-005
5.5500000000000038E-001	4.8594870491107706E-005
5.6000000000000039E-001	4.7260908601693929E-005
5.6500000000000039E-001	4.5962008574526504E-005
5.7000000000000040E-001	4.4697293522191696E-005
5.7500000000000040E-001	4.3465552789859262E-005
5.8000000000000040E-001	4.2266102300588233E-005
5.8500000000000041E-001	4.1098283473084441E-005
5.9000000000000041E-001	3.9961335512967397E-005
5.9500000000000042E-001	3.8854489571768776E-005
6.0000000000000042E-001	3.7777011150459632E-005
6.0500000000000043E-001	3.6728365957774113E-005
6.1000000000000043E-001	3.5707814116158692E-005
6.1500000000000044E-001	3.4714240394754653E-005
6.2000000000000044E-001	3.3747100653143434E-005
6.2500000000000044E-001	3.2805857046519422E-005
6.3000000000000045E-001	3.1889864808656686E-005
6.3500000000000045E-001	3.0998472501532289E-005
6.4000000000000046E-001	3.0131284483522040E-005
6.4500000000000046E-001	2.9287644533509547E-005
6.5000000000000047E-001	2.8466585245265554E-005
6.5500000000000047E-001	2.7667625198118934E-005
6.6000000000000048E-001	2.6890305082825785E-005
6.6500000000000048E-001	2.6134073614918612E-005
6.7000000000000048E-001	2.5398374090013120E-005
6.7500000000000049E-001	2.4682680642428556E-005
6.8000000000000049E-001	2.3986485371352035E-005
6.8500000000000050E-001	2.3309440082913562E-005
6.9000000000000050E-001	2.2651026020805011E-005
6.9500000000000051E-001	2.2010377135068418E-005
7.0000000000000051E-001	2.1387157339592120E-005
7.0500000000000052E-001	2.0781026832164938E-005
7.1000000000000052E-001	2.0191544595528877E-005
7.1500000000000052E-001	1.9618262780173429E-005
7.2000000000000053E-001	1.9060970278730757E-005
7.2500000000000053E-001	1.8519210354297661E-005
7.3000000000000054E-001	1.7992240521588015E-005
7.3500000000000054E-001	1.7479758719098683E-005
7.4000000000000055E-001	1.6981479166377870E-005
7.4500000000000055E-001	1.6497029533993217E-005
7.5000000000000056E-001	1.6026031063390699E-005
7.5500000000000056E-001	1.5568131328762580E-005
7.6000000000000056E-001	1.5122991643705800E-005
7.6500000000000057E-001	1.4690407375203886E-005
7.7000000000000057E-001	1.4269988305640900E-005
7.7500000000000058E-001	1.3860712461274918E-005
7.8000000000000058E-001	1.3462394125777112E-005
7.8500000000000059E-001	1.3075228880578328E-005
7.9000000000000059E-001	1.2698640171859055E-005
7.9500000000000060E-001	1.2332502243876399E-005
8.0000000000000060E-001	1.1976882191353690E-005
8.0500000000000060E-001	1.1631252676256154E-005
8.1000000000000061E-001	1.1295419999735267E-005
8.1500000000000061E-001	1.0969188353865126E-005
8.2000000000000062E-001	1.0652280975129687E-005
8.2500000000000062E-001	1.0344419623302995E-005
8.3000000000000063E-001	1.0045381852546354E-005
8.3500000000000063E-001	9.7549126476277609E-006
8.4000000000000064E-001	9.4729003504660098E-006
8.4500000000000064E-001	9.1990200556428099E-006
8.5000000000000064E-001	8.9327446521015929E-006
8.5500000000000065E-001	8.6739640131296207E-006
8.6000000000000065E-001	8.4225700602638083E-006
8.6500000000000066E-001	8.1783740991136444E-006
8.7000000000000066E-001	7.9414151634527450E-006
8.7500000000000067E-001	7.7114466401341871E-006
8.8000000000000067E-001	7.4880033985665117E-006
8.8500000000000068E-001	7.2709755808799481E-006
8.9000000000000068E-001	7.0602894257048077E-006
8.9500000000000068E-001	6.8557470725878425E-006
9.0000000000000069E-001	6.6571695948079813E-006
9.0500000000000069E-001	6.4643918842058791E-006
9.1000000000000070E-001	6.2772523737945160E-006
9.1500000000000070E-001	6.0955882352105482E-006
9.2000000000000071E-001	5.9193502042443341E-006
9.2500000000000071E-001	5.7482865265799551E-006
9.3000000000000071E-001	5.5819804274016363E-006
9.3500000000000072E-001	5.4204019615231424E-006
9.4000000000000072E-001	5.2635150415429205E-006
9.4500000000000073E-001	5.1112053461000608E-006
9.5000000000000073E-001	4.9635382555426910E-006
9.5500000000000074E-001	4.8204311844720380E-006
9.6000000000000074E-001	4.6814671837986894E-006
9.6500000000000075E-001	4.5466094420311682E-006
9.7000000000000075E-001	4.4158152431443103E-006
9.7500000000000075E-001	4.2889571930494057E-006
9.8000000000000076E-001	4.1658978841554345E-006
9.8500000000000076E-001	4.0465217848138728E-006
9.9000000000000077E-001	3.9307247653387567E-006
9.9500000000000077E-001	3.8184055321315128E-006
1.0000000000000007E+000	3.7094522140677502E-006
1.0050000000000006E+000	3.6038574162003839E-006
1.0100000000000005E+000	3.5014388583274746E-006
1.0150000000000003E+000	3.4018602946885876E-006
1.0200000000000002E+000	3.3051417103564901E-006
1.0250000000000001E+000	3.2112955598389397E-006
1.0300000000000000E+000	3.1202504631723229E-006
1.0349999999999999E+000	3.0321575690648866E-006
1.0399999999999998E+000	2.9468148360342467E-006
1.0449999999999997E+000	2.8640636888903725E-006
1.0499999999999996E+000	2.7838896350181518E-006
1.0549999999999995E+000	2.7062271289735375E-006
1.0599999999999994E+000	2.6309796679488517E-006
1.0649999999999993E+000	2.5580492405561337E-006
1.0699999999999992E+000	2.4873673272550686E-006
1.0749999999999991E+000	2.4188697652149733E-006
1.0799999999999990E+000	2.3524933077505748E-006
1.0849999999999989E+000	2.2881760788715175E-006
1.0899999999999987E+000	2.2258578557769556E-006
1.0949999999999986E+000	2.1654801917628210E-006
1.0999999999999985E+000	2.1070601361979613E-006
1.1049999999999984E+000	2.0505855589727447E-006
1.1099999999999983E+000	1.9957328674802255E-006
1.1149999999999982E+000	1.9423309128165003E-006
1.1199999999999981E+000	1.8904687885990524E-006
1.1249999999999980E+000	1.8401795299806129E-006
1.1299999999999979E+000	1.7916529209036838E-006
1.1349999999999978E+000	1.7447165282010600E-006
1.1399999999999977E+000	1.6992421412581388E-006
1.1449999999999976E+000	1.6552489025801447E-006
1.1499999999999975E+000	1.6127057643118669E-006
1.1549999999999974E+000	1.5715480592352785E-006
1.1599999999999973E+000	1.5317204421716446E-006
1.1649999999999971E+000	1.4931806734197299E-006
1.1699999999999970E+000	1.4558903509867077E-006
1.1749999999999969E+000	1.4198112460961356E-006
1.1799999999999968E+000	1.3849058216371821E-006
1.1849999999999967E+000	1.3511377535367065E-006
1.1899999999999966E+000	1.3184717704684902E-006
1.1949999999999965E+000	1.2868738528349677E-006
1.1999999999999964E+000	1.2563110504241905E-006
1.2049999999999963E+000	1.2267514526204643E-006
1.2099999999999962E+000	1.1982264567087295E-006
1.2149999999999961E+000	1.1707426964533612E-006
1.2199999999999960E+000	1.1441592001188563E-006
1.2249999999999959E+000	1.1184238125012827E-006
1.2299999999999958E+000	1.0934144200206195E-006
1.2349999999999957E+000	1.0691890594758088E-006
1.2399999999999956E+000	1.0457790854569394E-006
1.2449999999999954E+000	1.0231570339324146E-006
1.2499999999999953E+000	1.0012869400014333E-006
1.2549999999999952E+000	9.8014369354914707E-007
1.2599999999999951E+000	9.5970746943736778E-007
1.2649999999999950E+000	9.3995833406762293E-007
1.2699999999999949E+000	9.2087576811729323E-007
1.2749999999999948E+000	9.0243941942417238E-007
1.2799999999999947E+000	8.8462938678711600E-007
1.2849999999999946E+000	8.6742622207117161E-007
1.2899999999999945E+000	8.5086264149276119E-007
1.2949999999999944E+000	8.3495242582144784E-007
1.2999999999999943E+000	8.1957680247526402E-007
1.3049999999999942E+000	8.0470471469409231E-007
1.3099999999999941E+000	7.9022919275623576E-007
1.3149999999999940E+000	7.7621061161315225E-007
1.3199999999999938E+000	7.6268796086527673E-007
1.3249999999999937E+000	7.4964364050490946E-007
1.3299999999999936E+000	7.3705055822881463E-007
1.3349999999999935E+000	7.2489151379376988E-007
1.3399999999999934E+000	7.1315355695022622E-007
1.3449999999999933E+000	7.0182463262762705E-007
1.3499999999999932E+000	6.9089236083350133E-007
1.3549999999999931E+000	6.8034449063598092E-007
1.3599999999999930E+000	6.7016892776709400E-007
1.3649999999999929E+000	6.6035371224251980E-007
1.3699999999999928E+000	6.5088706362567514E-007
1.3749999999999927E+000	6.4175744718269733E-007
1.3799999999999926E+000	6.3295359977740223E-007
1.3849999999999925E+000	6.2446456011178632E-007
1.3899999999999924E+000	6.1632085582749802E-007
1.3949999999999922E+000	6.0853918585633414E-007
1.3999999999999921E+000	6.0102056088701564E-007
1.4049999999999920E+000	5.9375239302867337E-007
1.4099999999999919E+000	5.8664114077380332E-007
1.4149999999999918E+000	5.7974711545426213E-007
1.4199999999999917E+000	5.7311460041544053E-007
1.4249999999999916E+000	5.6670579233123102E-007
1.4299999999999915E+000	5.6052285021141070E-007
1.4349999999999914E+000	5.5454310206443699E-007
1.4399999999999913E+000	5.4875738697195754E-007
1.4449999999999912E+000	5.4316610819767740E-007
1.4499999999999911E+000	5.3777038169820797E-007
1.4549999999999910E+000	5.3256849152735778E-007
1.4599999999999909E+000	5.2755609856586526E-007
1.4649999999999908E+000	5.2272750793454864E-007
1.4699999999999906E+000	5.1807666342380860E-007
1.4749999999999905E+000	5.1359755782014079E-007
1.4799999999999904E+000	5.0931579799205405E-007
1.4849999999999903E+000	5.0525365195633139E-007
1.4899999999999902E+000	5.0135383547195925E-007
1.4949999999999901E+000	4.9756875192315691E-007
1.4999999999999900E+000	4.9385811656626360E-007
1.5049999999999899E+000	4.9016961194085621E-007
1.5049999999999899E+000	2.5054300379489405E-006
1.5099999999999898E+000	2.0785428352016651E-006
1.5149999999999897E+000	1.7732167383537709E-006
1.5199999999999896E+000	1.5447054970375358E-006
1.5249999999999895E+000	1.3625425116787436E-006
1.5299999999999894E+000	1.2135261474575200E-006
1.5349999999999893E+000	1.0905484933111447E-006
1.5399999999999892E+000	9.8856013385203389E-007
1.5449999999999890E+000	9.0383998234726224E-007
1.5499999999999889E+000	8.3344815210076188E-007
1.5549999999999888E+000	7.7491237779833055E-007
1.5599999999999887E+000	7.2611246283468333E-007
1.5649999999999886E+000	6.8524120231746136E-007
1.5699999999999885E+000	6.5078099972371965E-007
1.5749999999999884E+000	6.2147669833765842E-007
1.5799999999999883E+000	5.9630304013828165E-007
1.5849999999999882E+000	5.7443030204070478E-007
1.5899999999999881E+000	5.5519237571071895E-007
1.5949999999999880E+000	5.3805836587311864E-007
1.5999999999999879E+000	5.2260826686671312E-007
1.6049999999999878E+000	5.0861718573124414E-007
1.6099999999999877E+000	4.9581103467576869E-007
1.6149999999999876E+000	4.8392889684576561E-007
1.6199999999999875E+000	4.7279578435357400E-007
1.6249999999999873E+000	4.6228799064087879E-007
1.6299999999999872E+000	4.5226205694404241E-007
1.6349999999999871E+000	4.4259288227405171E-007
1.6399999999999870E+000	4.3326713637188606E-007
1.6449999999999869E+000	4.2429623062332762E-007
1.6499999999999868E+000	4.1566492035994073E-007
1.6549999999999867E+000	4.1220480537018004E-007
1.6599999999999866E+000	4.1627512991408659E-007
1.6649999999999865E+000	4.2335540563546726E-007
1.6699999999999864E+000	4.3167901036361337E-007
1.6749999999999863E+000	4.4041374514388998E-007
1.6799999999999862E+000	4.4855115995851386E-007
1.6849999999999861E+000	4.5547220537618702E-007
1.6899999999999860E+000	4.6104264500929906E-007
1.6949999999999859E+000	4.6530832039707689E-007
1.6999999999999857E+000	4.6827203603363364E-007
1.7049999999999856E+000	4.6990892746531043E-007
1.7099999999999855E+000	4.7030514036204674E-007
1.7149999999999854E+000	4.6955371501004951E-007
1.7199999999999853E+000	4.6772410013768579E-007
1.7249999999999852E+000	4.6487979155098911E-007
1.7299999999999851E+000	4.6108831753329294E-007
1.7349999999999850E+000	4.5641678315096328E-007
1.7399999999999849E+000	4.5103848208666788E-007
1.7449999999999848E+000	4.4499181734545015E-007
1.7499999999999847E+000	4.3825375196646750E-007
1.7549999999999846E+000	4.3086022236988949E-007
1.7599999999999845E+000	4.2285868012957306E-007
1.7649999999999844E+000	4.1429445330805073E-007
1.7699999999999843E+000	4.0521141221097711E-007
1.7749999999999841E+000	3.9565336733782703E-007
1.7799999999999840E+000	3.8562628337293580E-007
1.7849999999999839E+000	3.7512304551803600E-007
1.7899999999999838E+000	3.6421965148894529E-007
1.7949999999999837E+000	3.5299699800982925E-007
1.7999999999999836E+000	3.4149731247126782E-007
1.8049999999999835E+000	3.2984885726014482E-007
1.8099999999999834E+000	3.1806224117218455E-007
1.8149999999999833E+000	3.0610847250254708E-007
1.8199999999999832E+000	2.9399807156989727E-007
1.8249999999999831E+000	2.8176059116032992E-007
1.8299999999999830E+000	2.6941728369679750E-007
1.8349999999999829E+000	2.5698668482113403E-007
1.8399999999999828E+000	2.4448690869246669E-007
1.8449999999999827E+000	2.3193510914327061E-007
1.8499999999999825E+000	2.1934729957566428E-007
1.8549999999999824E+000	2.0673869620136405E-007
1.8599999999999823E+000	1.9412400494886506E-007
1.8649999999999822E+000	1.8151735346013062E-007
1.8699999999999821E+000	1.6893215795058858E-007
1.8749999999999820E+000	1.5638097743490004E-007
1.8799999999999819E+000	1.4387550270925073E-007
1.8849999999999818E+000	1.3142656747620988E-007
1.8899999999999817E+000	1.1904414152196955E-007
1.8949999999999816E+000	1.0673748052065247E-007
1.8999999999999815E+000	9.4515179970115262E-008
1.9049999999999814E+000	8.2385125997629221E-008
1.9099999999999813E+000	7.0354482558223641E-008
1.9149999999999812E+000	5.8429801885853619E-008
1.9199999999999811E+000	4.6617060856040242E-008
1.9249999999999809E+000	3.4921711544847455E-008
1.9299999999999808E+000	2.3348635496694167E-008
1.9349999999999807E+000	1.1902218479100661E-008
1.9399999999999806E+000	5.8639353253088573E-010
1.9449999999999805E+000	-1.0595406914436557E-008
1.9499999999999804E+000	-2.1640371813963417E-008
1.9549999999999803E+000	-3.2545721430715631E-008
1.9599999999999802E+000	-4.3309041660175835E-008
1.9649999999999801E+000	-5.3928275237812729E-008
1.9699999999999800E+000	-6.4401673503400060E-008
1.9749999999999799E+000	-7.4727736066756891E-008
1.9799999999999798E+000	-8.4905244519825658E-008
1.9849999999999797E+000	-9.4933269712656865E-008
1.9899999999999796E+000	-1.0481112768885096E-007
1.9949999999999795E+000	-1.1453833688261868E-007
1.9999999999999793E+000	-1.2411462966618813E-007
2.0049999999999795E+000	-1.3353995561876113E-007
2.0099999999999794E+000	-1.4281443510623999E-007
2.0149999999999793E+000	-1.5193832356846570E-007
2.0199999999999791E+000	-1.6091200330986812E-007
2.0249999999999790E+000	-1.6973604862233000E-007
2.0299999999999789E+000	-1.7841112082918083E-007
2.0349999999999788E+000	-1.8693801026897435E-007
2.0399999999999787E+000	-1.9531765503991219E-007
2.0449999999999786E+000	-2.0355110118530406E-007
2.0499999999999785E+000	-2.1163945208157656E-007
2.0549999999999784E+000	-2.1958391895347368E-007
2.0599999999999783E+000	-2.2738577861944238E-007
2.0649999999999782E+000	-2.3504636377767989E-007
2.0699999999999781E+000	-2.4256706372184314E-007
2.0749999999999780E+000	-2.4994926200625291E-007
2.0799999999999779E+000	-2.5719423363702457E-007
2.0849999999999778E+000	-2.6430312472728770E-007
2.0899999999999777E+000	-2.7127720772727097E-007
2.0949999999999775E+000	-2.7811799125944029E-007
2.0999999999999774E+000	-2.8482701465676130E-007
2.1049999999999773E+000	-2.9140576206634319E-007
2.1099999999999772E+000	-2.9785582344868234E-007
2.1149999999999771E+000	-3.0417886304041641E-007
2.1199999999999770E+000	-3.1037663858438019E-007
2.1249999999999769E+000	-3.1645103347289224E-007
2.1299999999999768E+000	-3.2240390585500840E-007
2.1349999999999767E+000	-3.2823713396623421E-007
2.1399999999999766E+000	-3.3395247921817424E-007
2.1449999999999765E+000	-3.3955173018680017E-007
2.1499999999999764E+000	-3.4503666151551292E-007
2.1549999999999763E+000	-3.5040908825482610E-007
2.1599999999999762E+000	-3.5564360659864343E-007
2.1649999999999761E+000	-3.6076826592413261E-007
2.1699999999999759E+000	-3.6577324643264404E-007
2.1749999999999758E+000	-3.7065720613295748E-007
2.1799999999999757E+000	-3.7542699646081279E-007
2.1849999999999756E+000	-3.8009057631026482E-007
2.1899999999999755E+000	-3.8465398064731886E-007
2.1949999999999754E+000	-3.8912102189832845E-007
2.1999999999999753E+000	-3.9349412925505195E-007
2.2049999999999752E+000	-3.9777522075597683E-007
2.2099999999999751E+000	-4.0196612769511025E-007
2.2149999999999750E+000	-4.0606860402400799E-007
2.2199999999999749E+000	-4.1008428874395012E-007
2.2249999999999748E+000	-4.1401472981439167E-007
2.2299999999999747E+000	-4.1786138826137453E-007
2.2349999999999746E+000	-4.2162568631990933E-007
2.2399999999999745E+000	-4.2530901467380667E-007
2.2449999999999743E+000	-4.2891274692647294E-007
2.2499999999999742E+000	-4.3243824069104844E-007
2.2549999999999741E+000	-4.3588683752457760E-007
2.2599999999999740E+000	-4.3925987298423623E-007
2.2649999999999739E+000	-4.4255865475436664E-007
2.2699999999999738E+000	-4.4578448373600257E-007
2.2749999999999737E+000	-4.4893864637292495E-007
2.2799999999999736E+000	-4.5202241249805332E-007
2.2849999999999735E+000	-4.5503703881439426E-007
2.2899999999999734E+000	-4.5798375828506656E-007
2.2949999999999733E+000	-4.6086379582528179E-007
2.2999999999999732E+000	-4.6367835553927040E-007
2.3049999999999731E+000	-4.6642862525673872E-007
2.3099999999999730E+000	-4.6911577933965221E-007
2.3149999999999729E+000	-4.7174097031908916E-007
2.3199999999999728E+000	-4.7430534223982600E-007
2.3249999999999726E+000	-4.7681001791181292E-007
2.3299999999999725E+000	-4.7925610420023088E-007
2.3349999999999724E+000	-4.8164469143708053E-007
2.3399999999999723E+000	-4.8397685610551855E-007
2.3449999999999722E+000	-4.8625365048185609E-007
2.3499999999999721E+000	-4.8850838948912500E-007
2.3549999999999720E+000	-4.9072178999881614E-007
2.3599999999999719E+000	-4.9290143617231815E-007
2.3649999999999718E+000	-4.9504745239663768E-007
2.3699999999999717E+000	-4.9715457231847850E-007
2.3749999999999716E+000	-4.9921771747147709E-007
2.3799999999999715E+000	-5.0123386698660480E-007
2.3849999999999714E+000	-5.0321337950852432E-007
2.3899999999999713E+000	-5.0515590475410239E-007
2.3949999999999712E+000	-5.0706090489021758E-007
2.3999999999999710E+000	-5.0892701435636684E-007
2.4049999999999709E+000	-5.1075249035009923E-007
2.4099999999999708E+000	-5.1253584790470295E-007
2.4149999999999707E+000	-5.1427623836939709E-007
2.4199999999999706E+000	-5.1597343893475518E-007
2.4249999999999705E+000	-5.1762766161950327E-007
2.4299999999999704E+000	-5.1923935398193890E-007
2.4349999999999703E+000	-5.2080906311324270E-007
2.4399999999999702E+000	-5.2233739433486937E-007
2.4449999999999701E+000	-5.2382499296619586E-007
2.4499999999999700E+000	-5.2527252643680583E-007
2.4549999999999699E+000	-5.2668069239220190E-007
2.4599999999999698E+000	-5.2805019482704671E-007
2.4649999999999697E+000	-5.2938173727376750E-007
2.4699999999999696E+000	-5.3067602531545976E-007
2.4749999999999694E+000	-5.3193375764913714E-007
2.4799999999999693E+000	-5.3315562127669834E-007
2.4849999999999692E+000	-5.3434229746311508E-007
2.4899999999999691E+000	-5.3549446017877934E-007
2.4949999999999690E+000	-5.3661276787348189E-007
2.4999999999999689E+000	-5.3769787153033851E-007
2.5049999999999688E+000	-5.3875041020824308E-007
2.5099999999999687E+000	-5.3977101335327594E-007
2.5149999999999686E+000	-5.4076029328313710E-007
2.5199999999999685E+000	-5.4171885449733850E-007
2.5249999999999684E+000	-5.4264729142325508E-007
2.5299999999999683E+000	-5.4354618290328820E-007
2.5349999999999682E+000	-5.4441609976068756E-007
2.5399999999999681E+000	-5.4525760108114314E-007
2.5449999999999680E+000	-5.4607123146368265E-007
2.5499999999999678E+000	-5.4685752734456738E-007
2.5549999999999677E+000	-5.4761701683945852E-007
2.5599999999999676E+000	-5.4835021058385465E-007
2.5649999999999675E+000	-5.4905761701572755E-007
2.5699999999999674E+000	-5.4973972999290951E-007
2.5749999999999673E+000	-5.5039703289904213E-007
2.5799999999999672E+000	-5.5103000307259124E-007
2.5849999999999671E+000	-5.5163910465015243E-007
2.5899999999999670E+000	-5.5222479317487030E-007
2.5949999999999669E+000	-5.5278751663718758E-007
2.5999999999999668E+000	-5.5332770986165898E-007
2.6049999999999667E+000	-5.5384580157729331E-007
2.6099999999999666E+000	-5.5434221089307940E-007
2.6149999999999665E+000	-5.5481734303417067E-007
2.6199999999999664E+000	-5.5526281668201124E-007
2.6249999999999662E+000	-5.5567805869726668E-007
2.6299999999999661E+000	-5.5606387369524389E-007
2.6349999999999660E+000	-5.5642209730544314E-007
2.6399999999999659E+000	-5.5675523129093213E-007
2.6449999999999658E+000	-5.5706574854682518E-007
2.6499999999999657E+000	-5.5735562125001660E-007
2.6549999999999656E+000	-5.5762623477295276E-007
2.6599999999999655E+000	-5.5787854362441773E-007
2.6649999999999654E+000	-5.5811326713151166E-007
2.6699999999999653E+000	-5.5833100446638750E-007
2.6749999999999652E+000	-5.5853228917888452E-007
2.6799999999999651E+000	-5.5871759619552012E-007
2.6849999999999650E+000	-5.5888735960699233E-007
2.6899999999999649E+000	-5.5904196574058562E-007
2.6949999999999648E+000	-5.5918183316958609E-007
2.6999999999999647E+000	-5.5930845130380027E-007
2.7049999999999645E+000	-5.5942084509459866E-007
2.7099999999999644E+000	-5.5951932860438715E-007
2.7149999999999643E+000	-5.5960420718055981E-007
2.7199999999999642E+000	-5.5967576233064437E-007
2.7249999999999641E+000	-5.5973427383130369E-007
2.7299999999999640E+000	-5.5978000359854229E-007
2.7349999999999639E+000	-5.5981320686430275E-007
2.7399999999999638E+000	-5.5983412628313478E-007
2.7449999999999637E+000	-5.5984299214036481E-007
2.7499999999999636E+000	-5.5984002795106824E-007
2.7549999999999635E+000	-5.5982545313050864E-007
2.7599999999999634E+000	-5.5979948389837040E-007
2.7649999999999633E+000	-5.5976232737846316E-007
2.7699999999999632E+000	-5.5971418496516727E-007
2.7749999999999631E+000	-5.5965525510153481E-007
2.7799999999999629E+000	-5.5958573033609899E-007
2.7849999999999628E+000	-5.5950579573667001E-007
2.7899999999999627E+000	-5.5941562946436436E-007
2.7949999999999626E+000	-5.5931539927073338E-007
2.7999999999999625E+000	-5.5920527873507209E-007
2.8049999999999624E+000	-5.5908543794691833E-007
2.8099999999999623E+000	-5.5895605181138429E-007
2.8149999999999622E+000	-5.5881728330940691E-007
2.8199999999999621E+000	-5.5866929879470215E-007
2.8249999999999620E+000	-5.5851226027708939E-007
2.8299999999999619E+000	-5.5834632494156143E-007
2.8349999999999618E+000	-5.5817164941225070E-007
2.8399999999999617E+000	-5.5798838659388784E-007
2.8449999999999616E+000	-5.5779668997168225E-007
2.8499999999999615E+000	-5.5760744533789581E-007
2.8549999999999613E+000	-5.5742105924524802E-007
2.8599999999999612E+000	-5.5723688189777900E-007
2.8649999999999611E+000	-5.5705324667577628E-007
2.8699999999999610E+000	-5.5686791422582829E-007
2.8749999999999609E+000	-5.5667877850658086E-007
2.8799999999999608E+000	-5.5648428763530378E-007
2.8849999999999607E+000	-5.5628348365177892E-007
2.8899999999999606E+000	-5.5607584135579067E-007
2.8949999999999605E+000	-5.5586107647715503E-007
2.8999999999999604E+000	-5.5563901428916814E-007
2.9049999999999603E+000	-5.5540955217477427E-007
2.9099999999999602E+000	-5.5517263863739012E-007
2.9149999999999601E+000	-5.5492826446459324E-007
2.9199999999999600E+000	-5.5467645320320997E-007
2.9249999999999599E+000	-5.5441725327094990E-007
2.9299999999999597E+000	-5.5415073201305948E-007
2.9349999999999596E+000	-5.5387696138911780E-007
2.9399999999999595E+000	-5.5359600336531471E-007
2.9449999999999594E+000	-5.5330793404087171E-007
2.9499999999999593E+000	-5.5301283812082250E-007
2.9549999999999592E+000	-5.5271080765976502E-007
2.9599999999999591E+000	-5.5240194187533216E-007
2.9649999999999590E+000	-5.5208633829032898E-007
2.9699999999999589E+000	-5.5176410553869631E-007
2.9749999999999588E+000	-5.5143535089694970E-007
2.9799999999999587E+000	-5.5110018108815710E-007
2.9849999999999586E+000	-5.5075870862032216E-007
2.9899999999999585E+000	-5.5041104161485781E-007
2.9949999999999584E+000	-5.5005730623138829E-007
2.9999999999999583E+000	-5.4969762980595024E-007
3.0049999999999581E+000	-5.4933213454161560E-007
3.0099999999999580E+000	-5.4896094055909048E-007
3.0149999999999579E+000	-5.4858417765458962E-007
3.0199999999999578E+000	-5.4820198880294161E-007
3.0249999999999577E+000	-5.4781451302316476E-007
3.0249999999999577E+000	1.9617453008028680E-006
3.0299999999999576E+000	1.3454079922454086E-006
3.0349999999999575E+000	9.2271104672119553E-007
3.0399999999999574E+000	6.1966410906210997E-007
3.0449999999999573E+000	3.9208840499557526E-007
3.0499999999999572E+000	2.1668199060540973E-007
3.0549999999999571E+000	7.9825049355160538E-008
3.0599999999999570E+000	-2.7521476135959576E-008
3.0649999999999569E+000	-1.1187614032100906E-007
3.0699999999999568E+000	-1.7815935221874841E-007
3.0749999999999567E+000	-2.3019955839480152E-007
3.0799999999999566E+000	-2.7106051552601869E-007
3.0849999999999564E+000	-3.0321046267145060E-007
3.0899999999999563E+000	-3.2863913255367424E-007
3.0949999999999562E+000	-3.4893325289364796E-007
3.0999999999999561E+000	-3.6534522652248848E-007
3.1049999999999560E+000	-3.7885512117469899E-007
3.1099999999999559E+000	-3.9022390106453012E-007
3.1149999999999558E+000	-4.0003800760529837E-007
3.1199999999999557E+000	-4.0874434305772087E-007
3.1249999999999556E+000	-4.1667891859585087E-007
3.1299999999999555E+000	-4.2409245597054559E-007
3.1349999999999554E+000	-4.2380293563905690E-007
3.1399999999999553E+000	-4.1436340369331248E-007
3.1449999999999552E+000	-4.0625629629017294E-007
3.1499999999999551E+000	-4.0353991390067483E-007
3.1549999999999550E+000	-4.0500772260180430E-007
3.1599999999999548E+000	-4.0867943134769991E-007
3.1649999999999547E+000	-4.1323193982850902E-007
3.1699999999999546E+000	-4.1115501658463734E-007
3.1749999999999545E+000	-4.0104059716759600E-007
3.1799999999999544E+000	-3.9255976819639567E-007
3.1849999999999543E+000	-3.8936381034588293E-007
3.1899999999999542E+000	-3.9024630478009323E-007
3.1949999999999541E+000	-3.9333124039783357E-007
3.1999999999999540E+000	-3.9736243075914415E-007
3.2049999999999539E+000	-4.0182494142425277E-007
3.2099999999999538E+000	-3.9964375744625096E-007
3.2149999999999537E+000	-3.8958386774229211E-007
3.2199999999999536E+000	-3.8113414298572714E-007
3.2249999999999535E+000	-3.7785972067652115E-007
3.2299999999999534E+000	-3.7854779005030009E-007
3.2349999999999532E+000	-3.8134983100924508E-007
3.2399999999999531E+000	-3.8503252242200800E-007
3.2449999999999530E+000	-3.8907583023860114E-007
3.2499999999999529E+000	-3.8676279361372992E-007
3.2549999999999528E+000	-3.7676601775169553E-007
3.2599999999999527E+000	-3.6817521889298334E-007
3.2649999999999526E+000	-3.6447237254987358E-007
3.2699999999999525E+000	-3.6452953133572642E-007
3.2749999999999524E+000	-3.6660244507693790E-007
3.2799999999999523E+000	-3.6946954948349481E-007
3.2849999999999522E+000	-3.6695197418184162E-007
3.2899999999999521E+000	-3.5740698780719153E-007
3.2949999999999520E+000	-3.4889418191211771E-007
3.2999999999999519E+000	-3.4463299247965187E-007
3.3049999999999518E+000	-3.4371571938788867E-007
3.3099999999999516E+000	-3.4466815783862886E-007
3.3149999999999515E+000	-3.4640313935790968E-007
3.3199999999999514E+000	-3.4255056350453474E-007
3.3249999999999513E+000	-3.3143141838724510E-007
3.3299999999999512E+000	-3.1650487066729191E-007
3.3349999999999511E+000	-3.0504029411597670E-007
3.3399999999999510E+000	-2.9880549718161968E-007
3.3449999999999509E+000	-2.9610168403803589E-007
3.3499999999999508E+000	-2.9529380481909486E-007
3.3549999999999507E+000	-2.9546102697817984E-007
3.3599999999999506E+000	-2.9620486905994050E-007
3.3649999999999505E+000	-2.9182025576755129E-007
3.3699999999999504E+000	-2.8048980760230409E-007
3.3749999999999503E+000	-2.6534251468785341E-007
3.3799999999999502E+000	-2.5356011323774636E-007
3.3849999999999500E+000	-2.4702031496051135E-007
3.3899999999999499E+000	-2.4408251175515624E-007
3.3949999999999498E+000	-2.4312720807962800E-007
3.3999999999999497E+000	-2.4311534733187426E-007
3.4049999999999496E+000	-2.3880599666559689E-007
3.4099999999999495E+000	-2.2815291020911249E-007
3.4149999999999494E+000	-2.1356334456464645E-007
3.4199999999999493E+000	-2.0187670538909942E-007
3.4249999999999492E+000	-1.9512052242199462E-007
3.4299999999999491E+000	-1.9186669365747434E-007
3.4349999999999490E+000	-1.9063034044029770E-007
3.4399999999999489E+000	-1.9039958370133850E-007
3.4449999999999488E+000	-1.8559250171380719E-007
3.4499999999999487E+000	-1.7413070566570940E-007
3.4549999999999486E+000	-1.5888625604890801E-007
3.4599999999999485E+000	-1.4697976459048663E-007
3.4649999999999483E+000	-1.4043116712974985E-007
3.4699999999999482E+000	-1.3764740140384147E-007
3.4749999999999481E+000	-1.3686140972022317E-007
3.4799999999999480E+000	-1.3287796499216858E-007
3.4849999999999479E+000	-1.2313444929730601E-007
3.4899999999999478E+000	-1.0936044201867286E-007
3.4949999999999477E+000	-9.8139256015240431E-008
3.4999999999999476E+000	-9.1698449226605460E-008
3.5049999999999475E+000	-8.8780911475726606E-008
3.5099999999999474E+000	-8.7820886548240155E-008
3.5149999999999473E+000	-8.3394680791668575E-008
3.5199999999999472E+000	-7.2917205638749616E-008
3.5249999999999471E+000	-5.8357300977422235E-008
3.5299999999999470E+000	-4.3136144050903103E-008
3.5349999999999469E+000	-3.1955131405153848E-008
3.5399999999999467E+000	-2.5545677654485731E-008
3.5449999999999466E+000	-2.2301435047291615E-008
3.5499999999999465E+000	-2.0834213198871840E-008
3.5549999999999464E+000	-1.6503988229571975E-008
3.5599999999999463E+000	-6.6826145861033382E-009
3.5649999999999462E+000	7.2622040843692490E-009
3.5699999999999461E+000	2.2243834311688905E-008
3.5749999999999460E+000	3.3398833826339122E-008
3.5799999999999459E+000	3.9742021439615178E-008
3.5849999999999458E+000	4.2789030065955574E-008
3.5899999999999457E+000	4.3948189634033504E-008
3.5949999999999456E+000	4.8264651200718698E-008
3.5999999999999455E+000	3.2707960217905398E-008
3.6049999999999454E+000	1.3651727386698705E-008
3.6099999999999453E+000	2.1601798158222618E-009
3.6149999999999451E+000	-1.7910824898357849E-009
3.6199999999999450E+000	-2.0064760222526654E-009
3.6249999999999449E+000	-1.4651274819772469E-009
3.6299999999999448E+000	-1.5298886444075607E-009
3.6349999999999447E+000	-2.5737275092248948E-009
3.6399999999999446E+000	-4.5987412749814076E-009
3.6449999999999445E+000	-7.5299260323782065E-009
3.6499999999999444E+000	-1.1291413954071605E-008
3.6549999999999443E+000	-1.5806385079957008E-008
3.6599999999999442E+000	-2.0990803845079632E-008
3.6649999999999441E+000	-2.6755376403988491E-008
3.6699999999999440E+000	-3.3010908019063238E-008
3.6749999999999439E+000	-3.9672579252955718E-008
3.6799999999999438E+000	-4.6662243362017652E-008
3.6849999999999437E+000	-5.3909364130769929E-008
3.6899999999999435E+000	-6.1351135861975487E-008
3.6949999999999434E+000	-6.8932208961735646E-008
3.6999999999999433E+000	-7.6604144350240840E-008
3.7049999999999432E+000	-8.4324820318904614E-008
3.7099999999999431E+000	-9.2057809397572289E-008
3.7149999999999430E+000	-9.9771799037892430E-008
3.7199999999999429E+000	-1.0744002681103520E-007
3.7249999999999428E+000	-1.1503977397808849E-007
3.7299999999999427E+000	-1.2255189480052378E-007
3.7349999999999426E+000	-1.2995200220534308E-007
3.7399999999999425E+000	-1.3722540061614141E-007
3.7449999999999424E+000	-1.4436147287107899E-007
3.7499999999999423E+000	-1.5135280547903737E-007
3.7549999999999422E+000	-1.5819459893552464E-007
3.7599999999999421E+000	-1.6488368934111377E-007
3.7649999999999419E+000	-1.7141778123192104E-007
3.7699999999999418E+000	-1.7779515404585295E-007
3.7749999999999417E+000	-1.8401465607656402E-007
3.7799999999999416E+000	-1.9007576229135871E-007
3.7849999999999415E+000	-1.9597858626820731E-007
3.7899999999999414E+000	-2.0172381345389748E-007
3.7949999999999413E+000	-2.0731262134411545E-007
3.7999999999999412E+000	-2.1274659814123538E-007
3.8049999999999411E+000	-2.1802767815893125E-007
3.8099999999999410E+000	-2.2305072656744851E-007
3.8149999999999409E+000	-2.2244378754833456E-007
3.8199999999999408E+000	-2.2044235978375494E-007
3.8249999999999407E+000	-2.2018798965826752E-007
3.8299999999999406E+000	-2.2155576398632340E-007
3.8349999999999405E+000	-2.2386934550791355E-007
3.8399999999999403E+000	-2.2653843504900221E-007
3.8449999999999402E+000	-2.2930185694655808E-007
3.8499999999999401E+000	-2.3212566394443342E-007
3.8549999999999400E+000	-2.3503385986465121E-007
3.8599999999999399E+000	-2.3803281896262542E-007
3.8649999999999398E+000	-2.4110884724845146E-007
3.8699999999999397E+000	-2.4424243916858050E-007
3.8749999999999396E+000	-2.4741564308362491E-007
3.8799999999999395E+000	-2.5061317094876055E-007
3.8849999999999394E+000	-2.5382167859578882E-007
3.8899999999999393E+000	-2.5691644054165248E-007
3.8949999999999392E+000	-2.5482190073644238E-007
3.8999999999999391E+000	-2.5147255027677903E-007
3.9049999999999390E+000	-2.4983070939773781E-007
3.9099999999999389E+000	-2.4977087498356459E-007
3.9149999999999388E+000	-2.5067391350387101E-007
3.9199999999999386E+000	-2.5199146922605626E-007
3.9249999999999385E+000	-2.5347751394398735E-007
3.9299999999999384E+000	-2.5509818779875592E-007
3.9349999999999383E+000	-2.5687278154458731E-007
3.9399999999999382E+000	-2.5880256340546424E-007
3.9449999999999381E+000	-2.6075283592422985E-007
3.9499999999999380E+000	-2.5784030455614122E-007
3.9549999999999379E+000	-2.4899419198870717E-007
3.9599999999999378E+000	-2.4059718139826723E-007
3.9649999999999377E+000	-2.3528993791439665E-007
3.9699999999999376E+000	-2.3240579776733697E-007
3.9749999999999375E+000	-2.3090814209917920E-007
3.9799999999999374E+000	-2.3008243362047767E-007
3.9849999999999373E+000	-2.2967821105214218E-007
3.9899999999999372E+000	-2.2968559904753447E-007
3.9949999999999370E+000	-2.3012268825790762E-007
3.9999999999999369E+000	-2.3096921503879514E-007
4.0049999999999368E+000	-2.3217998558414296E-007
4.0099999999999367E+000	-2.3370582201912445E-007
4.0149999999999366E+000	-2.3550174588947834E-007
4.0199999999999365E+000	-2.3739880206591956E-007
4.0249999999999364E+000	-2.3459461257618907E-007
4.0299999999999363E+000	-2.2590688191904759E-007
4.0349999999999362E+000	-2.1766434276285913E-007
4.0399999999999361E+000	-2.1251896629898104E-007
4.0449999999999360E+000	-2.0981403583799100E-007
4.0499999999999359E+000	-2.0851301739101520E-007
4.0549999999999358E+000	-2.0789966525079754E-007
4.0599999999999357E+000	-2.0772166929549833E-007
4.0649999999999356E+000	-2.0796747061488605E-007
4.0699999999999354E+000	-2.0865340537549447E-007
4.0749999999999353E+000	-2.0975729152987598E-007
4.0799999999999352E+000	-2.1109559085184266E-007
4.0849999999999351E+000	-2.0819309127994077E-007
4.0899999999999350E+000	-1.9971404601272362E-007
4.0949999999999349E+000	-1.9161495528370146E-007
4.0999999999999348E+000	-1.8647195573402628E-007
4.1049999999999347E+000	-1.8369483155741573E-007
4.1099999999999346E+000	-1.8232841974223758E-007
4.1149999999999345E+000	-1.8169841135734110E-007
4.1199999999999344E+000	-1.8156261995519886E-007
4.1249999999999343E+000	-1.8190588481826098E-007
4.1299999999999342E+000	-1.8258602339842976E-007
4.1349999999999341E+000	-1.7948079553795509E-007
4.1399999999999340E+000	-1.7113511559220584E-007
4.1449999999999338E+000	-1.6312094629095755E-007
4.1499999999999337E+000	-1.5791526852518098E-007
4.1549999999999336E+000	-1.5499658299018820E-007
4.1599999999999335E+000	-1.5349606760787589E-007
4.1649999999999334E+000	-1.5278595031529656E-007
4.1699999999999333E+000	-1.5263662430414852E-007
4.1749999999999332E+000	-1.5287792699361448E-007
4.1799999999999331E+000	-1.4952055088485259E-007
4.1849999999999330E+000	-1.4091462027800549E-007
4.1899999999999329E+000	-1.2895453034891574E-007
4.1949999999999328E+000	-1.1867637622669177E-007
4.1999999999999327E+000	-1.1177536274497261E-007
4.2049999999999326E+000	-1.0731186248409211E-007
4.2099999999999325E+000	-1.0435314528136627E-007
4.2149999999999324E+000	-1.0235430573049406E-007
4.2199999999999322E+000	-1.0115461178775176E-007
4.2249999999999321E+000	-1.0075200366932951E-007
4.2299999999999320E+000	-1.0096788492775738E-007
4.2349999999999319E+000	-9.7958262227450469E-008
4.2399999999999318E+000	-8.9894674267108710E-008
4.2449999999999317E+000	-7.8447905223293411E-008
4.2499999999999316E+000	-6.8641313834537765E-008
4.2549999999999315E+000	-6.2252207244388411E-008
4.2599999999999314E+000	-5.8368703565659381E-008
4.2649999999999313E+000	-5.6054039437366795E-008
4.2699999999999312E+000	-5.4749645999988383E-008
4.2749999999999311E+000	-5.4282502537071111E-008
4.2799999999999310E+000	-5.4462565886071233E-008
4.2849999999999309E+000	-5.1619355550870959E-008
4.2899999999999308E+000	-4.3854648208856128E-008
4.2949999999999307E+000	-3.2715452866149320E-008
4.2999999999999305E+000	-2.3217058221091164E-008
4.3049999999999304E+000	-1.7192973474750325E-008
4.3099999999999303E+000	-1.3745254196526852E-008
4.3149999999999302E+000	-1.1930894119396431E-008
4.3199999999999301E+000	-1.1179738922975450E-008
4.3249999999999300E+000	-1.1118875005275846E-008
4.3299999999999299E+000	-8.3553372961078797E-009
4.3349999999999298E+000	-9.3393686768416301E-010
4.3399999999999297E+000	9.8511107889106403E-009
4.3449999999999296E+000	1.9105479023305961E-008
4.3499999999999295E+000	2.4937317137133902E-008
4.3549999999999294E+000	2.8177156752570276E-008
4.3599999999999293E+000	2.9730063346624056E-008
4.3649999999999292E+000	3.0354925710372786E-008
4.3699999999999291E+000	3.3249776233085036E-008
4.3749999999999289E+000	4.0463297114669741E-008
4.3799999999999288E+000	5.1210508500627722E-008
4.3849999999999287E+000	6.3394103297939400E-008
4.3899999999999286E+000	7.3411614150796507E-008
4.3949999999999285E+000	8.0224560563007895E-008
4.3999999999999284E+000	8.4727071738261312E-008
4.4049999999999283E+000	8.7574199982990134E-008
4.4099999999999282E+000	8.9335051928188787E-008
4.4149999999999281E+000	9.2777139495223330E-008
4.4199999999999280E+000	1.0005802249246207E-007
4.4249999999999279E+000	1.1078538220973452E-007
4.4299999999999278E+000	1.2307246985342779E-007
4.4349999999999277E+000	1.3322309915972293E-007
4.4399999999999276E+000	1.4004501130505851E-007
4.4449999999999275E+000	1.4439170486976551E-007
4.4499999999999273E+000	1.4693093382550990E-007
4.4549999999999272E+000	1.4827932734113312E-007
4.4599999999999271E+000	1.5148711789597174E-007
4.4649999999999270E+000	1.5878506642885014E-007
4.4699999999999269E+000	1.6951992201302894E-007
4.4749999999999268E+000	1.8151426561454152E-007
4.4799999999999267E+000	1.9100589020087533E-007
4.4849999999999266E+000	1.9687689600757696E-007
4.4899999999999265E+000	2.0011615910480769E-007
4.4949999999999264E+000	2.0173198937720594E-007
4.4999999999999263E+000	2.0450319695298259E-007
4.5049999999999262E+000	2.1086675954047039E-007
4.5099999999999261E+000	2.2072821949860977E-007
4.5149999999999260E+000	2.3252315870651610E-007
4.5199999999999259E+000	2.4430868794079722E-007
4.5249999999999257E+000	2.5373259357477805E-007
4.5299999999999256E+000	2.6014922630378012E-007
4.5349999999999255E+000	2.6431214343007405E-007
4.5399999999999254E+000	2.6691721356352812E-007
4.5449999999999253E+000	2.7050834333818286E-007
4.5499999999999252E+000	2.7754613200154816E-007
4.5549999999999251E+000	2.8797382356549635E-007
4.5599999999999250E+000	3.0019800422309944E-007
4.5649999999999249E+000	3.1247710728826346E-007
4.5699999999999248E+000	3.2385847304043344E-007
4.5749999999999247E+000	3.3312723647432813E-007
4.5799999999999246E+000	3.3981443622758777E-007
4.5849999999999245E+000	3.4471450380186105E-007
4.5899999999999244E+000	3.4970412974270312E-007
4.5949999999999243E+000	3.5731597721599403E-007
4.5999999999999241E+000	3.6810576933555886E-007

 
