Grouping:(6, 0) J686-3OrdInit
# x 	 y
0.0000000000000000E+000	-1.7804217058839017E-006
5.0000000000000001E-003	1.0420341964600446E-004
1.0000000000000000E-002	2.6835253490159038E-004
1.4999999999999999E-002	4.4372088509251240E-004
2.0000000000000000E-002	6.2646704094590153E-004
2.5000000000000001E-002	8.1279228246262665E-004
3.0000000000000002E-002	9.9905212139049884E-004
3.5000000000000003E-002	1.1819762949889876E-003
4.0000000000000001E-002	1.3588523972270262E-003
4.4999999999999998E-002	1.5275527280281141E-003
4.9999999999999996E-002	1.6864705224228743E-003
5.4999999999999993E-002	1.8344324608221595E-003
5.9999999999999991E-002	1.9706221924175146E-003
6.4999999999999988E-002	2.0946714850664980E-003
6.9999999999999993E-002	2.2061972772540852E-003
7.4999999999999997E-002	2.3051791142049863E-003
8.0000000000000002E-002	2.3917729149517675E-003
8.5000000000000006E-002	2.4663096726144198E-003
9.0000000000000011E-002	2.5291929620241409E-003
9.5000000000000015E-002	2.5809044988443692E-003
1.0000000000000002E-001	2.6219869692995852E-003
1.0500000000000002E-001	2.6530281458426817E-003
1.1000000000000003E-001	2.6746457983688483E-003
1.1500000000000003E-001	2.6874736245020040E-003
1.2000000000000004E-001	2.6921518346859335E-003
1.2500000000000003E-001	2.6893176872236314E-003
1.3000000000000003E-001	2.6796039928999012E-003
1.3500000000000004E-001	2.6636309532470457E-003
1.4000000000000004E-001	2.6419996820592228E-003
1.4500000000000005E-001	2.6152864263114081E-003
1.5000000000000005E-001	2.5840396487727393E-003
1.5500000000000005E-001	2.5487654355481918E-003
1.6000000000000006E-001	2.5099758214760771E-003
1.6500000000000006E-001	2.4681657108053929E-003
1.7000000000000007E-001	2.4237775802161323E-003
1.7500000000000007E-001	2.3772019567850546E-003
1.8000000000000008E-001	2.3287943536466115E-003
1.8500000000000008E-001	2.2788834513462444E-003
1.9000000000000009E-001	2.2277725041785768E-003
1.9500000000000009E-001	2.1757415264327495E-003
2.0000000000000009E-001	2.1230471198014234E-003
2.0500000000000010E-001	2.0699221863229177E-003
2.1000000000000010E-001	2.0165767397837355E-003
2.1500000000000011E-001	1.9631992584270477E-003
2.2000000000000011E-001	1.9099582448810503E-003
2.2500000000000012E-001	1.8570037097532814E-003
2.3000000000000012E-001	1.8044686753132099E-003
2.3500000000000013E-001	1.7524706637659345E-003
2.4000000000000013E-001	1.7011117838878315E-003
2.4500000000000013E-001	1.6504500799520328E-003
2.5000000000000011E-001	1.6005932217629864E-003
2.5500000000000012E-001	1.5516071126119716E-003
2.6000000000000012E-001	1.5035178753972883E-003
2.6500000000000012E-001	1.4563883759677950E-003
2.7000000000000013E-001	1.4102476508367381E-003
2.7500000000000013E-001	1.3651211483531223E-003
2.8000000000000014E-001	1.3210355222341020E-003
2.8500000000000014E-001	1.2780132088245936E-003
2.9000000000000015E-001	1.2360702710693095E-003
2.9500000000000015E-001	1.1952167025540111E-003
3.0000000000000016E-001	1.1554572965697997E-003
3.0500000000000016E-001	1.1167924510946919E-003
3.1000000000000016E-001	1.0792187664899519E-003
3.1500000000000017E-001	1.0427205921744603E-003
3.2000000000000017E-001	1.0072977571139018E-003
3.2500000000000018E-001	9.7293847504248204E-004
3.3000000000000018E-001	9.3962484690628524E-004
3.3500000000000019E-001	9.0732289614852584E-004
3.4000000000000019E-001	8.7600985464965928E-004
3.4500000000000020E-001	8.4567012600458716E-004
3.5000000000000020E-001	8.1629099881128954E-004
3.5500000000000020E-001	7.8785753325966027E-004
3.6000000000000021E-001	7.6035151868960606E-004
3.6500000000000021E-001	7.3375257896103358E-004
3.7000000000000022E-001	7.0803940558641085E-004
3.7500000000000022E-001	6.8319022815112069E-004
3.8000000000000023E-001	6.5919538596520273E-004
3.8500000000000023E-001	6.3603974800925125E-004
3.9000000000000024E-001	6.1369365105329082E-004
3.9500000000000024E-001	5.9213074786116726E-004
4.0000000000000024E-001	5.7132527400567082E-004
4.0500000000000025E-001	5.5125277435939010E-004
4.1000000000000025E-001	5.3188986938481557E-004
4.1500000000000026E-001	5.1324761191255848E-004
4.2000000000000026E-001	4.9526967606225956E-004
4.2500000000000027E-001	4.7793372743094756E-004
4.3000000000000027E-001	4.6121699374114430E-004
4.3500000000000028E-001	4.4509931481279878E-004
4.4000000000000028E-001	4.2956008234991785E-004
4.4500000000000028E-001	4.1457931033011397E-004
4.5000000000000029E-001	4.0013754349249077E-004
4.5500000000000029E-001	3.8621560178045384E-004
4.6000000000000030E-001	3.7279481050511910E-004
4.6500000000000030E-001	3.5985726541050786E-004
4.7000000000000031E-001	3.4738570760608551E-004
4.7500000000000031E-001	3.3536327885843486E-004
4.8000000000000032E-001	3.2377366141956627E-004
4.8500000000000032E-001	3.1260104998060957E-004
4.9000000000000032E-001	3.0183036125529933E-004
4.9500000000000033E-001	2.9144694467750490E-004
5.0000000000000033E-001	2.8143680795771368E-004
5.0500000000000034E-001	2.7178627739452520E-004
5.1000000000000034E-001	2.6248200306890789E-004
5.1500000000000035E-001	2.5351103160720578E-004
5.2000000000000035E-001	2.4532157633634503E-004
5.2500000000000036E-001	2.3738872431165061E-004
5.3000000000000036E-001	2.2924906768401161E-004
5.3500000000000036E-001	2.2189940735773423E-004
5.4000000000000037E-001	2.1442619493073861E-004
5.4500000000000037E-001	2.0701831829448851E-004
5.5000000000000038E-001	1.9984869846078679E-004
5.5500000000000038E-001	1.9294415418387383E-004
5.6000000000000039E-001	1.8630196279025181E-004
5.6500000000000039E-001	1.7991238136866506E-004
5.7000000000000040E-001	1.7376442064273700E-004
5.7500000000000040E-001	1.6784703880496398E-004
5.8000000000000040E-001	1.6214987825674022E-004
5.8500000000000041E-001	1.5666330478605748E-004
5.9000000000000041E-001	1.5137862032235991E-004
5.9500000000000042E-001	1.4628737520584197E-004
6.0000000000000042E-001	1.4138150989701127E-004
6.0500000000000043E-001	1.3665366589306812E-004
6.1000000000000043E-001	1.3209703610179901E-004
6.1500000000000044E-001	1.2770566285281868E-004
6.2000000000000044E-001	1.2347391136603041E-004
6.2500000000000044E-001	1.1939629439590791E-004
6.3000000000000045E-001	1.1546679526077350E-004
6.3500000000000045E-001	1.1167984107128801E-004
6.4000000000000046E-001	1.0802987222238180E-004
6.4500000000000046E-001	1.0514214629957328E-004
6.5000000000000047E-001	1.0196463112543340E-004
6.5500000000000047E-001	9.8005860019818037E-005
6.6000000000000048E-001	9.4951470056968141E-005
6.6500000000000048E-001	9.1766086229088406E-005
6.7000000000000048E-001	8.8626808582261939E-005
6.7500000000000049E-001	8.5640648533062919E-005
6.8000000000000049E-001	8.2800681429439033E-005
6.8500000000000050E-001	8.0091170316473072E-005
6.9000000000000050E-001	7.7498885934093362E-005
6.9500000000000051E-001	7.5013439665704663E-005
7.0000000000000051E-001	7.2626626518857131E-005
7.0500000000000052E-001	7.0331511078518862E-005
7.1000000000000052E-001	6.8122500943612217E-005
7.1500000000000052E-001	6.5994805144481907E-005
7.2000000000000053E-001	6.3944294542376406E-005
7.2500000000000053E-001	6.1967406019805150E-005
7.3000000000000054E-001	6.0052156757258331E-005
7.3500000000000054E-001	5.8203702072422237E-005
7.4000000000000055E-001	5.6419329894743782E-005
7.4500000000000055E-001	5.4695251879608693E-005
7.5000000000000056E-001	5.3027319279458644E-005
7.5500000000000056E-001	5.1414398747541726E-005
7.6000000000000056E-001	4.9854612778572886E-005
7.6500000000000057E-001	4.8345751653774283E-005
7.7000000000000057E-001	4.6885972251391493E-005
7.7500000000000058E-001	4.5473618815375810E-005
7.8000000000000058E-001	4.4107160778536470E-005
7.8500000000000059E-001	4.2784906005221457E-005
7.9000000000000059E-001	4.1505396219087680E-005
7.9500000000000060E-001	4.0267106107209207E-005
8.0000000000000060E-001	3.9068612259081927E-005
8.0500000000000060E-001	3.7908452558167092E-005
8.1000000000000061E-001	3.6785195167074621E-005
8.1500000000000061E-001	3.5697548205153250E-005
8.2000000000000062E-001	3.4644239445006488E-005
8.2500000000000062E-001	3.3624110013078795E-005
8.3000000000000063E-001	3.2636086842716284E-005
8.3500000000000063E-001	3.1679196383672107E-005
8.4000000000000064E-001	3.0752303521761482E-005
8.4500000000000064E-001	2.9854485122523220E-005
8.5000000000000064E-001	2.8984730087899657E-005
8.5500000000000065E-001	2.8142109359314809E-005
8.6000000000000065E-001	2.7325662927839678E-005
8.6500000000000066E-001	2.6534491065629343E-005
8.7000000000000066E-001	2.5767751490500405E-005
8.7500000000000067E-001	2.5024574420630578E-005
8.8000000000000067E-001	2.4304194151922898E-005
8.8500000000000068E-001	2.3605913437443517E-005
8.9000000000000068E-001	2.2929167393883331E-005
8.9500000000000068E-001	2.2273235291288533E-005
9.0000000000000069E-001	2.1637290221229888E-005
9.0500000000000069E-001	2.1020725406665534E-005
9.1000000000000070E-001	2.0422937517752089E-005
9.1500000000000070E-001	1.9843258071814332E-005
9.2000000000000071E-001	1.9281227295212031E-005
9.2500000000000071E-001	1.8736274496088459E-005
9.3000000000000071E-001	1.8207707037109605E-005
9.3500000000000072E-001	1.7695153840998025E-005
9.4000000000000072E-001	1.7197979198445951E-005
9.4500000000000073E-001	1.6715710592656628E-005
9.5000000000000073E-001	1.6247987288489310E-005
9.5500000000000074E-001	1.5794442559441122E-005
9.6000000000000074E-001	1.5354474345180260E-005
9.6500000000000075E-001	1.4927728832684712E-005
9.7000000000000075E-001	1.4512668456481068E-005
9.7500000000000075E-001	1.4109688740200084E-005
9.8000000000000076E-001	1.3718131183042385E-005
9.8500000000000076E-001	1.3337933971317778E-005
9.9000000000000077E-001	1.2968838300291912E-005
9.9500000000000077E-001	1.2610587363668362E-005
1.0000000000000007E+000	1.2262912553084519E-005
1.0050000000000006E+000	1.1925440934116749E-005
1.0100000000000005E+000	1.1597995129135520E-005
1.0150000000000003E+000	1.1280312307437150E-005
1.0200000000000002E+000	1.0972017440986192E-005
1.0250000000000001E+000	1.0672915981889641E-005
1.0300000000000000E+000	1.0382766170782998E-005
1.0349999999999999E+000	1.0101337334529307E-005
1.0399999999999998E+000	9.8282548165820023E-006
1.0449999999999997E+000	9.5633592052476181E-006
1.0499999999999996E+000	9.3063536710331373E-006
1.0549999999999995E+000	9.0570293419556601E-006
1.0599999999999994E+000	8.8151527583808885E-006
1.0649999999999993E+000	8.5805676530554958E-006
1.0699999999999992E+000	8.3530839352112843E-006
1.0749999999999991E+000	8.1324297519284094E-006
1.0799999999999990E+000	7.9184063178349985E-006
1.0849999999999989E+000	7.7105535000408048E-006
1.0899999999999987E+000	7.5088402723310141E-006
1.0949999999999986E+000	7.3130326618517898E-006
1.0999999999999985E+000	7.1230909273508311E-006
1.1049999999999984E+000	6.9388116191031138E-006
1.1099999999999983E+000	6.7600594612809880E-006
1.1149999999999982E+000	6.5867325503754309E-006
1.1199999999999981E+000	6.4185966404635696E-006
1.1249999999999980E+000	6.2556113402986189E-006
1.1299999999999979E+000	6.0976181662090112E-006
1.1349999999999978E+000	5.9443711869151120E-006
1.1399999999999977E+000	5.7958201905116624E-006
1.1449999999999976E+000	5.6516803214224718E-006
1.1499999999999975E+000	5.5119688953388795E-006
1.1549999999999974E+000	5.3765570620170887E-006
1.1599999999999973E+000	5.2452683493654581E-006
1.1649999999999971E+000	5.1180052225487804E-006
1.1699999999999970E+000	4.9947287205474863E-006
1.1749999999999969E+000	4.8753520512892573E-006
1.1799999999999968E+000	4.7597064826102203E-006
1.1849999999999967E+000	4.6476931325652688E-006
1.1899999999999966E+000	4.5391649064056060E-006
1.1949999999999965E+000	4.4340610141079584E-006
1.1999999999999964E+000	4.3323437117698130E-006
1.2049999999999963E+000	4.2337587697160315E-006
1.2099999999999962E+000	4.1382984027692768E-006
1.2149999999999961E+000	4.0458393794127593E-006
1.2199999999999960E+000	3.9562858428116065E-006
1.2249999999999959E+000	3.8695012822080569E-006
1.2299999999999958E+000	3.7854316068148536E-006
1.2349999999999957E+000	3.7040811418141633E-006
1.2399999999999956E+000	3.6253598267685162E-006
1.2449999999999954E+000	3.5491356807382064E-006
1.2499999999999953E+000	3.4754098283577264E-006
1.2549999999999952E+000	3.4041174878339503E-006
1.2599999999999951E+000	3.3351734696730025E-006
1.2649999999999950E+000	3.2685054394541918E-006
1.2699999999999949E+000	3.2039595230376794E-006
1.2749999999999948E+000	3.1415671100205901E-006
1.2799999999999947E+000	3.0811824357170076E-006
1.2849999999999946E+000	3.0227855490016920E-006
1.2899999999999945E+000	2.9662448759447606E-006
1.2949999999999944E+000	2.9115305407667302E-006
1.2999999999999943E+000	2.8585324384692037E-006
1.3049999999999942E+000	2.8072322494485115E-006
1.3099999999999941E+000	2.7576607331573322E-006
1.3149999999999940E+000	2.7098194742385694E-006
1.3199999999999938E+000	2.6635942236188191E-006
1.3249999999999937E+000	2.6189458102463532E-006
1.3299999999999936E+000	2.5757942633055447E-006
1.3349999999999935E+000	2.5341263755058139E-006
1.3399999999999934E+000	2.4938264483187778E-006
1.3449999999999933E+000	2.4548734463461731E-006
1.3499999999999932E+000	2.4172382329156931E-006
1.3549999999999931E+000	2.3809217757534259E-006
1.3599999999999930E+000	2.3457388731207070E-006
1.3649999999999929E+000	2.3117672192341879E-006
1.3699999999999928E+000	2.2788779297563108E-006
1.3749999999999927E+000	2.2471674459835986E-006
1.3799999999999926E+000	2.2166504118950238E-006
1.3849999999999925E+000	2.1871820207008080E-006
1.3899999999999924E+000	2.1587377063918268E-006
1.3949999999999922E+000	2.1312637041138284E-006
1.3999999999999921E+000	2.1047995166483538E-006
1.4049999999999920E+000	2.0792045683792488E-006
1.4099999999999919E+000	2.0544653107805033E-006
1.4149999999999918E+000	2.0306218365262388E-006
1.4199999999999917E+000	2.0074921994742351E-006
1.4249999999999916E+000	1.9850374269954061E-006
1.4299999999999915E+000	1.9634097740693286E-006
1.4349999999999914E+000	1.9424029208839740E-006
1.4399999999999913E+000	1.9221135121292789E-006
1.4449999999999912E+000	1.9026444826628564E-006
1.4499999999999911E+000	1.8838144316639360E-006
1.4549999999999910E+000	1.8656205104643960E-006
1.4599999999999909E+000	1.8481448092473149E-006
1.4649999999999908E+000	1.8312047599455778E-006
1.4699999999999906E+000	1.8147556303846599E-006
1.4749999999999905E+000	1.7989516163841456E-006
1.4799999999999904E+000	1.7835893796408671E-006
1.4849999999999903E+000	1.7687705790496772E-006
1.4899999999999902E+000	1.7546021178725020E-006
1.4949999999999901E+000	1.7408986044804499E-006
1.4999999999999900E+000	1.7276591663272473E-006
1.5049999999999899E+000	1.7149704858118316E-006
1.5099999999999898E+000	1.7026535767166684E-006
1.5149999999999897E+000	1.6906716906768723E-006
1.5199999999999896E+000	1.6791786271528727E-006
1.5249999999999895E+000	1.6680237131776659E-006
1.5299999999999894E+000	1.6572635367649369E-006
1.5349999999999893E+000	1.6469776269092787E-006
1.5399999999999892E+000	1.6370173035613318E-006
1.5449999999999890E+000	1.6273846491603052E-006
1.5499999999999889E+000	1.6181062715578646E-006
1.5549999999999888E+000	1.6090316607781457E-006
1.5599999999999887E+000	1.6001910981122798E-006
1.5649999999999886E+000	1.5917570268930820E-006
1.5699999999999885E+000	1.5835835725084060E-006
1.5749999999999884E+000	1.5757118350923224E-006
1.5799999999999883E+000	1.5682114513617449E-006
1.5849999999999882E+000	1.5609367164916208E-006
1.5899999999999881E+000	1.5538962770413911E-006
1.5949999999999880E+000	1.5471173922091417E-006
1.5999999999999879E+000	1.5405025700378352E-006
1.6049999999999878E+000	1.5340905630105943E-006
1.6099999999999877E+000	1.5280618382409469E-006
1.6149999999999876E+000	1.5221901775834829E-006
1.6199999999999875E+000	1.5165317796000684E-006
1.6249999999999873E+000	1.5111724457302535E-006
1.6299999999999872E+000	1.5058548640516555E-006
1.6349999999999871E+000	1.5006790090131875E-006
1.6349999999999871E+000	4.2775206995903040E-006
1.6399999999999870E+000	4.0093225707428058E-006
1.6449999999999869E+000	3.5116386334314754E-006
1.6499999999999868E+000	3.1095753479353487E-006
1.6549999999999867E+000	2.8045787458750059E-006
1.6599999999999866E+000	2.5701923171191241E-006
1.6649999999999865E+000	2.3850059314890854E-006
1.6699999999999864E+000	2.2342899580908864E-006
1.6749999999999863E+000	2.1084439332873585E-006
1.6799999999999862E+000	2.0011520575483128E-006
1.6849999999999861E+000	1.9078217906802482E-006
1.6899999999999860E+000	1.8255513678479649E-006
1.6949999999999859E+000	1.7523887283769741E-006
1.6999999999999857E+000	1.6869444549211142E-006
1.7049999999999856E+000	1.6280280773118576E-006
1.7099999999999855E+000	1.5748140564008872E-006
1.7149999999999854E+000	1.5266284823703761E-006
1.7199999999999853E+000	1.4829905574513262E-006
1.7249999999999852E+000	1.4432836691348332E-006
1.7299999999999851E+000	1.4070646681692319E-006
1.7349999999999850E+000	1.3741597840308800E-006
1.7399999999999849E+000	1.3438903984906704E-006
1.7449999999999848E+000	1.3168306045728769E-006
1.7499999999999847E+000	1.2929493513273443E-006
1.7549999999999846E+000	1.2722277844810356E-006
1.7599999999999845E+000	1.2546845629006918E-006
1.7649999999999844E+000	1.2400847428044161E-006
1.7699999999999843E+000	1.2280426411098177E-006
1.7749999999999841E+000	1.2183006276127865E-006
1.7799999999999840E+000	1.2105982464994370E-006
1.7849999999999839E+000	1.2046088988324419E-006
1.7899999999999838E+000	1.2001574120557509E-006
1.7949999999999837E+000	1.1970675701007447E-006
1.7999999999999836E+000	1.1950342576794217E-006
1.8049999999999835E+000	1.1939404495615464E-006
1.8099999999999834E+000	1.1938205472859357E-006
1.8149999999999833E+000	1.1944330648554235E-006
1.8199999999999832E+000	1.1956390591010196E-006
1.8249999999999831E+000	1.1973965261665966E-006
1.8299999999999830E+000	1.1996695796089589E-006
1.8349999999999829E+000	1.2023129132576935E-006
1.8399999999999828E+000	1.2053120271292155E-006
1.8449999999999827E+000	1.2085488043061545E-006
1.8499999999999825E+000	1.2121485329778361E-006
1.8549999999999824E+000	1.2158393360715925E-006
1.8599999999999823E+000	1.2197037600393816E-006
1.8649999999999822E+000	1.2237235399473813E-006
1.8699999999999821E+000	1.2278682215880295E-006
1.8749999999999820E+000	1.2319599816359860E-006
1.8799999999999819E+000	1.2360077777746271E-006
1.8849999999999818E+000	1.2401313468950694E-006
1.8899999999999817E+000	1.2444695923415645E-006
1.8949999999999816E+000	1.2487144209293002E-006
1.8999999999999815E+000	1.2528872587489534E-006
1.9049999999999814E+000	1.2569403507999909E-006
1.9099999999999813E+000	1.2610446960567807E-006
1.9149999999999812E+000	1.2650663684864355E-006
1.9199999999999811E+000	1.2689594271652370E-006
1.9249999999999809E+000	1.2727843222062496E-006
1.9299999999999808E+000	1.2765829959045584E-006
1.9349999999999807E+000	1.2802763160082199E-006
1.9399999999999806E+000	1.2839169812111007E-006
1.9449999999999805E+000	1.2874315784467175E-006
1.9499999999999804E+000	1.2910025321551202E-006
1.9549999999999803E+000	1.2943882055801313E-006
1.9599999999999802E+000	1.2977088383765014E-006
1.9649999999999801E+000	1.3009846365272118E-006
1.9699999999999800E+000	1.3041235010779992E-006
1.9749999999999799E+000	1.3072944729117872E-006
1.9799999999999798E+000	1.3102554549383799E-006
1.9849999999999797E+000	1.3131392188255564E-006
1.9899999999999796E+000	1.3159747826663540E-006
1.9949999999999795E+000	1.3186713739023535E-006
1.9999999999999793E+000	1.3214020827885998E-006
2.0049999999999795E+000	1.3239233231505770E-006
2.0099999999999794E+000	1.3263695149247873E-006
2.0149999999999793E+000	1.3287724897069463E-006
2.0199999999999791E+000	1.3310404821192027E-006
2.0249999999999790E+000	1.3333501941915529E-006
2.0299999999999789E+000	1.3354557737911759E-006
2.0349999999999788E+000	1.3374925857390557E-006
2.0399999999999787E+000	1.3394945236761256E-006
2.0449999999999786E+000	1.3414638679383688E-006
2.0499999999999785E+000	1.3434503622409812E-006
2.0549999999999784E+000	1.3453060491274464E-006
2.0599999999999783E+000	1.3470724794543701E-006
2.0649999999999782E+000	1.3486710162189711E-006
2.0699999999999781E+000	1.3502211762225706E-006
2.0749999999999780E+000	1.3518896399534340E-006
2.0799999999999779E+000	1.3533767799754277E-006
2.0849999999999778E+000	1.3547432695449142E-006
2.0899999999999777E+000	1.3559508396999911E-006
2.0949999999999775E+000	1.3571359318096190E-006
2.0999999999999774E+000	1.3584732827544517E-006
2.1049999999999773E+000	1.3596528378171850E-006
2.1099999999999772E+000	1.3607281461183567E-006
2.1149999999999771E+000	1.3616599385399765E-006
2.1199999999999770E+000	1.3625905913880211E-006
2.1249999999999769E+000	1.3635554699064702E-006
2.1299999999999768E+000	1.3645271588786314E-006
2.1349999999999767E+000	1.3653483115949088E-006
2.1399999999999766E+000	1.3660346044621495E-006
2.1449999999999765E+000	1.3667242137226121E-006
2.1499999999999764E+000	1.3674571249439699E-006
2.1549999999999763E+000	1.3681087860245608E-006
2.1599999999999762E+000	1.3688043785630901E-006
2.1649999999999761E+000	1.3694048897381295E-006
2.1699999999999759E+000	1.3698680759317724E-006
2.1749999999999758E+000	1.3702902027533573E-006
2.1799999999999757E+000	1.3706315740549574E-006
2.1849999999999756E+000	1.3709952997221192E-006
2.1899999999999755E+000	1.3715479289484191E-006
2.1949999999999754E+000	1.3719654087762219E-006
2.1999999999999753E+000	1.3723056379008494E-006
2.2049999999999752E+000	1.3725178079742724E-006
2.2099999999999751E+000	1.3727378271685063E-006
2.2149999999999750E+000	1.3730053837596740E-006
2.2199999999999749E+000	1.3731961042837763E-006
2.2249999999999748E+000	1.3733879118636623E-006
2.2299999999999747E+000	1.3737542055677184E-006
2.2349999999999746E+000	1.3739760680143387E-006
2.2399999999999745E+000	1.3741279864899872E-006
2.2449999999999743E+000	1.3741598499939115E-006
2.2499999999999742E+000	1.3742067507618141E-006
2.2549999999999741E+000	1.3743117040048196E-006
2.2599999999999740E+000	1.3743471579950005E-006
2.2649999999999739E+000	1.3743621137054571E-006
2.2699999999999738E+000	1.3742951912673168E-006
2.2749999999999737E+000	1.3742592649584787E-006
2.2799999999999736E+000	1.3742890702295049E-006
2.2849999999999735E+000	1.3742558302599222E-006
2.2899999999999734E+000	1.3742106550849726E-006
2.2949999999999733E+000	1.3740890936116969E-006
2.2999999999999732E+000	1.3740021342140795E-006
2.3049999999999731E+000	1.3739874813698602E-006
2.3099999999999730E+000	1.3739182747841404E-006
2.3149999999999729E+000	1.3738662184496228E-006
2.3199999999999728E+000	1.3738645767775270E-006
2.3249999999999726E+000	1.3737911604835313E-006
2.3299999999999725E+000	1.3737101260888518E-006
2.3349999999999724E+000	1.3735558709195145E-006
2.3399999999999723E+000	1.3734385700779131E-006
2.3449999999999722E+000	1.3733991875846719E-006
2.3499999999999721E+000	1.3733039182059371E-006
2.3549999999999720E+000	1.3732080104393347E-006
2.3599999999999719E+000	1.3730413181891952E-006
2.3649999999999718E+000	1.3729141119789402E-006
2.3699999999999717E+000	1.3728681117761529E-006
2.3749999999999716E+000	1.3727691667548565E-006
2.3799999999999715E+000	1.3726925003239089E-006
2.3849999999999714E+000	1.3726741751340781E-006
2.3899999999999713E+000	1.3725876485933647E-006
2.3949999999999712E+000	1.3725003618760349E-006
2.3999999999999710E+000	1.3723425257228435E-006
2.4049999999999709E+000	1.3722241378514819E-006
2.4099999999999708E+000	1.3721900538086988E-006
2.4149999999999707E+000	1.3721020609082053E-006
2.4199999999999706E+000	1.3720359707070103E-006
2.4249999999999705E+000	1.3720309795730872E-006
2.4299999999999704E+000	1.3719581560033377E-006
2.4349999999999703E+000	1.3719027557309400E-006
2.4399999999999702E+000	1.3719085574604356E-006
2.4449999999999701E+000	1.3718449690093778E-006
2.4499999999999700E+000	1.3717833958370150E-006
2.4549999999999699E+000	1.3716493833647688E-006
2.4599999999999698E+000	1.3715527906814649E-006
2.4649999999999697E+000	1.3715624970722040E-006
2.4699999999999696E+000	1.3715279634723308E-006
2.4749999999999694E+000	1.3714848254818760E-006
2.4799999999999693E+000	1.3715110851625683E-006
2.4849999999999692E+000	1.3716209591874275E-006
2.4899999999999691E+000	1.3717176256771683E-006
2.4949999999999690E+000	1.3718053339180206E-006
2.4999999999999689E+000	1.3719326860704513E-006
2.5049999999999688E+000	1.3719342141968796E-006
2.5099999999999687E+000	1.3719213550017381E-006
2.5149999999999686E+000	1.3718064601189250E-006
2.5199999999999685E+000	1.3716926709198003E-006
2.5249999999999684E+000	1.3716731780678097E-006
2.5299999999999683E+000	1.3717551027470709E-006
2.5349999999999682E+000	1.3718341391857679E-006
2.5399999999999681E+000	1.3719124991256962E-006
2.5449999999999680E+000	1.3720352541607452E-006
2.5499999999999678E+000	1.3722017049594988E-006
2.5549999999999677E+000	1.3723288741121045E-006
2.5599999999999676E+000	1.3724374484540970E-006
2.5649999999999675E+000	1.3725801224755356E-006
2.5699999999999674E+000	1.3725926885598546E-006
2.5749999999999673E+000	1.3725838021316011E-006
2.5799999999999672E+000	1.3724691709289370E-006
2.5849999999999671E+000	1.3723777933140326E-006
2.5899999999999670E+000	1.3722159653051343E-006
2.5949999999999669E+000	1.3720964947334670E-006
2.5999999999999668E+000	1.3719167220658933E-006
2.6049999999999667E+000	1.3717850083027190E-006
2.6099999999999666E+000	1.3715980877204124E-006
2.6149999999999665E+000	1.3714627111526987E-006
2.6199999999999664E+000	1.3712755179651374E-006
2.6249999999999662E+000	1.3711417498746526E-006
2.6299999999999661E+000	1.3709583174704054E-006
2.6349999999999660E+000	1.3708292177843352E-006
2.6399999999999659E+000	1.3706519044249658E-006
2.6449999999999658E+000	1.3705292804756867E-006
2.6499999999999657E+000	1.3703594871040323E-006
2.6549999999999656E+000	1.3702443773849006E-006
2.6599999999999655E+000	1.3700828667269132E-006
2.6649999999999654E+000	1.3699757881984768E-006
2.6699999999999653E+000	1.3698228972715062E-006
2.6749999999999652E+000	1.3697240140269836E-006
2.6799999999999651E+000	1.3695797805659769E-006
2.6849999999999650E+000	1.3694890062416438E-006
2.6899999999999649E+000	1.3693532332359282E-006
2.6949999999999648E+000	1.3692702622426399E-006
2.6999999999999647E+000	1.3691425815177725E-006
2.7049999999999645E+000	1.3690669710962576E-006
2.7099999999999644E+000	1.3689468932672515E-006
2.7149999999999643E+000	1.3688781088433008E-006
2.7199999999999642E+000	1.3687650742898694E-006
2.7249999999999641E+000	1.3687025262783346E-006
2.7299999999999640E+000	1.3685959240446784E-006
2.7349999999999639E+000	1.3685389822057194E-006
2.7399999999999638E+000	1.3684381710095255E-006
2.7449999999999637E+000	1.3683861879018547E-006
2.7499999999999636E+000	1.3682905311434575E-006
2.7549999999999635E+000	1.3682428753213426E-006
2.7599999999999634E+000	1.3681517358884819E-006
2.7649999999999633E+000	1.3681077792452508E-006
2.7699999999999632E+000	1.3680205324803107E-006
2.7749999999999631E+000	1.3679803227670879E-006
2.7799999999999629E+000	1.3678970200184537E-006
2.7849999999999628E+000	1.3678597804740315E-006
2.7899999999999627E+000	1.3677794863070664E-006
2.7949999999999626E+000	1.3677442852625166E-006
2.7999999999999625E+000	1.3676661214230280E-006
2.8049999999999624E+000	1.3676322265722996E-006
2.8099999999999623E+000	1.3675556172858297E-006
2.8149999999999622E+000	1.3675225443470142E-006
2.8199999999999621E+000	1.3674470255181394E-006
2.8249999999999620E+000	1.3674143278473102E-006
2.8299999999999619E+000	1.3673394590113451E-006
2.8349999999999618E+000	1.3673067165779365E-006
2.8399999999999617E+000	1.3672321105992307E-006
2.8449999999999616E+000	1.3671989431387568E-006
2.8499999999999615E+000	1.3671242356538206E-006
2.8549999999999613E+000	1.3670902956903093E-006
2.8599999999999612E+000	1.3670151498086926E-006
2.8649999999999611E+000	1.3669801156605277E-006
2.8699999999999610E+000	1.3669042281893145E-006
2.8749999999999609E+000	1.3668677997811253E-006
2.8799999999999608E+000	1.3667908886851471E-006
2.8849999999999607E+000	1.3667528121961376E-006
2.8899999999999606E+000	1.3666746173947924E-006
2.8949999999999605E+000	1.3666346312133432E-006
2.8999999999999604E+000	1.3665549032391301E-006
2.9049999999999603E+000	1.3665127776701312E-006
2.9099999999999602E+000	1.3664312778840472E-006
2.9149999999999601E+000	1.3663867948520441E-006
2.9199999999999600E+000	1.3663033185058423E-006
2.9249999999999599E+000	1.3662562889720783E-006
2.9299999999999597E+000	1.3661706580888042E-006
2.9349999999999596E+000	1.3661209037642239E-006
2.9399999999999595E+000	1.3660329178686969E-006
2.9449999999999594E+000	1.3659802700957140E-006
2.9499999999999593E+000	1.3658897693545756E-006
2.9549999999999592E+000	1.3658340708690853E-006
2.9599999999999591E+000	1.3657409218546130E-006
2.9649999999999590E+000	1.3656820372085699E-006
2.9699999999999589E+000	1.3655861179023637E-006
2.9749999999999588E+000	1.3655239426222028E-006
2.9799999999999587E+000	1.3654251728522051E-006
2.9849999999999586E+000	1.3653596371973706E-006
2.9899999999999585E+000	1.3652579491279347E-006
2.9949999999999584E+000	1.3651889781559232E-006
2.9999999999999583E+000	1.3650843278051597E-006
3.0049999999999581E+000	1.3650118921522895E-006
3.0099999999999580E+000	1.3649042482234467E-006
3.0149999999999579E+000	1.3648283403527201E-006
3.0199999999999578E+000	1.3647176688672565E-006
3.0249999999999577E+000	1.3646382651868216E-006
3.0299999999999576E+000	1.3646291173659473E-006
3.0349999999999575E+000	1.3646548348999542E-006
3.0399999999999574E+000	1.3647487965419391E-006
3.0449999999999573E+000	1.3649076881573370E-006
3.0499999999999572E+000	1.3650921045339772E-006
3.0549999999999571E+000	1.3652531048318179E-006
3.0599999999999570E+000	1.3654274022757839E-006
3.0649999999999569E+000	1.3656287096941780E-006
3.0699999999999568E+000	1.3658312747890888E-006
3.0749999999999567E+000	1.3659960941387149E-006
3.0799999999999566E+000	1.3661642575733678E-006
3.0849999999999564E+000	1.3663506926008829E-006
3.0899999999999563E+000	1.3665313152649809E-006
3.0949999999999562E+000	1.3666701820613504E-006
3.0999999999999561E+000	1.3668094211531101E-006
3.1049999999999560E+000	1.3669635595378950E-006
3.1099999999999559E+000	1.3671089864295753E-006
3.1149999999999558E+000	1.3672118910672704E-006
3.1199999999999557E+000	1.3673147075733264E-006
3.1249999999999556E+000	1.3674310533845035E-006
3.1299999999999555E+000	1.3675374442179123E-006
3.1349999999999554E+000	1.3676017745866244E-006
3.1399999999999553E+000	1.3676161322504908E-006
3.1449999999999552E+000	1.3675076498055545E-006
3.1499999999999551E+000	1.3673530296106161E-006
3.1549999999999550E+000	1.3671263319331382E-006
3.1599999999999548E+000	1.3668979477173840E-006
3.1649999999999547E+000	1.3666246625230893E-006
3.1699999999999546E+000	1.3663628547184276E-006
3.1749999999999545E+000	1.3661537770161464E-006
3.1799999999999544E+000	1.3659798323668782E-006
3.1849999999999543E+000	1.3658782330755484E-006
3.1899999999999542E+000	1.3658359826487343E-006
3.1949999999999541E+000	1.3658108017183246E-006
3.1999999999999540E+000	1.3658050172381512E-006
3.2049999999999539E+000	1.3658460327562533E-006
3.2099999999999538E+000	1.3659055354110329E-006
3.2149999999999537E+000	1.3659298188069199E-006
3.2199999999999536E+000	1.3659499147959657E-006
3.2249999999999535E+000	1.3659958808271607E-006
3.2299999999999534E+000	1.3660477311008943E-006
3.2349999999999532E+000	1.3660596285746716E-006
3.2399999999999531E+000	1.3660657221207493E-006
3.2449999999999530E+000	1.3660955789922169E-006
3.2499999999999529E+000	1.3661127495417442E-006
3.2549999999999528E+000	1.3660900391643040E-006
3.2599999999999527E+000	1.3660579796489974E-006
3.2649999999999526E+000	1.3660863123374362E-006
3.2699999999999525E+000	1.3661292074498862E-006
3.2749999999999524E+000	1.3660835027172341E-006
3.2799999999999523E+000	1.3660412799878704E-006
3.2849999999999522E+000	1.3659977825019588E-006
3.2899999999999521E+000	1.3658848562399833E-006
3.2949999999999520E+000	1.3657974197762553E-006
3.2999999999999519E+000	1.3657229682748262E-006
3.3049999999999518E+000	1.3655849906425982E-006
3.3099999999999516E+000	1.3654736234751370E-006
3.3149999999999515E+000	1.3653778472863040E-006
3.3199999999999514E+000	1.3652203959461767E-006
3.3249999999999513E+000	1.3650900429748529E-006
3.3299999999999512E+000	1.3649777744752578E-006
3.3349999999999511E+000	1.3642664815128377E-006
3.3399999999999510E+000	1.3627768460649937E-006
3.3449999999999509E+000	1.3609054729780953E-006
3.3499999999999508E+000	1.3584258829939331E-006
3.3549999999999507E+000	1.3551593814615475E-006
3.3599999999999506E+000	1.3510586812655127E-006
3.3649999999999505E+000	1.3461494613694295E-006
3.3699999999999504E+000	1.3406357141809242E-006
3.3749999999999503E+000	1.3346288816271283E-006
3.3799999999999502E+000	1.3281462246979242E-006
3.3849999999999500E+000	1.3213446635281740E-006
3.3899999999999499E+000	1.3142994525866029E-006
3.3949999999999498E+000	1.3069968858532859E-006
3.3999999999999497E+000	1.2995680497430366E-006
3.4049999999999496E+000	1.2920672572728829E-006
3.4099999999999495E+000	1.2844567397751834E-006
3.4149999999999494E+000	1.2768464732743865E-006
3.4199999999999493E+000	1.2692751710258810E-006
3.4249999999999492E+000	1.2616868731591317E-006
3.4299999999999491E+000	1.2541768711096347E-006
3.4349999999999490E+000	1.2467742762956017E-006
3.4399999999999489E+000	1.2394103309043372E-006
3.4449999999999488E+000	1.2321705078011482E-006
3.4499999999999487E+000	1.2250784277143526E-006
3.4549999999999486E+000	1.2180561279278613E-006
3.4599999999999485E+000	1.2111825384580167E-006
3.4649999999999483E+000	1.2044785958290695E-006
3.4699999999999482E+000	1.1978594187623103E-006
3.4749999999999481E+000	1.1913997382894628E-006
3.4799999999999480E+000	1.1851195164120616E-006
3.4849999999999479E+000	1.1789286672723592E-006
3.4899999999999478E+000	1.1728992134347357E-006
3.4949999999999477E+000	1.1670513698896932E-006
3.4999999999999476E+000	1.1612908946330913E-006
3.5049999999999475E+000	1.1556880479611583E-006
3.5099999999999474E+000	1.1502641299154984E-006
3.5149999999999473E+000	1.1449214945990351E-006
3.5199999999999472E+000	1.1397292988414273E-006
3.5249999999999471E+000	1.1347105300073482E-006
3.5299999999999470E+000	1.1297646530690943E-006
3.5349999999999469E+000	1.1249601175958677E-006
3.5399999999999467E+000	1.1203551303941780E-006
3.5449999999999466E+000	1.1159256966368163E-006
3.5499999999999465E+000	1.1115431737116196E-006
3.5549999999999464E+000	1.1072641782700502E-006
3.5599999999999463E+000	1.1031224962290707E-006
3.5649999999999462E+000	1.0990192429557216E-006
3.5699999999999461E+000	1.0950270398421092E-006
3.5749999999999460E+000	1.0912051859189233E-006
3.5799999999999459E+000	1.0875340980561263E-006
3.5849999999999458E+000	1.0838828898493445E-006
3.5899999999999457E+000	1.0803095789995085E-006
3.5949999999999456E+000	1.0768549526511404E-006
3.5999999999999455E+000	1.0734143086861437E-006
3.6049999999999454E+000	1.0700568983168399E-006
3.6099999999999453E+000	1.0668439157953208E-006
3.6099999999999453E+000	4.3295957308884584E-006
3.6149999999999451E+000	4.1105612036837767E-006
3.6199999999999450E+000	3.5815266120375078E-006
3.6249999999999449E+000	3.1244547995144297E-006
3.6299999999999448E+000	2.7602056350205321E-006
3.6349999999999447E+000	2.4691833982063712E-006
3.6399999999999446E+000	2.2324007963074458E-006
3.6449999999999445E+000	2.0360142377081779E-006
3.6499999999999444E+000	1.8700834140849861E-006
3.6549999999999443E+000	1.7278545849087903E-006
3.6599999999999442E+000	1.6044091162628363E-006
3.6649999999999441E+000	1.4964055063657169E-006
3.6699999999999440E+000	1.4011929581981287E-006
3.6749999999999439E+000	1.3169490511527647E-006
3.6799999999999438E+000	1.2420532827696244E-006
3.6849999999999437E+000	1.1754066330705903E-006
3.6899999999999435E+000	1.1159244785350129E-006
3.6949999999999434E+000	1.0628738669688935E-006
3.6999999999999433E+000	1.0154429740682373E-006
3.7049999999999432E+000	9.7313737112183805E-007
3.7099999999999431E+000	9.3531526309885251E-007
3.7149999999999430E+000	9.0162013277673583E-007
3.7199999999999429E+000	8.7152985918470839E-007
3.7249999999999428E+000	8.4478969084805682E-007
3.7299999999999427E+000	8.2096588217747984E-007
3.7349999999999426E+000	7.9987847961037112E-007
3.7399999999999425E+000	7.8115991499692855E-007
3.7449999999999424E+000	7.6468642278760897E-007
3.7499999999999423E+000	7.5014196124724668E-007
3.7549999999999422E+000	7.3744620898866886E-007
3.7599999999999421E+000	7.2632376324619886E-007
3.7649999999999419E+000	7.1672833876354191E-007
3.7699999999999418E+000	7.0841699943047369E-007
3.7749999999999417E+000	7.0137031147695404E-007
3.7799999999999416E+000	6.9537147080736343E-007
3.7849999999999415E+000	6.9042214547859168E-007
3.7899999999999414E+000	6.8632961834216221E-007
3.7949999999999413E+000	6.8311047244292724E-007
3.7999999999999412E+000	6.8058579525257742E-007
3.8049999999999411E+000	6.7878677936492664E-007
3.8099999999999410E+000	6.7754929143874755E-007
3.8149999999999409E+000	6.7691501463767962E-007
3.8199999999999408E+000	6.7673170715460749E-007
3.8249999999999407E+000	6.7704936482661137E-007
3.8299999999999406E+000	6.7772571533342932E-007
3.8349999999999405E+000	6.7881723199582964E-007
3.8399999999999403E+000	6.8030637745488880E-007
3.8449999999999402E+000	6.8211392376227608E-007
3.8499999999999401E+000	6.8425316290111884E-007
3.8549999999999400E+000	6.8671221952047887E-007
3.8599999999999399E+000	6.8940308329104029E-007
3.8649999999999398E+000	6.9224459475668915E-007
3.8699999999999397E+000	6.9526195781111335E-007
3.8749999999999396E+000	6.9846648984136561E-007
3.8799999999999395E+000	7.0178979406228861E-007
3.8849999999999394E+000	7.0516856985899586E-007
3.8899999999999393E+000	7.0861367998709021E-007
3.8949999999999392E+000	7.1199407317407164E-007
3.8999999999999391E+000	7.1540329621013411E-007
3.9049999999999390E+000	7.1887408835790587E-007
3.9099999999999389E+000	7.2237975797883181E-007
3.9149999999999388E+000	7.2596620994634030E-007
3.9199999999999386E+000	7.2963565911776473E-007
3.9249999999999385E+000	7.3331392254420727E-007
3.9299999999999384E+000	7.3694799233502738E-007
3.9349999999999383E+000	7.4054990781341678E-007
3.9399999999999382E+000	7.4400433975696694E-007
3.9449999999999381E+000	7.4740441780566710E-007
3.9499999999999380E+000	7.5078737119964345E-007
3.9549999999999379E+000	7.5414105853333596E-007
3.9599999999999378E+000	7.5751990815339847E-007
3.9649999999999377E+000	7.6092517901558970E-007
3.9699999999999376E+000	7.6428341721880398E-007
3.9749999999999375E+000	7.6755309426425031E-007
3.9799999999999374E+000	7.7074478551906181E-007
3.9849999999999373E+000	7.7375602819371935E-007
3.9899999999999372E+000	7.7667650110938669E-007
3.9949999999999370E+000	7.7954569894476411E-007
3.9999999999999369E+000	7.8236311230285667E-007
4.0049999999999368E+000	7.8514087951464204E-007
4.0099999999999367E+000	7.8776560487144534E-007
4.0149999999999366E+000	7.9030830926876328E-007
4.0199999999999365E+000	7.9280110295610658E-007
4.0249999999999364E+000	7.9524675442472033E-007
4.0299999999999363E+000	7.9765338408306788E-007
4.0349999999999362E+000	7.9991236755962062E-007
4.0399999999999361E+000	8.0208980059570564E-007
4.0449999999999360E+000	8.0421671114783681E-007
4.0499999999999359E+000	8.0630110327560270E-007
4.0549999999999358E+000	8.0834732107619917E-007
4.0599999999999357E+000	8.1025192658814632E-007
4.0649999999999356E+000	8.1207641919830273E-007
4.0699999999999354E+000	8.1385122097984827E-007
4.0749999999999353E+000	8.1558967403296800E-007
4.0799999999999352E+000	8.1729232607652128E-007
4.0849999999999351E+000	8.1886087344239001E-007
4.0899999999999350E+000	8.2035216011595120E-007
4.0949999999999349E+000	8.2179605298386454E-007
4.0999999999999348E+000	8.2321107431638920E-007
4.1049999999999347E+000	8.2459376740198273E-007
4.1099999999999346E+000	8.2585088307108028E-007
4.1149999999999345E+000	8.2703446644757334E-007
4.1199999999999344E+000	8.2817391380305361E-007
4.1249999999999343E+000	8.2929272855420575E-007
4.1299999999999342E+000	8.3038331170663908E-007
4.1349999999999341E+000	8.3135734348763448E-007
4.1399999999999340E+000	8.3226200486524551E-007
4.1449999999999338E+000	8.3312625395868053E-007
4.1499999999999337E+000	8.3397842165562790E-007
4.1549999999999336E+000	8.3480665470927154E-007
4.1599999999999335E+000	8.3558044340206588E-007
4.1649999999999334E+000	8.3631705681774581E-007
4.1699999999999333E+000	8.3701335043266774E-007
4.1749999999999332E+000	8.3760216758576824E-007
4.1799999999999331E+000	8.3812711232524970E-007
4.1849999999999330E+000	8.3861612402776230E-007
4.1899999999999329E+000	8.3910515546612954E-007
4.1949999999999328E+000	8.3957531321740678E-007
4.1999999999999327E+000	8.3999644932102055E-007
4.2049999999999326E+000	8.4039390239061066E-007
4.2099999999999325E+000	8.4075698958828440E-007
4.2149999999999324E+000	8.4106805263170619E-007
4.2199999999999322E+000	8.4135980846255559E-007
4.2249999999999321E+000	8.4161878221993747E-007
4.2299999999999320E+000	8.4178866274542678E-007
4.2349999999999319E+000	8.4190109289023224E-007
4.2399999999999318E+000	8.4198290523705517E-007
4.2449999999999317E+000	8.4208148667322689E-007
4.2499999999999316E+000	8.4216778820926468E-007
4.2549999999999315E+000	8.4221207533258117E-007
4.2599999999999314E+000	8.4225059495749144E-007
4.2649999999999313E+000	8.4226151757479955E-007
4.2699999999999312E+000	8.4222731706046084E-007
4.2749999999999311E+000	8.4219144662222548E-007
4.2799999999999310E+000	8.4212914299075622E-007
4.2849999999999309E+000	8.4202220049204917E-007
4.2899999999999308E+000	8.4191708911288989E-007
4.2949999999999307E+000	8.4178604976126952E-007
4.2999999999999305E+000	8.4161110352499955E-007
4.3049999999999304E+000	8.4144200323481427E-007
4.3099999999999303E+000	8.4124780816928714E-007
4.3149999999999302E+000	8.4101063805855975E-007
4.3199999999999301E+000	8.4078340347175013E-007
4.3249999999999300E+000	8.4053187215450096E-007
4.3299999999999299E+000	8.4023828463943436E-007
4.3349999999999298E+000	8.3995868193912771E-007
4.3399999999999297E+000	8.3965547885523630E-007
4.3449999999999296E+000	8.3931106663950921E-007
4.3499999999999295E+000	8.3898460480134345E-007
4.3549999999999294E+000	8.3863511074069526E-007
4.3599999999999293E+000	8.3824516054105108E-007
4.3649999999999292E+000	8.3787701178873092E-007
4.3699999999999291E+000	8.3748626060782635E-007
4.3749999999999289E+000	8.3705570782412827E-007
4.3799999999999288E+000	8.3665068369237395E-007
4.3849999999999287E+000	8.3622334964940135E-007
4.3899999999999286E+000	8.3575674609038944E-007
4.3949999999999285E+000	8.3531928134070146E-007
4.3999999999999284E+000	8.3485966289513440E-007
4.4049999999999283E+000	8.3436120404477987E-007
4.4099999999999282E+000	8.3389537434760509E-007
4.4149999999999281E+000	8.3340743030889110E-007
4.4199999999999280E+000	8.3288096967619000E-007
4.4249999999999279E+000	8.3239049297567596E-007
4.4299999999999278E+000	8.3187781791683516E-007
4.4349999999999277E+000	8.3132685662726453E-007
4.4399999999999276E+000	8.3081512264896854E-007
4.4449999999999275E+000	8.3028099163535136E-007
4.4499999999999273E+000	8.2970870987389862E-007
4.4549999999999272E+000	8.2917879631708889E-007
4.4599999999999271E+000	8.2862617547155052E-007
4.4649999999999270E+000	8.2803545244714564E-007
4.4699999999999269E+000	8.2749014335440128E-007
4.4749999999999268E+000	8.2692172075348672E-007
4.4799999999999267E+000	8.2631516970285322E-007
4.4849999999999266E+000	8.2575696332243341E-007
4.4899999999999265E+000	8.2517514105663695E-007
4.4949999999999264E+000	8.2455510482597973E-007
4.4999999999999263E+000	8.2398625416552440E-007
4.5049999999999262E+000	8.2339320015922497E-007
4.5099999999999261E+000	8.2276178461356372E-007
4.5149999999999260E+000	8.2215641960741625E-007
4.5199999999999259E+000	8.2163456806133506E-007
4.5249999999999257E+000	8.2109018050478814E-007
4.5299999999999256E+000	8.2048750759463758E-007
4.5349999999999255E+000	8.1992523298282548E-007
4.5399999999999254E+000	8.1932678908217238E-007
4.5449999999999253E+000	8.1868362926362810E-007
4.5499999999999252E+000	8.1806150758212961E-007
4.5549999999999251E+000	8.1752704323587926E-007
4.5599999999999250E+000	8.1696749383115902E-007
4.5649999999999249E+000	8.1634791934971364E-007
4.5699999999999248E+000	8.1577456053946102E-007
4.5749999999999247E+000	8.1516234176029351E-007
4.5799999999999246E+000	8.1450349499839135E-007
4.5849999999999245E+000	8.1386323239583627E-007
4.5899999999999244E+000	8.1331666540828259E-007
4.5949999999999243E+000	8.1274357931759910E-007
4.5999999999999241E+000	8.1210978941831290E-007
4.6049999999999240E+000	8.1147559402022944E-007
4.6099999999999239E+000	8.1092895977645451E-007
4.6149999999999238E+000	8.1035061937803316E-007
4.6199999999999237E+000	8.0970881844709582E-007
4.6249999999999236E+000	8.0907115067186481E-007
4.6299999999999235E+000	8.0852704924704663E-007
4.6349999999999234E+000	8.0794732420881645E-007
4.6399999999999233E+000	8.0730212306613163E-007
4.6449999999999232E+000	8.0665918529811929E-007
4.6499999999999231E+000	8.0611307135240327E-007
4.6549999999999230E+000	8.0552999208635110E-007
4.6599999999999229E+000	8.0488078305878904E-007
4.6649999999999228E+000	8.0423272605858258E-007
4.6699999999999227E+000	8.0368534090413144E-007
4.6749999999999226E+000	8.0309981227559820E-007
4.6799999999999224E+000	8.0244763843606447E-007
4.6849999999999223E+000	8.0179560914224770E-007
4.6899999999999222E+000	8.0124819327923623E-007
4.6949999999999221E+000	8.0066144387495011E-007
4.6999999999999220E+000	8.0000756004925673E-007
4.7049999999999219E+000	7.9935287271729467E-007
4.7099999999999218E+000	7.9880677282279995E-007
4.7149999999999217E+000	7.9822009738680235E-007
4.7199999999999216E+000	7.9756575661695601E-007
4.7249999999999215E+000	7.9690968688321420E-007
4.7299999999999214E+000	7.9636616610491159E-007
4.7349999999999213E+000	7.9578077154619764E-007
4.7399999999999212E+000	7.9512716017691265E-007
4.7449999999999211E+000	7.9447090371939460E-007
4.7499999999999210E+000	7.9393113514240043E-007
4.7549999999999208E+000	7.9334810117394657E-007
4.7599999999999207E+000	7.9269626199664473E-007
4.7649999999999206E+000	7.9203574983259239E-007
4.7699999999999205E+000	7.9149851733103846E-007
4.7749999999999204E+000	7.9092263388831020E-007
4.7799999999999203E+000	7.9027497953950340E-007
4.7849999999999202E+000	7.8962227958455221E-007
4.7899999999999201E+000	7.8909349193030221E-007
4.7949999999999200E+000	7.8851825206036230E-007
4.7999999999999199E+000	7.8787281040643304E-007
4.8049999999999198E+000	7.8721646610115370E-007
4.8099999999999197E+000	7.8669118994193720E-007
4.8149999999999196E+000	7.8611897113281855E-007
4.8199999999999195E+000	7.8547661741342876E-007
4.8249999999999194E+000	7.8482845583157584E-007
4.8299999999999192E+000	7.8420103620716731E-007
4.8349999999999191E+000	7.8371170187347615E-007
4.8399999999999190E+000	7.8316618281004907E-007
4.8449999999999189E+000	7.8254167206328469E-007
4.8499999999999188E+000	7.8189972579397305E-007
4.8549999999999187E+000	7.8127778724938867E-007
4.8599999999999186E+000	7.8079914336939199E-007
4.8649999999999185E+000	7.8026268229694457E-007
4.8699999999999184E+000	7.7964603024819995E-007
4.8749999999999183E+000	7.7900971043196070E-007
4.8799999999999182E+000	7.7839116824195853E-007
4.8849999999999181E+000	7.7792134740033766E-007
4.8899999999999180E+000	7.7739860011941721E-007
4.8949999999999179E+000	7.7679132002414529E-007
4.8999999999999178E+000	7.7616133675795050E-007
4.9049999999999176E+000	7.7554004434560693E-007
4.9099999999999175E+000	7.7507646108571068E-007
4.9149999999999174E+000	7.7455972803167701E-007
4.9199999999999173E+000	7.7395822350193297E-007
4.9249999999999172E+000	7.7333264516541496E-007
4.9299999999999171E+000	7.7272078448106922E-007
4.9349999999999170E+000	7.7212702672070971E-007
4.9399999999999169E+000	7.7168719752494517E-007
4.9449999999999168E+000	7.7117760574319464E-007
4.9499999999999167E+000	7.7058349538088989E-007
4.9549999999999166E+000	7.6996409073275402E-007
4.9599999999999165E+000	7.6934957208933733E-007
4.9649999999999164E+000	7.6875578187266168E-007
4.9699999999999163E+000	7.6832548052294683E-007
4.9749999999999162E+000	7.6782483556551717E-007
4.9799999999999160E+000	7.6723926440565759E-007
4.9849999999999159E+000	7.6662641603351085E-007
4.9899999999999158E+000	7.6602344938643177E-007
4.9949999999999157E+000	7.6543582757728541E-007
4.9999999999999156E+000	7.6501884985753590E-007
5.0049999999999155E+000	7.6452952517586543E-007
5.0099999999999154E+000	7.6395416721692343E-007
5.0149999999999153E+000	7.6334919531662579E-007
5.0199999999999152E+000	7.6275180651891802E-007
5.0249999999999151E+000	7.6216827094960236E-007
5.0299999999999150E+000	7.6159340486401039E-007
5.0349999999999149E+000	7.6101397442123242E-007
5.0399999999999148E+000	7.6060606246628543E-007
5.0449999999999147E+000	7.6012833699246291E-007
5.0499999999999146E+000	7.5956621031443518E-007
5.0549999999999145E+000	7.5898085673450554E-007
5.0599999999999143E+000	7.5839574090767206E-007
5.0649999999999142E+000	7.5782086397999663E-007
5.0699999999999141E+000	7.5724444843756262E-007
5.0749999999999140E+000	7.5666663702966054E-007
5.0799999999999139E+000	7.5628288272154313E-007
5.0849999999999138E+000	7.5582437114244154E-007
5.0899999999999137E+000	7.5527939282629736E-007
5.0949999999999136E+000	7.5469934023819540E-007
5.0999999999999135E+000	7.5412042057776929E-007
5.1049999999999134E+000	7.5355084702853365E-007
5.1099999999999133E+000	7.5298782850592010E-007
5.1149999999999132E+000	7.5241846402122024E-007
5.1199999999999131E+000	7.5184645664746405E-007
5.1249999999999130E+000	7.5128251984424062E-007
5.1299999999999129E+000	7.5092642461396655E-007
5.1349999999999127E+000	7.5049353708961589E-007
5.1399999999999126E+000	7.4997242536589308E-007
5.1449999999999125E+000	7.4941161858325712E-007
5.1499999999999124E+000	7.4883802019198139E-007
5.1549999999999123E+000	7.4827580192037477E-007
5.1599999999999122E+000	7.4772044373080689E-007
5.1649999999999121E+000	7.4716787008941210E-007
5.1699999999999120E+000	7.4660741262396457E-007
5.1749999999999119E+000	7.4604432899649636E-007
5.1799999999999118E+000	7.4548993941671059E-007
5.1849999999999117E+000	7.4494000908708825E-007
5.1899999999999116E+000	7.4460809114437862E-007
5.1949999999999115E+000	7.4420203534768530E-007
5.1999999999999114E+000	7.4370815287171273E-007
5.2049999999999113E+000	7.4317058766077216E-007
5.2099999999999111E+000	7.4269357912639330E-007
5.2149999999999110E+000	7.4228841606709971E-007
5.2199999999999109E+000	7.4194191387646093E-007
5.2249999999999108E+000	7.4162378969034829E-007
5.2299999999999107E+000	7.4132560089715317E-007
5.2349999999999106E+000	7.4105154263661267E-007
5.2399999999999105E+000	7.4079230913835332E-007
5.2449999999999104E+000	7.4053293525490099E-007
5.2499999999999103E+000	7.4027559918010539E-007
5.2549999999999102E+000	7.4001964854783192E-007
5.2599999999999101E+000	7.3977466221765124E-007
5.2649999999999100E+000	7.3953414069383565E-007
5.2699999999999099E+000	7.3929544406363499E-007
5.2749999999999098E+000	7.3904620554005533E-007
5.2799999999999097E+000	7.3879093701497424E-007
5.2849999999999095E+000	7.3854136638687491E-007
5.2899999999999094E+000	7.3829221075347392E-007
5.2949999999999093E+000	7.3804178061233484E-007
5.2999999999999092E+000	7.3777819302768171E-007
5.3049999999999091E+000	7.3750660412504129E-007
5.3099999999999090E+000	7.3722850494156962E-007
5.3149999999999089E+000	7.3695576665330513E-007
5.3199999999999088E+000	7.3668292803860182E-007
5.3249999999999087E+000	7.3640829091385247E-007
5.3299999999999086E+000	7.3611970598259289E-007
5.3349999999999085E+000	7.3582264921255753E-007
5.3399999999999084E+000	7.3551885628910292E-007
5.3449999999999083E+000	7.3522073510771856E-007
5.3499999999999082E+000	7.3492278675355239E-007
5.3549999999999081E+000	7.3462336698679908E-007
5.3599999999999079E+000	7.3431005098940885E-007
5.3649999999999078E+000	7.3396475979651616E-007
5.3699999999999077E+000	7.3366166870364915E-007
5.3749999999999076E+000	7.3339194515975724E-007
5.3799999999999075E+000	7.3313564526225034E-007
5.3849999999999074E+000	7.3289311839215648E-007
5.3899999999999073E+000	7.3266131528428867E-007
5.3949999999999072E+000	7.3244905852115517E-007
5.3999999999999071E+000	7.3224749613930746E-007
5.4049999999999070E+000	7.3205276541747630E-007
5.4099999999999069E+000	7.3185023362369538E-007
5.4149999999999068E+000	7.3164457379820957E-007
5.4199999999999067E+000	7.3143660042260718E-007
5.4249999999999066E+000	7.3123879864024659E-007
5.4299999999999065E+000	7.3104447393020442E-007
5.4349999999999064E+000	7.3083895282629155E-007
5.4399999999999062E+000	7.3062732068314874E-007
5.4449999999999061E+000	7.3040247569475612E-007
5.4499999999999060E+000	7.3023245672804876E-007
5.4549999999999059E+000	7.3004716416820866E-007
5.4599999999999058E+000	7.2982326171321114E-007
5.4649999999999057E+000	7.2962509765739895E-007
5.4699999999999056E+000	7.2945159370745168E-007
5.4749999999999055E+000	7.2925292922704271E-007
5.4799999999999054E+000	7.2902546406599887E-007
5.4849999999999053E+000	7.2883122048248169E-007
5.4899999999999052E+000	7.2864503243711695E-007
5.4949999999999051E+000	7.2845555758000277E-007
5.4999999999999050E+000	7.2826782495230659E-007
5.5049999999999049E+000	7.2802825185098091E-007
5.5099999999999048E+000	7.2781472982723292E-007
5.5149999999999046E+000	7.2762125524714595E-007
5.5199999999999045E+000	7.2743346429250267E-007
5.5249999999999044E+000	7.2723090225612304E-007
5.5299999999999043E+000	7.2701974142498419E-007
5.5349999999999042E+000	7.2680281154867046E-007
5.5399999999999041E+000	7.2659547217149849E-007
5.5449999999999040E+000	7.2639120007929424E-007
5.5499999999999039E+000	7.2617434235092334E-007
5.5549999999999038E+000	7.2595102372796501E-007
5.5599999999999037E+000	7.2573672178594049E-007
5.5649999999999036E+000	7.2552499997208564E-007
5.5699999999999035E+000	7.2530030829608272E-007
5.5749999999999034E+000	7.2506914223749462E-007

 
