Grouping:(0, 0) J686
# x 	 y
0.0000000000000000E+000	-1.1177199212190070E-003
5.0000000000000001E-003	-1.1179280831372651E-003
1.0000000000000000E-002	-1.1141814469080025E-003
1.4999999999999999E-002	-1.1071966697776547E-003
2.0000000000000000E-002	-1.0968399111738192E-003
2.5000000000000001E-002	-1.0832434357027632E-003
3.0000000000000002E-002	-1.0664683668561992E-003
3.5000000000000003E-002	-1.0465608024309292E-003
4.0000000000000001E-002	-1.0242486873985879E-003
4.4999999999999998E-002	-9.9942872681513251E-004
4.9999999999999996E-002	-9.7228251973935365E-004
5.4999999999999993E-002	-9.4299587779711480E-004
5.9999999999999991E-002	-9.1177784396012651E-004
6.4999999999999988E-002	-8.7884392338932749E-004
6.9999999999999993E-002	-8.4425532678689130E-004
7.4999999999999997E-002	-8.0798963777173327E-004
8.0000000000000002E-002	-7.7109375228900934E-004
8.5000000000000006E-002	-7.3340539235955404E-004
9.0000000000000011E-002	-6.9508899104564481E-004
9.5000000000000015E-002	-6.5634811051695774E-004
1.0000000000000002E-001	-6.1738934304278459E-004
1.0500000000000002E-001	-5.7841085199927811E-004
1.1000000000000003E-001	-5.3961224219012394E-004
1.1500000000000003E-001	-5.0127055240190010E-004
1.2000000000000004E-001	-4.6349522179989222E-004
1.2500000000000003E-001	-4.2628282949863650E-004
1.3000000000000003E-001	-3.8992458001863017E-004
1.3500000000000004E-001	-3.5479317709763425E-004
1.4000000000000004E-001	-3.2087770828914675E-004
1.4500000000000005E-001	-2.8826988026231515E-004
1.5000000000000005E-001	-2.5708064457874436E-004
1.5500000000000005E-001	-2.2754472650154955E-004
1.6000000000000006E-001	-1.9956585236935442E-004
1.6500000000000006E-001	-1.7329991738934680E-004
1.7000000000000007E-001	-1.4881884835016290E-004
1.7500000000000007E-001	-1.2611296645470560E-004
1.8000000000000008E-001	-1.0525379241144162E-004
1.8500000000000008E-001	-8.6317552701387079E-005
1.9000000000000009E-001	-6.9340021304209465E-005
1.9500000000000009E-001	-5.4353056209155426E-005
2.0000000000000009E-001	-4.1320780570286431E-005
2.0500000000000010E-001	-3.0225332701583341E-005
2.1000000000000010E-001	-2.1043953764010581E-005
2.1500000000000011E-001	-1.3742054307597229E-005
2.2000000000000011E-001	-8.2789377459091540E-006
2.2500000000000012E-001	-4.6024057022142628E-006
2.3000000000000012E-001	-2.6513149860019070E-006
2.3500000000000013E-001	-2.3887034974467980E-006
2.4000000000000013E-001	-3.7223321536217213E-006
2.4500000000000013E-001	-6.5480415054608443E-006
2.5000000000000011E-001	-8.7981444782947449E-006
2.5500000000000012E-001	-1.5070980784237520E-005
2.6000000000000012E-001	-2.2126153949808547E-005
2.6500000000000012E-001	-2.8930368114687965E-005
2.7000000000000013E-001	-3.8740489624711216E-005
2.7500000000000013E-001	-4.8821115397501558E-005
2.8000000000000014E-001	-5.9587031653651756E-005
2.8500000000000014E-001	-7.0940778616357392E-005
2.9000000000000015E-001	-8.2778308821529478E-005
2.9500000000000015E-001	-9.4993512978813754E-005
3.0000000000000016E-001	-1.0747854565318349E-004
3.0500000000000016E-001	-1.2012559125318401E-004
3.1000000000000016E-001	-1.2966470233144456E-004
3.1500000000000017E-001	-1.4349372317712383E-004
3.2000000000000017E-001	-1.5634775128803291E-004
3.2500000000000018E-001	-1.6895877954281602E-004
3.3000000000000018E-001	-1.8117270768902571E-004
3.3500000000000019E-001	-1.9289893612861597E-004
3.4000000000000019E-001	-2.0408663611815037E-004
3.4500000000000020E-001	-2.1466918952206537E-004
3.5000000000000020E-001	-2.2458473855024863E-004
3.5500000000000020E-001	-2.3377697184512325E-004
3.6000000000000021E-001	-2.4219572091566111E-004
3.6500000000000021E-001	-2.4979776593547776E-004
3.7000000000000022E-001	-2.5348766386001920E-004
3.7500000000000022E-001	-2.5934641970692951E-004
3.8000000000000023E-001	-2.6621094096979103E-004
3.8500000000000023E-001	-2.7067254568602372E-004
3.9000000000000024E-001	-2.7403294220340602E-004
3.9500000000000024E-001	-2.7638616629932500E-004
4.0000000000000024E-001	-2.7776648002808546E-004
4.0500000000000025E-001	-2.7820012920953818E-004
4.1000000000000025E-001	-2.7771281329647124E-004
4.1500000000000026E-001	-2.7633202428523074E-004
4.2000000000000026E-001	-2.7408550160601397E-004
4.2500000000000027E-001	-2.7100508680055757E-004
4.3000000000000027E-001	-2.6713045067705554E-004
4.3500000000000028E-001	-2.6250489701895585E-004
4.4000000000000028E-001	-2.5717561686400270E-004
4.4500000000000028E-001	-2.4804952872881092E-004
4.5000000000000029E-001	-2.4330747298029198E-004
4.5500000000000029E-001	-2.3657267355581268E-004
4.6000000000000030E-001	-2.2914959306918892E-004
4.6500000000000030E-001	-2.2121310201261846E-004
4.7000000000000031E-001	-2.1285356323386129E-004
4.7500000000000031E-001	-2.0414514937550088E-004
4.8000000000000032E-001	-1.9515569808170596E-004
4.8500000000000032E-001	-1.8594911901259614E-004
4.9000000000000032E-001	-1.7658630852912527E-004
4.9500000000000033E-001	-1.6712559172915586E-004
5.0000000000000033E-001	-1.5760937148434628E-004
5.0500000000000034E-001	-1.4811173568518576E-004
5.1000000000000034E-001	-1.3867615761087304E-004
5.1500000000000035E-001	-1.2740991117232703E-004
5.2000000000000035E-001	-1.1937703906073072E-004
5.2500000000000036E-001	-1.1069706711919203E-004
5.3000000000000036E-001	-1.0209320897747176E-004
5.3500000000000036E-001	-9.3704058945709434E-005
5.4000000000000037E-001	-8.5593299281261359E-005
5.4500000000000037E-001	-7.7801897946261356E-005
5.5000000000000038E-001	-7.0367299979778863E-005
5.5500000000000038E-001	-6.3320604550387571E-005
5.6000000000000039E-001	-5.6685115523147367E-005
5.6500000000000039E-001	-5.0480052786627816E-005
5.7000000000000040E-001	-4.4720790793983944E-005
5.7500000000000040E-001	-3.9419052915379282E-005
5.8000000000000040E-001	-3.4583342664595840E-005
5.8500000000000041E-001	-3.0218781106872150E-005
5.9000000000000041E-001	-2.5506355357030053E-005
5.9500000000000042E-001	-2.1684380460129660E-005
6.0000000000000042E-001	-1.8615805005173236E-005
6.0500000000000043E-001	-1.6038651049155028E-005
6.1000000000000043E-001	-1.3810129686819828E-005
6.1500000000000044E-001	-1.1665837434393644E-005
6.2000000000000044E-001	-1.0285059528825080E-005
6.2500000000000044E-001	-9.3686283880733967E-006
6.3000000000000045E-001	-8.8622774579993902E-006
6.3500000000000045E-001	-8.7430667708998655E-006
6.4000000000000046E-001	-8.9918194257077033E-006
6.4500000000000046E-001	-9.5867973244345706E-006
6.5000000000000047E-001	-1.0505290260809375E-005
6.5500000000000047E-001	-1.1722720850482204E-005
6.6000000000000048E-001	-1.3213111633048058E-005
6.6500000000000048E-001	-1.4949934431629508E-005
6.7000000000000048E-001	-1.6899518317625706E-005
6.7500000000000049E-001	-1.9042466429586291E-005
6.8000000000000049E-001	-2.1351319145712644E-005
6.8500000000000050E-001	-2.3798562657773026E-005
6.9000000000000050E-001	-2.6357285392464291E-005
6.9500000000000051E-001	-2.9001237812131819E-005
7.0000000000000051E-001	-3.1704803563514794E-005
7.0500000000000052E-001	-3.4443190410904378E-005
7.1000000000000052E-001	-3.7192503277161393E-005
7.1500000000000052E-001	-3.9929750887512938E-005
7.2000000000000053E-001	-4.2632908519357748E-005
7.2500000000000053E-001	-4.5281191296986378E-005
7.3000000000000054E-001	-4.7855082417003203E-005
7.3500000000000054E-001	-5.0336292175878761E-005
7.4000000000000055E-001	-5.2707954749098285E-005
7.4500000000000055E-001	-5.4954519688177328E-005
7.5000000000000056E-001	-5.7061830856408591E-005
7.5500000000000056E-001	-5.9017245479742186E-005
7.6000000000000056E-001	-6.0809613970369547E-005
7.6500000000000057E-001	-6.2429295435872945E-005
7.7000000000000057E-001	-6.3868299351010904E-005
7.7500000000000058E-001	-6.5120156247711058E-005
7.8000000000000058E-001	-6.6180091315426459E-005
7.8500000000000059E-001	-6.7044511721570110E-005
7.9000000000000059E-001	-6.7710982516122620E-005
7.9500000000000060E-001	-6.8178468999646746E-005
8.0000000000000060E-001	-6.8447877891508746E-005
8.0500000000000060E-001	-6.8521323024706149E-005
8.1000000000000061E-001	-6.8401926432315463E-005
8.1500000000000061E-001	-6.8093630492094270E-005
8.2000000000000062E-001	-6.7601561875130223E-005
8.2500000000000062E-001	-6.6932205482483909E-005
8.3000000000000063E-001	-6.6092591243238630E-005
8.3500000000000063E-001	-6.5090676148349402E-005
8.4000000000000064E-001	-6.3935177222584905E-005
8.4500000000000064E-001	-6.2635747936412578E-005
8.5000000000000064E-001	-6.1202652221759024E-005
8.5500000000000065E-001	-5.9646530486179294E-005
8.6000000000000065E-001	-5.7978383560364222E-005
8.6500000000000066E-001	-5.6209567899312418E-005
8.7000000000000066E-001	-5.4351700290888871E-005
8.7500000000000067E-001	-5.2416618731232489E-005
8.8000000000000067E-001	-5.0416272020403774E-005
8.8500000000000068E-001	-4.8362646935085074E-005
8.9000000000000068E-001	-4.6267686534817720E-005
8.9500000000000068E-001	-4.4142747637199165E-005
9.0000000000000069E-001	-4.2000322802770995E-005
9.0500000000000069E-001	-3.9851521468459161E-005
9.1000000000000070E-001	-3.7706852155205972E-005
9.1500000000000070E-001	-3.5577494508443053E-005
9.2000000000000071E-001	-3.3474042963943518E-005
9.2500000000000071E-001	-3.1405989474264651E-005
9.3000000000000071E-001	-2.9382142909262221E-005
9.3500000000000072E-001	-2.7411621001949271E-005
9.4000000000000072E-001	-2.5502582110314975E-005
9.4500000000000073E-001	-2.3662634218268863E-005
9.5000000000000073E-001	-2.1898442301382381E-005
9.5500000000000074E-001	-2.0215790609623419E-005
9.6000000000000074E-001	-1.8620453985818131E-005
9.6500000000000075E-001	-1.7117247923303935E-005
9.7000000000000075E-001	-1.5710324421491784E-005
9.7500000000000075E-001	-1.4402708569782874E-005
9.8000000000000076E-001	-1.3197121063401873E-005
9.8500000000000076E-001	-1.2095740585138515E-005
9.9000000000000077E-001	-1.1099535583203313E-005
9.9500000000000077E-001	-1.0209120927751059E-005
1.0000000000000007E+000	-9.4246374303663671E-006
1.0050000000000006E+000	-8.7451174169972390E-006
1.0100000000000005E+000	-8.1692784003051244E-006
1.0150000000000003E+000	-7.6954534102835481E-006
1.0200000000000002E+000	-7.3211199034250996E-006
1.0250000000000001E+000	-7.0430289129674861E-006
1.0300000000000000E+000	-6.8850612837678682E-006
1.0349999999999999E+000	-6.8152620760209004E-006
1.0399999999999998E+000	-6.8286458324573474E-006
1.0449999999999997E+000	-6.9215449415294117E-006
1.0499999999999996E+000	-7.0894616579497693E-006
1.0549999999999995E+000	-7.3264811740747504E-006
1.0599999999999994E+000	-7.6279297761550069E-006
1.0649999999999993E+000	-7.9883144863401867E-006
1.0699999999999992E+000	-8.4017650023859858E-006
1.0749999999999991E+000	-8.8624148760763077E-006
1.0799999999999990E+000	-9.3645507821538132E-006
1.0849999999999989E+000	-9.9019326659233187E-006
1.0899999999999987E+000	-1.0468506235206121E-005
1.0949999999999986E+000	-1.1058363547311600E-005
1.0999999999999985E+000	-1.1665835353502629E-005
1.1049999999999984E+000	-1.2284911151128064E-005
1.1099999999999983E+000	-1.2909955471540613E-005
1.1149999999999982E+000	-1.3535608315629055E-005
1.1199999999999981E+000	-1.4156701774514779E-005
1.1249999999999980E+000	-1.4769091758015662E-005
1.1299999999999979E+000	-1.5366729865129436E-005
1.1349999999999978E+000	-1.5945256505167649E-005
1.1399999999999977E+000	-1.6500642267880394E-005
1.1449999999999976E+000	-1.7028285231757145E-005
1.1499999999999975E+000	-1.7460883634967672E-005
1.1549999999999974E+000	-1.8580943469403977E-005
1.1599999999999973E+000	-1.9276428358083741E-005
1.1649999999999971E+000	-1.9795837201908029E-005
1.1699999999999970E+000	-2.0208342879857177E-005
1.1749999999999969E+000	-2.0544939432154408E-005
1.1799999999999968E+000	-2.0819081445355714E-005
1.1849999999999967E+000	-2.1038151671870509E-005
1.1899999999999966E+000	-2.1206609572610446E-005
1.1949999999999965E+000	-2.1326741279192873E-005
1.1999999999999964E+000	-2.1399793348142460E-005
1.2049999999999963E+000	-2.1426945541747067E-005
1.2099999999999962E+000	-2.1409393753279993E-005
1.2149999999999961E+000	-2.1348093727557860E-005
1.2199999999999960E+000	-2.1244675618925513E-005
1.2249999999999959E+000	-2.1100226508141695E-005
1.2299999999999958E+000	-2.0916405869653154E-005
1.2349999999999957E+000	-2.0695281400029408E-005
1.2399999999999956E+000	-2.0439168259889229E-005
1.2449999999999954E+000	-2.0150224557924368E-005
1.2499999999999953E+000	-1.9831129411618242E-005
1.2549999999999952E+000	-1.9484458523177928E-005
1.2599999999999951E+000	-1.9112849434566037E-005
1.2649999999999950E+000	-1.8719028346270150E-005
1.2699999999999949E+000	-1.7124644773658382E-005
1.2749999999999948E+000	-1.7242282255414132E-005
1.2799999999999947E+000	-1.6984337929737414E-005
1.2849999999999946E+000	-1.6588009965734507E-005
1.2899999999999945E+000	-1.6123240130450078E-005
1.2949999999999944E+000	-1.5622954384841847E-005
1.2999999999999943E+000	-1.5105651121172237E-005
1.3049999999999942E+000	-1.4582632780979488E-005
1.3099999999999941E+000	-1.4061448357693962E-005
1.3149999999999940E+000	-1.3547371916722284E-005
1.3199999999999938E+000	-1.3044093563507886E-005
1.3249999999999937E+000	-1.2554349055338143E-005
1.3299999999999936E+000	-1.2080331502350994E-005
1.3349999999999935E+000	-1.1623903977908689E-005
1.3399999999999934E+000	-1.1186702832621798E-005
1.3449999999999933E+000	-1.0770188256348234E-005
1.3499999999999932E+000	-1.0375667530482247E-005
1.3549999999999931E+000	-1.0004308293565245E-005
1.3599999999999930E+000	-9.6571363414899025E-006
1.3649999999999929E+000	-9.3350297167837937E-006
1.3699999999999928E+000	-9.0387071151054599E-006
1.3749999999999927E+000	-8.7687243583989272E-006
1.3799999999999926E+000	-8.5254727625327931E-006
1.3849999999999925E+000	-8.3091803041446255E-006
1.3899999999999924E+000	-8.1199150585575808E-006
1.3949999999999922E+000	-7.9490090966194416E-006
1.3999999999999921E+000	-7.7972422015681886E-006
1.4049999999999920E+000	-7.6737649684632814E-006
1.4099999999999919E+000	-7.5776433676733035E-006
1.4149999999999918E+000	-7.5075553200854017E-006
1.4199999999999917E+000	-7.4622021730696986E-006
1.4249999999999916E+000	-7.4407251350327996E-006
1.4299999999999915E+000	-7.4420986069245743E-006
1.4349999999999914E+000	-7.4653475627961541E-006
1.4399999999999913E+000	-7.5079964615420991E-006
1.4449999999999912E+000	-7.5660920456632752E-006
1.4499999999999911E+000	-7.6423786862234167E-006
1.4549999999999910E+000	-7.7357026272428797E-006
1.4599999999999909E+000	-7.8444641321562258E-006
1.4649999999999908E+000	-7.9671483006471533E-006
1.4699999999999906E+000	-8.1022857779666779E-006
1.4749999999999905E+000	-8.2484035661689603E-006
1.4799999999999904E+000	-8.4040152046327421E-006
1.4849999999999903E+000	-8.5676298842152221E-006
1.4899999999999902E+000	-8.7377659736542768E-006
1.4949999999999901E+000	-8.9129632372397793E-006
1.4999999999999900E+000	-9.0914608525949347E-006
1.5049999999999899E+000	-9.2725706436480593E-006
1.5099999999999898E+000	-9.4545951032642961E-006
1.5149999999999897E+000	-9.6360690066132904E-006
1.5199999999999896E+000	-9.8156219272560463E-006
1.5249999999999895E+000	-9.9920658157559572E-006
1.5299999999999894E+000	-1.0163900269755111E-005
1.5349999999999893E+000	-1.0331176735212111E-005
1.5399999999999892E+000	-1.0492392925609551E-005
1.5449999999999890E+000	-1.0646467744290788E-005
1.5499999999999889E+000	-1.0792613296839448E-005
1.5549999999999888E+000	-1.0929696720562987E-005
1.5599999999999887E+000	-1.1057919998003207E-005
1.5649999999999886E+000	-1.1176256133227369E-005
1.5699999999999885E+000	-1.1284008197165463E-005
1.5749999999999884E+000	-1.1380819612494264E-005
1.5799999999999883E+000	-1.1466411826366318E-005
1.5849999999999882E+000	-1.1540143185606588E-005
1.5899999999999881E+000	-1.1602755137896104E-005
1.5949999999999880E+000	-1.1653831488822597E-005
1.5999999999999879E+000	-1.1693180359095834E-005
1.6049999999999878E+000	-1.1720939419479492E-005
1.6099999999999877E+000	-1.1736818987140296E-005
1.6149999999999876E+000	-1.1741991540747954E-005
1.6199999999999875E+000	-1.1736346510082818E-005
1.6249999999999873E+000	-1.1720082928712294E-005
1.6299999999999872E+000	-1.1693602900209044E-005
1.6349999999999871E+000	-1.1656926082515007E-005
1.6399999999999870E+000	-1.1611005904854643E-005
1.6449999999999869E+000	-1.1556786222000071E-005
1.6499999999999868E+000	-1.1494565453351591E-005
1.6549999999999867E+000	-1.1424660644077100E-005
1.6599999999999866E+000	-1.1347715338949627E-005
1.6649999999999865E+000	-1.1263900718927466E-005
1.6699999999999864E+000	-1.1174434056626659E-005
1.6749999999999863E+000	-1.1080345311165196E-005
1.6799999999999862E+000	-1.0981944441490477E-005
1.6849999999999861E+000	-1.0879621881176860E-005
1.6899999999999860E+000	-1.0774086714571141E-005
1.6949999999999859E+000	-1.0665541785082056E-005
1.6999999999999857E+000	-1.0555199475681398E-005
1.7049999999999856E+000	-1.0444049708513425E-005
1.7099999999999855E+000	-1.0332378235444750E-005
1.7149999999999854E+000	-1.0220502772773088E-005
1.7199999999999853E+000	-1.0109040723405016E-005
1.7249999999999852E+000	-9.9979381131820588E-006
1.7299999999999851E+000	-9.8883583342646020E-006
1.7349999999999850E+000	-9.7814828797782027E-006
1.7399999999999849E+000	-9.6771015588581477E-006
1.7449999999999848E+000	-9.5754401289172009E-006
1.7499999999999847E+000	-9.4768398760658457E-006
1.7549999999999846E+000	-9.3817096702419889E-006
1.7599999999999845E+000	-9.2902169108732835E-006
1.7649999999999844E+000	-9.2032517754470078E-006
1.7699999999999843E+000	-9.1207730417153243E-006
1.7749999999999841E+000	-9.0426901513396274E-006
1.7799999999999840E+000	-8.9686834656710346E-006
1.7849999999999839E+000	-8.8999680984969132E-006
1.7899999999999838E+000	-8.8367550139523132E-006
1.7949999999999837E+000	-8.7786620406316018E-006
1.7999999999999836E+000	-8.7253246929819284E-006
1.8049999999999835E+000	-8.6762909411453037E-006
1.8099999999999834E+000	-8.6323319340442239E-006
1.8149999999999833E+000	-8.5933281156469477E-006
1.8199999999999832E+000	-8.5590131376767076E-006
1.8249999999999831E+000	-8.5290423977868457E-006
1.8299999999999830E+000	-8.5028383363106030E-006
1.8349999999999829E+000	-8.4810374663124577E-006
1.8399999999999828E+000	-8.4630085523951237E-006
1.8449999999999827E+000	-8.4486280822471116E-006
1.8499999999999825E+000	-8.4374114296403846E-006
1.8549999999999824E+000	-8.4287482026157434E-006
1.8599999999999823E+000	-8.4267562376894034E-006
1.8649999999999822E+000	-8.4309494945422614E-006
1.8699999999999821E+000	-8.4371272136563036E-006
1.8749999999999820E+000	-8.4447438970514099E-006
1.8799999999999819E+000	-8.4533731988800653E-006
1.8849999999999818E+000	-8.4636456038067465E-006
1.8899999999999817E+000	-8.4750663813526472E-006
1.8949999999999816E+000	-8.4869124301611976E-006
1.8999999999999815E+000	-8.4989820684500117E-006
1.9049999999999814E+000	-8.5106251513922260E-006
1.9099999999999813E+000	-8.5224132924111018E-006
1.9149999999999812E+000	-8.5339213476975928E-006
1.9199999999999811E+000	-8.5444576742865763E-006
1.9249999999999809E+000	-8.5538597524026372E-006
1.9299999999999808E+000	-8.5615202196631657E-006
1.9349999999999807E+000	-8.5680689525524656E-006
1.9399999999999806E+000	-8.5728683767438696E-006
1.9449999999999805E+000	-8.5758984663675264E-006
1.9499999999999804E+000	-8.5767058368713123E-006
1.9549999999999803E+000	-8.5748108672456524E-006
1.9599999999999802E+000	-8.5710116748405341E-006
1.9649999999999801E+000	-8.5648993878306712E-006
1.9699999999999800E+000	-8.5560492019132184E-006
1.9749999999999799E+000	-8.5447469477806237E-006
1.9799999999999798E+000	-8.5306923628403197E-006
1.9849999999999797E+000	-8.5134592393565356E-006
1.9899999999999796E+000	-8.4940239309938548E-006
1.9949999999999795E+000	-8.4717405274270519E-006
1.9999999999999793E+000	-8.4466870260424542E-006
2.0049999999999795E+000	-8.4189927107569673E-006
2.0099999999999794E+000	-8.3883951774721410E-006
2.0149999999999793E+000	-8.3559216942363790E-006
2.0199999999999791E+000	-8.3212091849249603E-006
2.0249999999999790E+000	-8.2843780255803523E-006
2.0299999999999789E+000	-8.2453553795769352E-006
2.0349999999999788E+000	-8.2042154326833483E-006
2.0399999999999787E+000	-8.1607846306175347E-006
2.0449999999999786E+000	-8.1162283307456562E-006
2.0499999999999785E+000	-8.0702486763284398E-006
2.0549999999999784E+000	-8.0230386328983272E-006
2.0599999999999783E+000	-7.9745757329829914E-006
2.0649999999999782E+000	-7.9251321756235171E-006
2.0699999999999781E+000	-7.8744494801386011E-006
2.0749999999999780E+000	-7.8236642676587920E-006
2.0799999999999779E+000	-7.7726162827085332E-006
2.0849999999999778E+000	-7.7210112917613927E-006
2.0899999999999777E+000	-7.6695059412212885E-006
2.0949999999999775E+000	-7.6180249469759431E-006
2.0999999999999774E+000	-7.5662941179110987E-006
2.1049999999999773E+000	-7.5155157953643581E-006
2.1099999999999772E+000	-7.4654984345556841E-006
2.1149999999999771E+000	-7.4160981352600075E-006
2.1199999999999770E+000	-7.3675273792872531E-006
2.1149999999999771E+000	-7.3194131496867598E-006
2.1199999999999770E+000	-7.5735681719368841E-006
2.1249999999999769E+000	-7.6544604603601130E-006
2.1299999999999768E+000	-7.6559027416545078E-006
2.1349999999999767E+000	-7.6200798366787836E-006
2.1399999999999766E+000	-7.5666318669620480E-006
2.1449999999999765E+000	-7.5049704962859565E-006
2.1499999999999764E+000	-7.4403754204421801E-006
2.1549999999999763E+000	-7.3768757111736249E-006
2.1599999999999762E+000	-7.3157386705213767E-006
2.1649999999999761E+000	-7.2576265937041029E-006
2.1699999999999759E+000	-7.2029488024094590E-006
2.1749999999999758E+000	-7.1526024789658749E-006
2.1799999999999757E+000	-7.1061752306977866E-006
2.1849999999999756E+000	-7.0632619403321328E-006
2.1899999999999755E+000	-7.0238048521797936E-006
2.1949999999999754E+000	-6.9877396956519178E-006
2.1999999999999753E+000	-6.9549497372367597E-006
2.2049999999999752E+000	-6.9253111038003468E-006
2.2099999999999751E+000	-6.8981774732357337E-006
2.2149999999999750E+000	-6.8745326459174194E-006
2.2199999999999749E+000	-6.8539140265500009E-006
2.2249999999999748E+000	-6.8358633560361426E-006
2.2299999999999747E+000	-6.8203120034970866E-006
2.2349999999999746E+000	-6.8071871410779750E-006
2.2399999999999745E+000	-6.7963565816286930E-006
2.2449999999999743E+000	-6.7876714353598544E-006
2.2499999999999742E+000	-6.7809897406068131E-006
2.2549999999999741E+000	-6.7761578979030901E-006
2.2599999999999740E+000	-6.7730882011840521E-006
2.2649999999999739E+000	-6.7711047823104664E-006
2.2699999999999738E+000	-6.7712350851900638E-006
2.2749999999999737E+000	-6.7729720999443188E-006
2.2799999999999736E+000	-6.7758484043611844E-006
2.2849999999999735E+000	-6.7798301581767362E-006
2.2899999999999734E+000	-6.7848780133106246E-006
2.2949999999999733E+000	-6.7909020341483384E-006
2.2999999999999732E+000	-6.7978057557427363E-006
2.3049999999999731E+000	-6.8055071729133942E-006
2.3099999999999730E+000	-6.8139393236688051E-006
2.3149999999999729E+000	-6.8230297225468917E-006
2.3199999999999728E+000	-6.8327036708559774E-006
2.3249999999999726E+000	-6.8417562627542949E-006
2.3299999999999725E+000	-6.8513103678169429E-006
2.3349999999999724E+000	-6.8616281934108514E-006
2.3399999999999723E+000	-6.8725230981669938E-006
2.3449999999999722E+000	-6.8838330814502413E-006
2.3499999999999721E+000	-6.8953134734206500E-006
2.3549999999999720E+000	-6.9073419821652493E-006
2.3599999999999719E+000	-6.9194873871802898E-006
2.3649999999999718E+000	-6.9317052185935424E-006
2.3699999999999717E+000	-6.9439797771853051E-006
2.3749999999999716E+000	-6.9560101618737491E-006
2.3799999999999715E+000	-6.9683148176125087E-006
2.3849999999999714E+000	-6.9805446462067877E-006
2.3899999999999713E+000	-6.9929157293646682E-006
2.3949999999999712E+000	-7.0049719523845866E-006
2.3999999999999710E+000	-7.0168408420334671E-006
2.4049999999999709E+000	-7.0291990857951347E-006
2.4099999999999708E+000	-7.0414146454700344E-006
2.4149999999999707E+000	-7.0534788332299314E-006
2.4199999999999706E+000	-7.0656520420042668E-006
2.4249999999999705E+000	-7.0775286570290419E-006
2.4299999999999704E+000	-7.0895516148805626E-006
2.4349999999999703E+000	-7.1014635498745093E-006
2.4399999999999702E+000	-7.1132774449589320E-006
2.4449999999999701E+000	-7.1247917405869998E-006
2.4499999999999700E+000	-7.1365011183877058E-006
2.4549999999999699E+000	-7.1481547605500850E-006
2.4599999999999698E+000	-7.1597752239194179E-006
2.4649999999999697E+000	-7.1711681048913789E-006
2.4699999999999696E+000	-7.1828299148535280E-006
2.4749999999999694E+000	-7.1945167876563687E-006
2.4799999999999693E+000	-7.2062497697977790E-006
2.4849999999999692E+000	-7.2180656990328274E-006
2.4899999999999691E+000	-7.2297476686467022E-006
2.4949999999999690E+000	-7.2417886994857739E-006
2.4999999999999689E+000	-7.2539414923689094E-006
2.5049999999999688E+000	-7.2712915410999557E-006
2.5099999999999687E+000	-7.2883531091472165E-006
2.5149999999999686E+000	-7.3049086785070827E-006
2.5199999999999685E+000	-7.3268201858933679E-006
2.5249999999999684E+000	-7.3483085990533326E-006
2.5299999999999683E+000	-7.3693737050462005E-006
2.5349999999999682E+000	-7.3902041226592274E-006
2.5399999999999681E+000	-7.4109263947796933E-006
2.5449999999999680E+000	-7.4320477962963594E-006
2.5499999999999678E+000	-7.4526152995524342E-006
2.5549999999999677E+000	-7.4793014481766562E-006
2.5599999999999676E+000	-7.5106776246114393E-006
2.5649999999999675E+000	-7.5410329399838716E-006
2.5699999999999674E+000	-7.5707415557735303E-006
2.5749999999999673E+000	-7.6002541984365735E-006
2.5799999999999672E+000	-7.6300028226672367E-006
2.5849999999999671E+000	-7.6595947269275655E-006
2.5899999999999670E+000	-7.6890662765727313E-006
2.5949999999999669E+000	-7.7185897244813617E-006
2.5999999999999668E+000	-7.7481910937260423E-006
2.6049999999999667E+000	-7.7778633728042834E-006
2.6099999999999666E+000	-7.8075990502801673E-006
2.6149999999999665E+000	-7.8373904150996765E-006
2.6199999999999664E+000	-7.8672286371039846E-006
2.6249999999999662E+000	-7.8971032455577017E-006
2.6299999999999661E+000	-7.9270012364185405E-006
2.6349999999999660E+000	-7.9569068199836224E-006
2.6399999999999659E+000	-7.9868019657869382E-006
2.6449999999999658E+000	-8.0166666788228369E-006
2.6499999999999657E+000	-8.0464800140678250E-006
2.6549999999999656E+000	-8.0762200520556604E-006
2.6599999999999655E+000	-8.1058636810515949E-006
2.6649999999999654E+000	-8.1353874150646988E-006
2.6699999999999653E+000	-8.1648799844513675E-006
2.6749999999999652E+000	-8.1940586950102201E-006
2.6799999999999651E+000	-8.2229827311763870E-006
2.6849999999999650E+000	-8.2516840586022155E-006
2.6899999999999649E+000	-8.2801609349036909E-006
2.6949999999999648E+000	-8.3083926941673880E-006
2.6999999999999647E+000	-8.3363513384560051E-006
2.7049999999999645E+000	-8.3640095501769096E-006
2.7099999999999644E+000	-8.3913429168580578E-006
2.7149999999999643E+000	-8.4183295746553810E-006
2.7199999999999642E+000	-8.4449491496441098E-006
2.7249999999999641E+000	-8.4711829890782298E-006
2.7299999999999640E+000	-8.4970141066564864E-006
2.7349999999999639E+000	-8.5224279071649534E-006
2.7399999999999638E+000	-8.5474101583216111E-006
2.7449999999999637E+000	-8.5719463666089624E-006
2.7499999999999636E+000	-8.5960221904990419E-006
2.7549999999999635E+000	-8.6196255713044678E-006
2.7599999999999634E+000	-8.6427442677061705E-006
2.7649999999999633E+000	-8.6653673639913720E-006
2.7699999999999632E+000	-8.6874846937368133E-006
2.7749999999999631E+000	-8.7090884322016393E-006
2.7799999999999629E+000	-8.7301743778578356E-006
2.7849999999999628E+000	-8.7507360527760980E-006
2.7899999999999627E+000	-8.7707694986782769E-006
2.7949999999999626E+000	-8.7902780171456030E-006
2.7999999999999625E+000	-8.8092673352635487E-006
2.8049999999999624E+000	-8.8277403655911968E-006
2.8099999999999623E+000	-8.8457012548115443E-006
2.8149999999999622E+000	-8.8631549322037984E-006
2.8199999999999621E+000	-8.8801045987629834E-006
2.8249999999999620E+000	-8.8965601052759524E-006
2.8299999999999619E+000	-8.9125411270041255E-006
2.8349999999999618E+000	-8.9280615963582832E-006
2.8399999999999617E+000	-8.9431341235846062E-006
2.8449999999999616E+000	-8.9577656298134301E-006
2.8499999999999615E+000	-8.9719717171199420E-006
2.8549999999999613E+000	-8.9857689635763904E-006
2.8599999999999612E+000	-8.9991688984047968E-006
2.8649999999999611E+000	-9.0121828645317592E-006
2.8699999999999610E+000	-9.0248227954115023E-006
2.8749999999999609E+000	-9.0371020555757298E-006
2.8799999999999608E+000	-9.0490341466686885E-006
2.8849999999999607E+000	-9.0606320400921092E-006
2.8899999999999606E+000	-9.0719074731238081E-006
2.8949999999999605E+000	-9.0828681548194012E-006
2.8999999999999604E+000	-9.0935236363165473E-006
2.9049999999999603E+000	-9.1038850479341349E-006
2.9099999999999602E+000	-9.1139642284243649E-006
2.9149999999999601E+000	-9.1237729239468379E-006
2.9199999999999600E+000	-9.1333229130796667E-006
2.9249999999999599E+000	-9.1426261236149386E-006
2.9299999999999597E+000	-9.1516935546431810E-006
2.9349999999999596E+000	-9.1605370080571902E-006
2.9399999999999595E+000	-9.1691675554450569E-006
2.9449999999999594E+000	-9.1775959859541345E-006
2.9499999999999593E+000	-9.1858322820437266E-006
2.9549999999999592E+000	-9.1938852956330308E-006
2.9599999999999591E+000	-9.2017653890996698E-006
2.9649999999999590E+000	-9.2094810284493178E-006
2.9699999999999589E+000	-9.2170405041613890E-006
2.9749999999999588E+000	-9.2244523756113139E-006
2.9799999999999587E+000	-9.2317239328565392E-006
2.9849999999999586E+000	-9.2388618712080373E-006
2.9899999999999585E+000	-9.2458724375577006E-006
2.9949999999999584E+000	-9.2527616323279105E-006
2.9999999999999583E+000	-9.2595352519930785E-006
3.0049999999999581E+000	-9.2661990468423383E-006
3.0099999999999580E+000	-9.2727580747187233E-006
3.0149999999999579E+000	-9.2792177538436604E-006
3.0199999999999578E+000	-9.2855852737994127E-006
3.0249999999999577E+000	-9.2918658862739534E-006
3.0299999999999576E+000	-9.2980627415251149E-006
3.0349999999999575E+000	-9.3041758720824319E-006
3.0399999999999574E+000	-9.3102050833238081E-006
3.0449999999999573E+000	-9.3161520378082230E-006
3.0499999999999572E+000	-9.3220225865220385E-006
3.0549999999999571E+000	-9.3278227797366497E-006
3.0599999999999570E+000	-9.3335550755968555E-006
3.0649999999999569E+000	-9.3392226975241854E-006
3.0699999999999568E+000	-9.3448307452170809E-006
3.0749999999999567E+000	-9.3503843335840386E-006
3.0799999999999566E+000	-9.3558886546940556E-006
3.0849999999999564E+000	-9.3613481673138210E-006
3.0899999999999563E+000	-9.3667668751296063E-006
3.0949999999999562E+000	-9.3721485001641014E-006
3.0999999999999561E+000	-9.3774964734505417E-006
3.1049999999999560E+000	-9.3828144298591099E-006
3.1099999999999559E+000	-9.3881059429756775E-006
3.1149999999999558E+000	-9.3933745792806889E-006
3.1199999999999557E+000	-9.3986241258559033E-006
3.1249999999999556E+000	-9.4038584589339891E-006
3.1299999999999555E+000	-9.4090815364600289E-006
3.1349999999999554E+000	-9.4142974302879878E-006
3.1399999999999553E+000	-9.4195101960625749E-006
3.1449999999999552E+000	-9.4247240240985519E-006
3.1499999999999551E+000	-9.4299432492617186E-006
3.1549999999999550E+000	-9.4351723585184288E-006
3.1599999999999548E+000	-9.4404159957095501E-006
3.1649999999999547E+000	-9.4456789652141993E-006
3.1699999999999546E+000	-9.4509662309505416E-006
3.1749999999999545E+000	-9.4562829154876127E-006
3.1799999999999544E+000	-9.4614237473589213E-006
3.1849999999999543E+000	-9.4665766026125198E-006
3.1899999999999542E+000	-9.4712847030775649E-006
3.1949999999999541E+000	-9.4759735349558838E-006
3.1999999999999540E+000	-9.4807002258834316E-006
3.2049999999999539E+000	-9.4854721542914078E-006
3.2099999999999538E+000	-9.4902996206069901E-006
3.2149999999999537E+000	-9.4951922058328364E-006
3.2199999999999536E+000	-9.5001582690601438E-006
3.2249999999999535E+000	-9.5052053336042164E-006
3.2299999999999534E+000	-9.5103405377550132E-006
3.2349999999999532E+000	-9.5155709709526803E-006
3.2399999999999531E+000	-9.5209037385135531E-006
3.2449999999999530E+000	-9.5263458989025551E-006
3.2499999999999529E+000	-9.5319044084440918E-006
3.2549999999999528E+000	-9.5375861143276452E-006
3.2599999999999527E+000	-9.5433977597148001E-006
3.2649999999999526E+000	-9.5493459862927565E-006
3.2699999999999525E+000	-9.5554373138462267E-006
3.2749999999999524E+000	-9.5570403825240291E-006
3.2799999999999523E+000	-9.5592463449367671E-006
3.2849999999999522E+000	-9.5620906450655241E-006
3.2899999999999521E+000	-9.5653553598973318E-006
3.2949999999999520E+000	-9.5689314042468610E-006
3.2999999999999519E+000	-9.5727757252195289E-006
3.3049999999999518E+000	-9.5768737046197927E-006
3.3099999999999516E+000	-9.5812195499700437E-006
3.3149999999999515E+000	-9.5858098163592587E-006
3.3199999999999514E+000	-9.5905210020230669E-006
3.3249999999999513E+000	-9.5954564507394480E-006
3.3299999999999512E+000	-9.6006272961579597E-006
3.3349999999999511E+000	-9.6060335335046432E-006
3.3399999999999510E+000	-9.6064708159371293E-006
3.3449999999999509E+000	-9.6076135598366363E-006
3.3499999999999508E+000	-9.6094954368242114E-006
3.3549999999999507E+000	-9.6118729366878597E-006
3.3599999999999506E+000	-9.6146306054478714E-006
3.3649999999999505E+000	-9.6177205907155283E-006
3.3699999999999504E+000	-9.6211235751653135E-006
3.3749999999999503E+000	-9.6248295733403211E-006
3.3799999999999502E+000	-9.6286896789088416E-006
3.3849999999999500E+000	-9.6277576940861920E-006
3.3899999999999499E+000	-9.6274393952544557E-006
3.3949999999999498E+000	-9.6278356589429848E-006
3.3999999999999497E+000	-9.6287344534262687E-006
3.4049999999999496E+000	-9.6300206595678617E-006
3.4099999999999495E+000	-9.6316443037869348E-006
3.4149999999999494E+000	-9.6335869788077844E-006
3.4199999999999493E+000	-9.6358405596852492E-006
3.4249999999999492E+000	-9.6383982339798280E-006
3.4299999999999491E+000	-9.6412525508737801E-006
3.4349999999999490E+000	-9.6443962195325028E-006
3.4399999999999489E+000	-9.6430838876226943E-006
3.4449999999999488E+000	-9.6424474466116905E-006
3.4499999999999487E+000	-9.6425500765162653E-006
3.4549999999999486E+000	-9.6431614422520795E-006
3.4599999999999485E+000	-9.6441624549692406E-006
3.4649999999999483E+000	-9.6455034396258910E-006
3.4699999999999482E+000	-9.6471614555726504E-006
3.4749999999999481E+000	-9.6491205507920341E-006
3.4799999999999480E+000	-9.6519771054515147E-006
3.4849999999999479E+000	-9.6545175967133190E-006
3.4899999999999478E+000	-9.6569808193391893E-006
3.4949999999999477E+000	-9.6594698197893791E-006
3.4999999999999476E+000	-9.6619944925935286E-006
3.5049999999999475E+000	-9.6646199871930349E-006
3.5099999999999474E+000	-9.6673864262708520E-006
3.5149999999999473E+000	-9.6702936229764447E-006
3.5199999999999472E+000	-9.6734052562608142E-006
3.5249999999999471E+000	-9.6766130075476298E-006
3.5299999999999470E+000	-9.6799902065125565E-006
3.5349999999999469E+000	-9.6835220581015236E-006
3.5399999999999467E+000	-9.6871913178864233E-006
3.5449999999999466E+000	-9.6909936765365856E-006
3.5499999999999465E+000	-9.6950186412314565E-006
3.5549999999999464E+000	-9.6991740613505684E-006
3.5599999999999463E+000	-9.7034667251305606E-006
3.5649999999999462E+000	-9.7078929399696534E-006
3.5699999999999461E+000	-9.7124436837514594E-006
3.5749999999999460E+000	-9.7171145874153098E-006
3.5799999999999459E+000	-9.7219038800444579E-006
3.5849999999999458E+000	-9.7268102380310140E-006
3.5899999999999457E+000	-9.7318322653805467E-006
3.5949999999999456E+000	-9.7369683527137596E-006
3.5999999999999455E+000	-9.7422168376937179E-006
3.6049999999999454E+000	-9.7475753700893009E-006
3.6099999999999453E+000	-9.7530410374524479E-006
3.6149999999999451E+000	-9.7586104719216138E-006
3.6199999999999450E+000	-9.7642802338038237E-006
3.6249999999999449E+000	-9.7700466272776509E-006
3.6299999999999448E+000	-9.7759056619795004E-006
3.6349999999999447E+000	-9.7818533008053876E-006
3.6399999999999446E+000	-9.7878853180244363E-006
3.6449999999999445E+000	-9.7939975142180558E-006
3.6499999999999444E+000	-9.8001858175322809E-006
3.6549999999999443E+000	-9.8064463753821940E-006
3.6599999999999442E+000	-9.8127753515031557E-006
3.6649999999999441E+000	-9.8191690526272524E-006
3.6699999999999440E+000	-9.8256236730209778E-006
3.6749999999999439E+000	-9.8321354885522183E-006
3.6799999999999438E+000	-9.8387007381184333E-006
3.6849999999999437E+000	-9.8453156123223806E-006
3.6899999999999435E+000	-9.8519763792603854E-006
3.6949999999999434E+000	-9.8583958503262181E-006
3.6999999999999433E+000	-9.8650901172447902E-006
3.7049999999999432E+000	-9.8717817913485106E-006
3.7099999999999431E+000	-9.8785283971780657E-006
3.7149999999999430E+000	-9.8850694981722498E-006
3.7199999999999429E+000	-9.8918449387142005E-006
3.7249999999999428E+000	-9.8986104279941145E-006
3.7299999999999427E+000	-9.9051809893113685E-006
3.7349999999999426E+000	-9.9119848233630847E-006
3.7399999999999425E+000	-9.9187763545893759E-006
3.7449999999999424E+000	-9.9253771141949443E-006
3.7499999999999423E+000	-9.9318380514246130E-006
3.7549999999999422E+000	-9.9386242654597723E-006
3.7599999999999421E+000	-9.9453782992364737E-006
3.7649999999999419E+000	-9.9521468323038320E-006
3.7699999999999418E+000	-9.9587363939779294E-006
3.7749999999999417E+000	-9.9651371155973223E-006
3.7799999999999416E+000	-9.9718204824572609E-006
3.7849999999999415E+000	-9.9784717206841123E-006
3.7899999999999414E+000	-9.9849364779691641E-006
3.7949999999999413E+000	-9.9915259107463683E-006
3.7999999999999412E+000	-9.9980760869256002E-006
3.8049999999999411E+000	-1.0004438375732505E-005
3.8099999999999410E+000	-1.0010618750389000E-005
3.8149999999999409E+000	-1.0017049262844857E-005
3.8199999999999408E+000	-1.0023423606786430E-005
3.8249999999999407E+000	-1.0029775781350558E-005
3.8299999999999406E+000	-1.0036097537469146E-005
3.8349999999999405E+000	-1.0042172747137812E-005
3.8399999999999403E+000	-1.0048013107666343E-005
3.8449999999999402E+000	-1.0054098371514719E-005
3.8499999999999401E+000	-1.0060114877696869E-005
3.8549999999999400E+000	-1.0066090200600009E-005
3.8599999999999399E+000	-1.0072015318218774E-005
3.8649999999999398E+000	-1.0077659658436211E-005
3.8699999999999397E+000	-1.0083384181069910E-005
3.8749999999999396E+000	-1.0089030969107071E-005
3.8799999999999395E+000	-1.0094639813051920E-005
3.8849999999999394E+000	-1.0100191467521391E-005
3.8899999999999393E+000	-1.0105412431959948E-005
3.8949999999999392E+000	-1.0110724321110709E-005
3.8999999999999391E+000	-1.0115939482302494E-005
3.9049999999999390E+000	-1.0121097118176436E-005
3.9099999999999389E+000	-1.0126181133385259E-005
3.9149999999999388E+000	-1.0131168837079763E-005
3.9199999999999386E+000	-1.0136056297294083E-005
3.9249999999999385E+000	-1.0140557541005180E-005
3.9299999999999384E+000	-1.0145165806330070E-005
3.9349999999999383E+000	-1.0149658335900646E-005
3.9399999999999382E+000	-1.0154069868262283E-005
3.9449999999999381E+000	-1.0158389070480389E-005
3.9499999999999380E+000	-1.0162595587503986E-005
3.9549999999999379E+000	-1.0166686812529413E-005
3.9599999999999378E+000	-1.0170664314523847E-005
3.9649999999999377E+000	-1.0174217225600302E-005
3.9699999999999376E+000	-1.0177881599182648E-005
3.9749999999999375E+000	-1.0181419235144595E-005
3.9799999999999374E+000	-1.0184865759876871E-005
3.9849999999999373E+000	-1.0188214613293667E-005
3.9899999999999372E+000	-1.0191447252116959E-005
3.9949999999999370E+000	-1.0194562591991918E-005
3.9999999999999369E+000	-1.0197562617220157E-005
4.0049999999999368E+000	-1.0200125828307982E-005
4.0099999999999367E+000	-1.0202813125026466E-005
4.0149999999999366E+000	-1.0205380389094465E-005
4.0199999999999365E+000	-1.0207858981758910E-005
4.0249999999999364E+000	-1.0210244533404023E-005
4.0299999999999363E+000	-1.0212521427077625E-005
4.0349999999999362E+000	-1.0214689788567988E-005
4.0399999999999361E+000	-1.0216753676850487E-005
4.0449999999999360E+000	-1.0218385376514760E-005
4.0499999999999359E+000	-1.0220161566598662E-005
4.0549999999999358E+000	-1.0221832345003179E-005
4.0599999999999357E+000	-1.0223424224520272E-005
4.0649999999999356E+000	-1.0224933463254260E-005
4.0699999999999354E+000	-1.0226345193653508E-005
4.0749999999999353E+000	-1.0227660191541865E-005
4.0799999999999352E+000	-1.0228553409818986E-005
4.0849999999999351E+000	-1.0229605311606882E-005
4.0899999999999350E+000	-1.0230567626834386E-005
4.0949999999999349E+000	-1.0231463371201954E-005
4.0999999999999348E+000	-1.0232289175182707E-005
4.1049999999999347E+000	-1.0233031100259637E-005
4.1099999999999346E+000	-1.0233690686201058E-005
4.1149999999999345E+000	-1.0233938364079265E-005
4.1199999999999344E+000	-1.0234363883809827E-005
4.1249999999999343E+000	-1.0234717893409240E-005
4.1299999999999342E+000	-1.0235020897475522E-005
4.1349999999999341E+000	-1.0235270053060574E-005
4.1399999999999340E+000	-1.0235452266194045E-005
4.1449999999999338E+000	-1.0235569504302156E-005
4.1499999999999337E+000	-1.0235287006166160E-005
4.1549999999999336E+000	-1.0235205070818765E-005
4.1599999999999335E+000	-1.0235072181674632E-005
4.1649999999999334E+000	-1.0234906247519326E-005
4.1699999999999333E+000	-1.0234704836631359E-005
4.1749999999999332E+000	-1.0234455470770065E-005
4.1799999999999331E+000	-1.0234160455202534E-005
4.1849999999999330E+000	-1.0233479749266472E-005
4.1899999999999329E+000	-1.0233024021366610E-005
4.1949999999999328E+000	-1.0232539286669784E-005
4.1999999999999327E+000	-1.0232040842828027E-005
4.2049999999999326E+000	-1.0231526528903245E-005
4.2099999999999325E+000	-1.0230984356707218E-005
4.2149999999999324E+000	-1.0230416874867920E-005
4.2199999999999322E+000	-1.0229478905832146E-005
4.2249999999999321E+000	-1.0228791030852946E-005
4.2299999999999320E+000	-1.0228096685938048E-005
4.2349999999999319E+000	-1.0227408604013277E-005
4.2399999999999318E+000	-1.0226724779793805E-005
4.2449999999999317E+000	-1.0226033570814863E-005
4.2499999999999316E+000	-1.0225337670588530E-005
4.2549999999999315E+000	-1.0224286785653902E-005
4.2599999999999314E+000	-1.0223511069051838E-005
4.2649999999999313E+000	-1.0222751295918542E-005
4.2699999999999312E+000	-1.0222017645111769E-005
4.2749999999999311E+000	-1.0221308130664575E-005
4.2799999999999310E+000	-1.0220611344702313E-005
4.2849999999999309E+000	-1.0219929991728272E-005
4.2899999999999308E+000	-1.0218908573556007E-005
4.2949999999999307E+000	-1.0218186638266680E-005
4.2999999999999305E+000	-1.0217502174003634E-005
4.3049999999999304E+000	-1.0216862861400777E-005
4.3099999999999303E+000	-1.0216266593143786E-005
4.3149999999999302E+000	-1.0215702051619147E-005
4.3199999999999301E+000	-1.0215171880267881E-005
4.3249999999999300E+000	-1.0214681298248429E-005
4.3299999999999299E+000	-1.0213858103180762E-005
4.3349999999999298E+000	-1.0213365228772808E-005
4.3399999999999297E+000	-1.0212931050412877E-005
4.3449999999999296E+000	-1.0212560875522136E-005
4.3499999999999295E+000	-1.0212253023333950E-005
4.3549999999999294E+000	-1.0211996190112593E-005
4.3599999999999293E+000	-1.0211792861758440E-005
4.3649999999999292E+000	-1.0211648015290287E-005
4.3699999999999291E+000	-1.0211563146844682E-005
4.3749999999999289E+000	-1.0211150762939880E-005
4.3799999999999288E+000	-1.0211100513912719E-005
4.3849999999999287E+000	-1.0211130019976977E-005
4.3899999999999286E+000	-1.0211241261992576E-005
4.3949999999999285E+000	-1.0211432839968282E-005
4.3999999999999284E+000	-1.0211693392325749E-005
4.4049999999999283E+000	-1.0212025148836901E-005
4.4099999999999282E+000	-1.0212432678291528E-005
4.4149999999999281E+000	-1.0212916958796114E-005
4.4199999999999280E+000	-1.0213477651066505E-005
4.4249999999999279E+000	-1.0213714147777608E-005
4.4249999999999279E+000	-8.9231278147527959E-006
4.4299999999999278E+000	-9.4266260035613669E-006
4.4349999999999277E+000	-9.6995370062469277E-006
4.4399999999999276E+000	-9.8668988383066036E-006
4.4449999999999275E+000	-9.9768173958958428E-006
4.4499999999999273E+000	-1.0051453485204753E-005
4.4549999999999272E+000	-1.0103786210580168E-005
4.4599999999999271E+000	-1.0141388091966519E-005
4.4649999999999270E+000	-1.0168969258206317E-005
4.4699999999999269E+000	-1.0189602904109307E-005
4.4749999999999268E+000	-1.0205341487545816E-005
4.4799999999999267E+000	-1.0217570123538522E-005
4.4849999999999266E+000	-1.0227234592208312E-005
4.4899999999999265E+000	-1.0234994027968902E-005
4.4949999999999264E+000	-1.0241321634851808E-005
4.4999999999999263E+000	-1.0246569219440893E-005
4.5049999999999262E+000	-1.0251006848482902E-005
4.5099999999999261E+000	-1.0255029449734998E-005
4.5149999999999260E+000	-1.0258594368206531E-005
4.5199999999999259E+000	-1.0261855931670283E-005
4.5249999999999257E+000	-1.0264945604299136E-005
4.5299999999999256E+000	-1.0267951359055338E-005
4.5349999999999255E+000	-1.0270933814671146E-005
4.5399999999999254E+000	-1.0273929362591971E-005
4.5449999999999253E+000	-1.0276957962074285E-005
4.5499999999999252E+000	-1.0280030106502025E-005
4.5549999999999251E+000	-1.0283149987300177E-005
4.5599999999999250E+000	-1.0286317353003227E-005
4.5649999999999249E+000	-1.0289529387308427E-005
4.5699999999999248E+000	-1.0292782394172306E-005
4.5749999999999247E+000	-1.0296073007620699E-005
4.5799999999999246E+000	-1.0299398936486348E-005
4.5849999999999245E+000	-1.0302759329783306E-005
4.5899999999999244E+000	-1.0306154874295537E-005
4.5949999999999243E+000	-1.0309587690993105E-005
4.5999999999999241E+000	-1.0313061099775922E-005
4.6049999999999240E+000	-1.0316579326041797E-005
4.6099999999999239E+000	-1.0320147100562060E-005
4.6149999999999238E+000	-1.0323769332964972E-005
4.6199999999999237E+000	-1.0327450835734275E-005
4.6249999999999236E+000	-1.0330452641538201E-005
4.6299999999999235E+000	-1.0334062795269716E-005
4.6349999999999234E+000	-1.0339007722182103E-005
4.6399999999999233E+000	-1.0344728079147991E-005
4.6449999999999232E+000	-1.0356720972382050E-005
4.6499999999999231E+000	-1.0368406945349129E-005
4.6549999999999230E+000	-1.0379690716155743E-005
4.6599999999999229E+000	-1.0390849212948972E-005
4.6649999999999228E+000	-1.0402005997001140E-005
4.6699999999999227E+000	-1.0413199655445737E-005
4.6749999999999226E+000	-1.0424442171697024E-005
4.6799999999999224E+000	-1.0435741566339196E-005
4.6849999999999223E+000	-1.0447105076916152E-005
4.6899999999999222E+000	-1.0458538478141932E-005
4.6949999999999221E+000	-1.0470045798571803E-005
4.6999999999999220E+000	-1.0481629533654058E-005
4.7049999999999219E+000	-1.0493290852120474E-005
4.7099999999999218E+000	-1.0505029997442961E-005
4.7149999999999217E+000	-1.0516452576103674E-005
4.7199999999999216E+000	-1.0528304123402776E-005
4.7249999999999215E+000	-1.0540232645350756E-005
4.7299999999999214E+000	-1.0552237052596780E-005
4.7349999999999213E+000	-1.0563972588029102E-005
4.7399999999999212E+000	-1.0575670391310688E-005
4.7449999999999211E+000	-1.0587906709047523E-005
4.7499999999999210E+000	-1.0600162386742440E-005
4.7549999999999208E+000	-1.0612451344704787E-005
4.7599999999999207E+000	-1.0624518028246044E-005
4.7649999999999206E+000	-1.0636522398854709E-005
4.7699999999999205E+000	-1.0648999574258688E-005
4.7749999999999204E+000	-1.0661497699904210E-005
4.7799999999999203E+000	-1.0673771419056344E-005
4.7849999999999202E+000	-1.0685984577429863E-005
4.7899999999999201E+000	-1.0698616268234318E-005
4.7949999999999200E+000	-1.0711257782514139E-005
4.7999999999999199E+000	-1.0723696593273324E-005
4.8049999999999198E+000	-1.0736060885307985E-005
4.8099999999999197E+000	-1.0755082126112647E-005
4.8149999999999196E+000	-1.0773539010910937E-005
4.8199999999999195E+000	-1.0791362772599733E-005
4.8249999999999194E+000	-1.0808756773617034E-005
4.8299999999999192E+000	-1.0825808950509774E-005
4.8349999999999191E+000	-1.0842813437106358E-005
4.8399999999999190E+000	-1.0859801356621901E-005
4.8449999999999189E+000	-1.0876753802624428E-005
4.8499999999999188E+000	-1.0893666242628441E-005
4.8549999999999187E+000	-1.0910542798447942E-005
4.8599999999999186E+000	-1.0927389202275428E-005
4.8649999999999185E+000	-1.0944210435681612E-005
4.8699999999999184E+000	-1.0961010245225111E-005
4.8749999999999183E+000	-1.0977791135124981E-005
4.8799999999999182E+000	-1.0994554823340330E-005
4.8849999999999181E+000	-1.1011302514130072E-005
4.8899999999999180E+000	-1.1028034836435552E-005
4.8949999999999179E+000	-1.1044751924593754E-005
4.8999999999999178E+000	-1.1061453457639203E-005
4.9049999999999176E+000	-1.1078138786646541E-005
4.9099999999999175E+000	-1.1094807108813498E-005
4.9149999999999174E+000	-1.1111457371981714E-005
4.9199999999999173E+000	-1.1128088316048057E-005
4.9249999999999172E+000	-1.1144698600973335E-005
4.9299999999999171E+000	-1.1161299058093377E-005
4.9349999999999170E+000	-1.1177876248713581E-005
4.9399999999999169E+000	-1.1194429901162373E-005
4.9449999999999168E+000	-1.1210957681750955E-005
4.9499999999999167E+000	-1.1227457987095235E-005
4.9549999999999166E+000	-1.1243929533222285E-005
4.9599999999999165E+000	-1.1260370935572972E-005
4.9649999999999164E+000	-1.1276780889746263E-005
4.9699999999999163E+000	-1.1293158170944118E-005
4.9749999999999162E+000	-1.1309501525391674E-005
4.9799999999999160E+000	-1.1325809654794128E-005
4.9849999999999159E+000	-1.1342081387866187E-005
4.9899999999999158E+000	-1.1358315606724290E-005
4.9949999999999157E+000	-1.1374511172945745E-005
4.9999999999999156E+000	-1.1390666975530372E-005
5.0049999999999155E+000	-1.1406781845746394E-005
5.0099999999999154E+000	-1.1422854756637513E-005
5.0149999999999153E+000	-1.1437965123484162E-005
5.0199999999999152E+000	-1.1453102091163458E-005
5.0249999999999151E+000	-1.1468291155947163E-005
5.0299999999999150E+000	-1.1483490315655764E-005
5.0349999999999149E+000	-1.1498672435217294E-005
5.0399999999999148E+000	-1.1513824409115081E-005
5.0449999999999147E+000	-1.1528941029959050E-005
5.0499999999999146E+000	-1.1544019664300187E-005
5.0549999999999145E+000	-1.1559058160859337E-005
5.0599999999999143E+000	-1.1574054525342881E-005
5.0649999999999142E+000	-1.1589007084200631E-005
5.0699999999999141E+000	-1.1603914652824621E-005
5.0749999999999140E+000	-1.1618776298738531E-005
5.0799999999999139E+000	-1.1633591594506498E-005
5.0849999999999138E+000	-1.1648359053983981E-005
5.0899999999999137E+000	-1.1663077970736069E-005
5.0949999999999136E+000	-1.1677748172456148E-005
5.0999999999999135E+000	-1.1692368726223812E-005
5.1049999999999134E+000	-1.1706938220945595E-005
5.1099999999999133E+000	-1.1721456052105061E-005
5.1149999999999132E+000	-1.1735921221389667E-005
5.1199999999999131E+000	-1.1750332044702105E-005
5.1249999999999130E+000	-1.1764686775994626E-005
5.1299999999999129E+000	-1.1778984802091053E-005
5.1349999999999127E+000	-1.1793226264877887E-005
5.1399999999999126E+000	-1.1807411586794991E-005
5.1449999999999125E+000	-1.1821541793910484E-005
5.1499999999999124E+000	-1.1835618414335336E-005
5.1549999999999123E+000	-1.1849642405858951E-005
5.1599999999999122E+000	-1.1863612641715982E-005
5.1649999999999121E+000	-1.1877529215387206E-005
5.1699999999999120E+000	-1.1891392544316481E-005
5.1749999999999119E+000	-1.1905202682460647E-005
5.1799999999999118E+000	-1.1918959865742096E-005
5.1849999999999117E+000	-1.1932664498059964E-005
5.1899999999999116E+000	-1.1946317054589706E-005
5.1949999999999115E+000	-1.1959918317927531E-005
5.1999999999999114E+000	-1.1973468933446085E-005
5.2049999999999113E+000	-1.1986969754573806E-005
5.2099999999999111E+000	-1.2000421868774147E-005
5.2149999999999110E+000	-1.2013826217294188E-005
5.2199999999999109E+000	-1.2027183859619761E-005
5.2249999999999108E+000	-1.2040495786180827E-005
5.2299999999999107E+000	-1.2053763161379294E-005
5.2349999999999106E+000	-1.2066986939007762E-005
5.2399999999999105E+000	-1.2080168068084873E-005
5.2449999999999104E+000	-1.2093307556138022E-005
5.2499999999999103E+000	-1.2106406528045177E-005
5.2549999999999102E+000	-1.2119466146764957E-005
5.2599999999999101E+000	-1.2132487607674491E-005
5.2649999999999100E+000	-1.2145472083724407E-005
5.2699999999999099E+000	-1.2158420761965161E-005
5.2749999999999098E+000	-1.2171334827781877E-005
5.2799999999999097E+000	-1.2184215563260103E-005
5.2849999999999095E+000	-1.2197064205965447E-005
5.2899999999999094E+000	-1.2209882024216689E-005
5.2949999999999093E+000	-1.2222670276784697E-005
5.2999999999999092E+000	-1.2235430251972268E-005
5.3049999999999091E+000	-1.2248163230976772E-005
5.3099999999999090E+000	-1.2260870543068236E-005
5.3149999999999089E+000	-1.2273553546160443E-005
5.3199999999999088E+000	-1.2286213656342859E-005
5.3249999999999087E+000	-1.2298852259506887E-005
5.3299999999999086E+000	-1.2311470743986419E-005
5.3349999999999085E+000	-1.2324070493563433E-005
5.3399999999999084E+000	-1.2336652899458400E-005
5.3449999999999083E+000	-1.2349219366880604E-005
5.3499999999999082E+000	-1.2361771283830869E-005
5.3549999999999081E+000	-1.2374310041196601E-005
5.3599999999999079E+000	-1.2386837044520149E-005
5.3649999999999078E+000	-1.2399353700787152E-005
5.3699999999999077E+000	-1.2411861434191707E-005
5.3749999999999076E+000	-1.2424361640839265E-005
5.3799999999999075E+000	-1.2436855755471043E-005
5.3849999999999074E+000	-1.2449345207055096E-005
5.3899999999999073E+000	-1.2461831414567470E-005
5.3949999999999072E+000	-1.2467633844881476E-005
5.3999999999999071E+000	-1.2474027143105637E-005
5.4049999999999070E+000	-1.2481055457258527E-005
5.4099999999999069E+000	-1.2488406703092814E-005
5.4149999999999068E+000	-1.2495937300460724E-005
5.4199999999999067E+000	-1.2503589950196847E-005
5.4249999999999066E+000	-1.2511341796139774E-005
5.4299999999999065E+000	-1.2519180638936867E-005
5.4349999999999064E+000	-1.2527097149717115E-005
5.4399999999999062E+000	-1.2535082950848597E-005
5.4449999999999061E+000	-1.2543130755382492E-005
5.4499999999999060E+000	-1.2551234665147959E-005
5.4549999999999059E+000	-1.2559390008548554E-005
5.4599999999999058E+000	-1.2567593013712575E-005
5.4649999999999057E+000	-1.2575840585893339E-005
5.4699999999999056E+000	-1.2584130203552313E-005
5.4749999999999055E+000	-1.2592459881721751E-005
5.4799999999999054E+000	-1.2600991841971165E-005
5.4849999999999053E+000	-1.2609388698514579E-005
5.4899999999999052E+000	-1.2617724257646401E-005
5.4949999999999051E+000	-1.2626067406484864E-005
5.4999999999999050E+000	-1.2634439340297732E-005
5.5049999999999049E+000	-1.2642848244981408E-005
5.5099999999999048E+000	-1.2651294533538859E-005
5.5149999999999046E+000	-1.2659774605738860E-005
5.5199999999999045E+000	-1.2668285452432926E-005
5.5249999999999044E+000	-1.2676825836721584E-005
5.5299999999999043E+000	-1.2685395713751824E-005
5.5349999999999042E+000	-1.2694002859303666E-005
5.5399999999999041E+000	-1.2702643414352899E-005
5.5449999999999040E+000	-1.2711316431102127E-005
5.5499999999999039E+000	-1.2720024272883101E-005
5.5549999999999038E+000	-1.2728768529868262E-005
5.5599999999999037E+000	-1.2737550487251781E-005
5.5649999999999036E+000	-1.2746371326533001E-005
5.5699999999999035E+000	-1.2755231989625138E-005
5.5749999999999034E+000	-1.2764133165088509E-005
5.5799999999999033E+000	-1.2767056381868258E-005
5.5849999999999032E+000	-1.2770549549290244E-005
5.5899999999999030E+000	-1.2774669617354739E-005
5.5949999999999029E+000	-1.2779121861483667E-005
5.5999999999999028E+000	-1.2783769642976672E-005
5.6049999999999027E+000	-1.2788562725574160E-005
5.6099999999999026E+000	-1.2793481599548961E-005
5.6149999999999025E+000	-1.2798514011591600E-005
5.6199999999999024E+000	-1.2803649446446741E-005
5.6249999999999023E+000	-1.2808878430026205E-005
5.6299999999999022E+000	-1.2814192702270688E-005
5.6349999999999021E+000	-1.2819585278434076E-005
5.6399999999999020E+000	-1.2825050238141067E-005
5.6449999999999019E+000	-1.2830582461043072E-005
5.6499999999999018E+000	-1.2836177488040335E-005
5.6549999999999017E+000	-1.2841831472765186E-005
5.6599999999999016E+000	-1.2847541145721841E-005
5.6649999999999014E+000	-1.2853303736570787E-005
5.6699999999999013E+000	-1.2859116935381998E-005
5.6749999999999012E+000	-1.2864978834792318E-005
5.6799999999999011E+000	-1.2870887877047821E-005
5.6849999999999010E+000	-1.2876842785836118E-005
5.6899999999999009E+000	-1.2882842528538774E-005
5.6949999999999008E+000	-1.2888886278927814E-005
5.6999999999999007E+000	-1.2894973360655371E-005
5.7049999999999006E+000	-1.2901103226048427E-005
5.7099999999999005E+000	-1.2906658819256123E-005
5.7149999999999004E+000	-1.2912843779910865E-005
5.7199999999999003E+000	-1.2919060833005425E-005
5.7249999999999002E+000	-1.2924754448806475E-005
5.7299999999999001E+000	-1.2930435788427452E-005
5.7349999999999000E+000	-1.2936238351413110E-005
5.7399999999998998E+000	-1.2942141601079982E-005
5.7449999999998997E+000	-1.2948124078593359E-005
5.7499999999998996E+000	-1.2954171300094686E-005
5.7549999999998995E+000	-1.2960276818185790E-005
5.7599999999998994E+000	-1.2967612045722277E-005
5.7649999999998993E+000	-1.2974558871725606E-005
5.7699999999998992E+000	-1.2980916565319411E-005
5.7749999999998991E+000	-1.2986571222506349E-005
5.7799999999998990E+000	-1.2991635678472058E-005
5.7849999999998989E+000	-1.2996450638014245E-005
5.7899999999998988E+000	-1.3001174963611639E-005
5.7949999999998987E+000	-1.3005875666771693E-005
5.7999999999998986E+000	-1.3010577737171403E-005
5.8049999999998985E+000	-1.3015283214401485E-005
5.8099999999998984E+000	-1.3019988761908685E-005
5.8149999999998983E+000	-1.3025802101274131E-005
5.8199999999998981E+000	-1.3031508065752817E-005
5.8249999999998980E+000	-1.3037063847365360E-005
5.8299999999998979E+000	-1.3042522302386672E-005
5.8349999999998978E+000	-1.3047920908726418E-005
5.8399999999998977E+000	-1.3053274577123908E-005
5.8449999999998976E+000	-1.3058588437475649E-005
5.8499999999998975E+000	-1.3063866436957561E-005
5.8549999999998974E+000	-1.3069113295571810E-005
5.8599999999998973E+000	-1.3074334213603045E-005
5.8649999999998972E+000	-1.3079534314619501E-005
5.8699999999998971E+000	-1.3084718408218343E-005
5.8749999999998970E+000	-1.3089890797957082E-005
5.8799999999998969E+000	-1.3095055219847218E-005
5.8849999999998968E+000	-1.3100345642835798E-005
5.8899999999998967E+000	-1.3105489156894912E-005
5.8949999999998965E+000	-1.3110571747576572E-005
5.8999999999998964E+000	-1.3115521614981418E-005
5.9049999999998963E+000	-1.3120619316908666E-005
5.9099999999998962E+000	-1.3125715103701197E-005
5.9149999999998961E+000	-1.3130828083851576E-005
5.9199999999998960E+000	-1.3135943079278789E-005
5.9249999999998959E+000	-1.3141047638720593E-005
5.9299999999998958E+000	-1.3146146758735711E-005
5.9349999999998957E+000	-1.3151245497056152E-005
5.9399999999998956E+000	-1.3156343520392966E-005
5.9449999999998955E+000	-1.3161438883191323E-005
5.9499999999998954E+000	-1.3166530478225802E-005
5.9549999999998953E+000	-1.3171618096885496E-005
5.9599999999998952E+000	-1.3176701929462631E-005
5.9649999999998951E+000	-1.3181782318461011E-005
5.9699999999998949E+000	-1.3186859707192689E-005
5.9749999999998948E+000	-1.3191934579048770E-005
5.9799999999998947E+000	-1.3197007211029899E-005
5.9849999999998946E+000	-1.3202077888796460E-005
5.9899999999998945E+000	-1.3207146767779676E-005
5.9949999999998944E+000	-1.3212213930580141E-005
5.9999999999998943E+000	-1.3217279246968694E-005
6.0049999999998942E+000	-1.3222342495677886E-005
6.0099999999998941E+000	-1.3227403357296552E-005
6.0149999999998940E+000	-1.3232461479883995E-005
6.0199999999998939E+000	-1.3237516370834257E-005
6.0249999999998938E+000	-1.3242567551752238E-005
6.0299999999998937E+000	-1.3247614492173376E-005
6.0349999999998936E+000	-1.3252656680395880E-005
6.0399999999998935E+000	-1.3257693613821786E-005
6.0449999999998933E+000	-1.3262724848139840E-005
6.0499999999998932E+000	-1.3267749934597894E-005
6.0549999999998931E+000	-1.3272768414118730E-005
6.0599999999998930E+000	-1.3277779921772037E-005
6.0649999999998929E+000	-1.3282784056767305E-005
6.0699999999998928E+000	-1.3287780488369094E-005
6.0749999999998927E+000	-1.3292768864525684E-005
6.0799999999998926E+000	-1.3297748927110220E-005
6.0849999999998925E+000	-1.3302720412666780E-005
6.0899999999998924E+000	-1.3307682983132452E-005
6.0949999999998923E+000	-1.3312636404916312E-005
6.0999999999998922E+000	-1.3317580624061520E-005
6.1049999999998921E+000	-1.3322515525326928E-005
6.1099999999998920E+000	-1.3327440867794138E-005
6.1149999999998919E+000	-1.3332356274542434E-005
6.1199999999998917E+000	-1.3337261269175116E-005
6.1249999999998916E+000	-1.3342155529949551E-005
6.1299999999998915E+000	-1.3347038683719781E-005
6.1349999999998914E+000	-1.3351910290504421E-005
6.1399999999998913E+000	-1.3356770000361173E-005
6.1449999999998912E+000	-1.3361617565599282E-005
6.1499999999998911E+000	-1.3366452916718785E-005
6.1549999999998910E+000	-1.3371275708440322E-005
6.1599999999998909E+000	-1.3376085503558066E-005
6.1649999999998908E+000	-1.3380881928370947E-005
6.1699999999998907E+000	-1.3385664679788079E-005
6.1749999999998906E+000	-1.3390433536319968E-005
6.1799999999998905E+000	-1.3395188377729461E-005
6.1849999999998904E+000	-1.3399928971202790E-005
6.1899999999998903E+000	-1.3404655077042804E-005
6.1949999999998902E+000	-1.3409366514061105E-005
6.1999999999998900E+000	-1.3414062903449597E-005
6.2049999999998899E+000	-1.3418743528115229E-005
6.2099999999998898E+000	-1.3423408241175494E-005
6.2149999999998897E+000	-1.3428056658604248E-005
6.2199999999998896E+000	-1.3432688362402523E-005
6.2249999999998895E+000	-1.3437302820440422E-005
6.2299999999998894E+000	-1.3441899768262822E-005
6.2349999999998893E+000	-1.3446478412726393E-005
6.2399999999998892E+000	-1.3451038148093453E-005
6.2449999999998891E+000	-1.3455578897758613E-005
6.2499999999998890E+000	-1.3460100951712128E-005
6.2549999999998889E+000	-1.3464603923374341E-005
6.2599999999998888E+000	-1.3469086894257742E-005
6.2649999999998887E+000	-1.3473549875242519E-005
6.2699999999998886E+000	-1.3477993092814167E-005
6.2749999999998884E+000	-1.3482416857613089E-005
6.2799999999998883E+000	-1.3486821211716737E-005
6.2849999999998882E+000	-1.3491206076743367E-005
6.2899999999998881E+000	-1.3495571564381414E-005
6.2949999999998880E+000	-1.3499918118831111E-005
6.2999999999998879E+000	-1.3504246535678277E-005
6.3049999999998878E+000	-1.3508557087038575E-005
6.3099999999998877E+000	-1.3512849998953413E-005
6.3149999999998876E+000	-1.3517125983075751E-005
6.3199999999998875E+000	-1.3521385378467699E-005
6.3249999999998874E+000	-1.3525628374755350E-005
6.3299999999998873E+000	-1.3529855529270662E-005
6.3349999999998872E+000	-1.3534067180187570E-005
6.3399999999998871E+000	-1.3538263578416476E-005
6.3449999999998870E+000	-1.3542445145731108E-005
6.3499999999998868E+000	-1.3546612291359672E-005
6.3549999999998867E+000	-1.3550765556313848E-005
6.3599999999998866E+000	-1.3554905467283440E-005
6.3649999999998865E+000	-1.3559032540189087E-005
6.3699999999998864E+000	-1.3563147194251002E-005
6.3749999999998863E+000	-1.3567249850687801E-005
6.3799999999998862E+000	-1.3571340836460166E-005
6.3849999999998861E+000	-1.3575420603983979E-005
6.3899999999998860E+000	-1.3579489688164692E-005
6.3949999999998859E+000	-1.3583548584716887E-005
6.3999999999998858E+000	-1.3587597682440666E-005
6.4049999999998857E+000	-1.3591637403886914E-005
6.4099999999998856E+000	-1.3595668245436343E-005
6.4149999999998855E+000	-1.3599690671828313E-005
6.4199999999998854E+000	-1.3603705097731122E-005
6.4249999999998852E+000	-1.3607711923380172E-005
6.4299999999998851E+000	-1.3611711622618650E-005
6.4349999999998850E+000	-1.3615704472225154E-005
6.4399999999998849E+000	-1.3619691010879897E-005
6.4449999999998848E+000	-1.3623671698770323E-005
6.4499999999998847E+000	-1.3627646993974452E-005
6.4549999999998846E+000	-1.3631617435949650E-005
6.4599999999998845E+000	-1.3635583516968808E-005
6.4649999999998844E+000	-1.3639545692334387E-005
6.4699999999998843E+000	-1.3643504399363238E-005
6.4749999999998842E+000	-1.3647460084142971E-005
6.4799999999998841E+000	-1.3651413138027202E-005
6.4849999999998840E+000	-1.3654645769300977E-005
6.4899999999998839E+000	-1.3658000244443080E-005
6.4949999999998838E+000	-1.3661464298486692E-005
6.4999999999998836E+000	-1.3664989278794337E-005
6.5049999999998835E+000	-1.3668549003753583E-005
6.5099999999998834E+000	-1.3672134510755996E-005
6.5149999999998833E+000	-1.3675741655894136E-005
6.5199999999998832E+000	-1.3679367100616346E-005
6.5249999999998831E+000	-1.3683008398768237E-005
6.5299999999998830E+000	-1.3686663861367521E-005
6.5349999999998829E+000	-1.3690332105520397E-005
6.5399999999998828E+000	-1.3694842042499822E-005
6.5449999999998827E+000	-1.3699227872643327E-005
6.5499999999998826E+000	-1.3703498442207973E-005
6.5549999999998825E+000	-1.3707707582910622E-005
6.5599999999998824E+000	-1.3711884382372475E-005
6.5649999999998823E+000	-1.3716039071409725E-005
6.5699999999998822E+000	-1.3720176499476544E-005
6.5749999999998820E+000	-1.3724300705009185E-005
6.5799999999998819E+000	-1.3728414787528287E-005
6.5849999999998818E+000	-1.3732521131681885E-005
6.5899999999998817E+000	-1.3736621801596627E-005
6.5949999999998816E+000	-1.3740718731614088E-005
6.5999999999998815E+000	-1.3744813668448153E-005
6.6049999999998814E+000	-1.3748908217703359E-005
6.6099999999998813E+000	-1.3753003863525848E-005
6.6149999999998812E+000	-1.3757101943734362E-005
6.6199999999998811E+000	-1.3761203655038301E-005
6.6249999999998810E+000	-1.3765310072244574E-005
6.6299999999998809E+000	-1.3769422162579481E-005
6.6349999999998808E+000	-1.3773540786909955E-005
6.6399999999998807E+000	-1.3777666724945625E-005
6.6449999999998806E+000	-1.3781800672796329E-005
6.6499999999998805E+000	-1.3785943259070343E-005

 
