0.	1.4346292337787463e-30
0.031415926535897934	1.3175643611623682e-9
0.06283185307179587	2.108058183801914e-8
0.09424777960769379	1.0671666406103303e-7
0.12566370614359174	3.3726061287738265e-7
0.15707963267948966	8.233375507517885e-7
0.18849555921538758	1.707139216834139e-6
0.21991148575128555	3.1623933423617637e-6
0.25132741228718347	5.394325994682504e-6
0.2827433388230814	8.639616754966027e-6
0.3141592653589793	0.000013166346570701029
0.34557519189487723	0.000019273938100378343
0.37699111843077515	0.00002729308834442639
0.4084070449666731	0.0000375856933334063
0.4398229715025711	0.00005054476462191994
0.47123889803846897	0.000066594337314606
0.5026548245743669	0.00008618936932877654
0.5340707511102649	0.0001098156315773528
0.5654866776461628	0.00013798958873503152
0.5969026041820606	0.00017125827023096776
0.6283185307179586	0.00021019913109148285
0.6597344572538565	0.00025541990223861016
0.6911503837897545	0.0003075584298314559
0.7225663103256524	0.00036728250322137475
0.7539822368615503	0.00043528967107463466
0.7853981633974483	0.0005123070452022647
0.8168140899333463	0.0005990910916207876
0.8482300164692442	0.000696427408355562
0.8796459430051422	0.0008051304894848014
0.91106186954104	0.0009260434749111748
0.9424777960769379	0.0010600378853380472
0.9738937226128359	0.001208013341916991
1.0053096491487339	0.0013708972700257327
1.0367255756846319	0.0015496445866284149
1.0681415022205298	0.0017452373706639066
1.0995574287564276	0.001958684515903768
1.1309733552923256	0.0021910213657174633
1.1623892818282235	0.0024433093291805173
1.1938052083641213	0.0027166354779609193
1.2252211349000193	0.0030121121234182075
1.2566370614359172	0.0033308763733542264
1.2880529879718152	0.0036740896678541866
1.319468914507713	0.004042937293664793
1.350884841043611	0.0044386278765601245
1.382300767579509	0.004862392851154451
1.413716694115407	0.005315485907630133
1.4451326206513049	0.0057991824148593465
1.4765485471872029	0.0063147788194100555
1.5079644737231006	0.006863592019941054
1.5393804002589986	0.007446958716505161
1.5707963267948966	0.008066234734296988
1.6022122533307945	0.00872279432139986
1.6336281798666925	0.009418029420105986
1.6650441064025905	0.010153348911406254
1.6964600329384885	0.010930177832265965
1.7278759594743864	0.011749956565333439
1.7592918860102844	0.012614140000747412
1.7907078125461822	0.013524196669741601
1.82212373908208	0.014481607849771988
1.853539665617978	0.015487866640924589
1.8849555921538759	0.01654447701339026
1.9163715186897738	0.01765295282583298
1.9477874452256718	0.018814816814505454
1.9792033717615696	0.020031599553010593
2.0106192982974678	0.021304838382638348
2.0420352248333655	0.022636076313252332
2.0734511513692637	0.024026860894739377
2.1048670779051615	0.02547874305907461
2.1362830044410597	0.026993275933107963
2.1676989309769574	0.028572013622206224
2.199114857512855	0.030216509964950088
2.230530784048753	0.03192831725911633
2.261946710584651	0.0337089849592361
2.293362637120549	0.035560058346059985
2.324778563656447	0.037483077168317495
2.356194490192345	0.03947957425720847
2.3876104167282426	0.04155107411411281
2.419026343264141	0.04369909147206544
2.4504422698000385	0.045925129831587364
2.4818581963359367	0.04823067997152765
2.5132741228718345	0.05061721843562333
2.5446900494077327	0.053086205995532126
2.5761059759436304	0.055639086091168063
2.6075219024795286	0.058277283249202616
2.638937829015426	0.061002201480671925
2.670353755551324	0.06381522265867512
2.701769682087222	0.06671770487720995
2.73318560862312	0.06971098079225296
2.764601535159018	0.07279635594624113
2.796017461694916	0.07597510707717454
2.827433388230814	0.0792484804136161
2.858849314766712	0.08261768995691814
2.8902652413026098	0.08608391575206582
2.921681167838508	0.08964830214857793
2.9530970943744057	0.09331195605296466
2.9845130209103035	0.09707594517429383
3.015928947446201	0.10094129626447282
3.0473448739820994	0.10490899335490042
3.078760800517997	0.10897997599119778
3.1101767270538954	0.11315513746778727
3.141592653589793	0.11743532306410392
3.173008580125691	0.12182132828432223
3.204424506661589	0.12631389710247648
3.235840433197487	0.13091372021493164
3.267256359733385	0.13562143330218399
3.2986722862692828	0.1404376153020245
3.330088212805181	0.1453627866961306
3.3615041393410787	0.1503974078121817
3.392920065876977	0.15554187714364365
3.4243359924128747	0.16079652968938396
3.455751918948773	0.166161635315324
3.4871678454846706	0.1716373971403406
3.518583772020569	0.1772239499486806
3.5499996985564666	0.18292135863114978
3.5814156250923643	0.188729616657375
3.6128315516282625	0.1946486445814342
3.64424747816416	0.20067828858319306
3.6756634047000576	0.20681831904765494
3.707079331235956	0.21306842918468924
3.7384952577718535	0.21942823369144565
3.7699111843077517	0.22589726745983363
3.8013271108436495	0.2324749843313709
3.8327430373795477	0.23916075590175956
3.8641589639154454	0.24595387037750052
3.8955748904513436	0.2528535314868579
3.9269908169872414	0.2598588574474647
3.958406743523139	0.26696887999285285
3.9898226700590373	0.27418254346013765
4.0212385965949355	0.2814987039410992
4.052654523130833	0.2889161284988269
4.084070449666731	0.2964334944521019
4.115486376202629	0.3040493887296171
4.1469023027385274	0.31176230729611987
4.178318229274425	0.31957065465248097
4.209734155810323	0.32747274341168714
4.241150082346221	0.335466793952673
4.272566008882119	0.34355093415383114
4.303981935418017	0.3517231992080397
4.335397861953915	0.35998153152089946
4.366813788489813	0.3683237806938793
4.39822971502571	0.37674770359393905
4.429645641561608	0.38525096451116364
4.461061568097506	0.39383113540581294
4.492477494633404	0.40248569624618113
4.523893421169302	0.4112120354384831
4.5553093477052	0.4200074503499727
4.586725274241098	0.42886914792636405
4.6181412007769955	0.4377942454045151
4.649557127312894	0.4467797711212946
4.680973053848792	0.45582266541936683
4.71238898038469	0.4649197816505972
4.743804906920587	0.47406788727762333
4.775220833456485	0.4832636650740438
4.806636759992384	0.49250371442356766
4.838052686528282	0.5017845527183263
4.869468613064179	0.5111026168564733
4.900884539600077	0.5204542648390172
4.932300466135976	0.5298357774657708
4.9637163926718735	0.5392433601301343
4.995132319207771	0.5486731447123012
5.026548245743669	0.558121191570393
5.057964172279568	0.5675834916288427
5.089380098815465	0.5770559685632354
5.120796025351363	0.5865344810807228
5.152211951887261	0.5960148252949147
5.183627878423159	0.6054927371940985
5.215043804959057	0.6149638952014589
5.246459731494954	0.624423922825835
5.277875658030852	0.6338683914014437
5.3092915845667505	0.6432928229148529
5.340707511102648	0.6526926929173287
5.372123437638546	0.6620634335205977
5.403539364174444	0.6714004364738989
5.4349552907103424	0.6806990563200753
5.46637121724624	0.6899546136283196
5.497787143782138	0.6991623983010852
5.529203070318036	0.7083176729525292
5.5606189968539335	0.7174156763557131
5.592034923389832	0.7264516269556963
5.62345084992573	0.7354207264455291
5.654866776461628	0.7443181634020114
5.686282702997525	0.7531391169779934
5.717698629533424	0.7618787606478897
5.749114556069322	0.7705322660029184
5.7805304826052195	0.7790948065925483
5.811946409141117	0.787561561808457
5.843362335677016	0.7959277208072778
5.874778262212914	0.8041884864682554
5.906194188748811	0.8123390793818666
5.937610115284709	0.8203747418654157
5.969026041820607	0.8282907420014402
6.000441968356506	0.8360823776947899
6.031857894892402	0.8437449807440892
6.0632738214283	0.8512739209232717
6.094689747964199	0.8586646100688106
6.126105674500097	0.865912506168171
6.157521601035994	0.8730131174450422
6.188937527571892	0.8799620064367409
6.220353454107791	0.8867547940593107
6.2517693806436885	0.893387163655587
6.283185307179586	0.8998548650216855
6.314601233715485	0.9061537184072085
6.346017160251382	0.9122796184845099
6.37743308678728	0.9182285382823306
6.408849013323178	0.923996533079112
6.440264939859075	0.9295797442513234
6.471680866394974	0.9349744030721167
6.503096792930871	0.9401768344556564
6.53451271946677	0.9451834606424953
6.565928646002667	0.9499908048214024
6.5973445725385655	0.95459549468305
6.628760499074463	0.9589942659010895
6.660176425610362	0.9631839655360865
6.691592352146259	0.9671615553579453
6.7230082786821574	0.9709241150824399
6.754424205218055	0.9744688455175853
6.785840131753954	0.9777930716156626
6.817256058289851	0.9808942454267182
6.848671984825749	0.9837699489495525
6.880087911361647	0.9864178968762536
6.911503837897546	0.9888359392264101
6.942919764433443	0.9910220638673068
6.974335690969341	0.9929743989164643
7.005751617505239	0.9946912150230188
7.037167544041138	0.9961709275246292
7.0685834705770345	0.9974120984765728
7.099999397112933	0.9984134385500231
7.13141532364883	0.9991738087964761
7.162831250184729	0.9996922222755629
7.194247176720626	0.9999678455435462
7.225663103256525	0.9999999999999999
7.257079029792422	0.9997881630903598
7.28849495632832	0.9993319693621207
7.319910882864218	0.9986312113726898
7.351326809400115	0.9976858404470657
7.382742735936014	0.9964959672836733
7.414158662471912	0.9950618624068771
7.44557458900781	0.993383956464867
7.476990515543707	0.9914628403718468
7.508406442079606	0.9892992652935451
7.5398223686155035	0.9868941424753879
7.571238295151402	0.9842485429127408
7.602654221687299	0.9813636968629317
7.634070148223198	0.9782409931988804
7.665486074759095	0.9748819786044098
7.696902001294994	0.9712883566115046
7.728317927830891	0.9674619864799587
7.7597338543667895	0.9634048819200769
7.791149780902687	0.959119209659313
7.822565707438586	0.9546072878538778
7.853981633974483	0.9498715843466063
7.885397560510381	0.9449147147725142
7.916813487046278	0.9397394405137329
7.948229413582177	0.9343486665056939
7.979645340118075	0.9287454388965539
8.011061266653973	0.9229329425621734
8.042477193189871	0.916914498479079
8.073893119725767	0.9106935609579744
8.105309046261667	0.9042737147406943
8.136724972797564	0.8976586719635556
8.168140899333462	0.8908522689902567
8.19955682586936	0.8838584631177417
8.230972752405258	0.876681329158468
8.262388678941155	0.8693250559028383
8.293804605477055	0.8617939424655995
8.32522053201295	0.8540923945202258
8.35663645854885	0.8462249204254562
8.388052385084748	0.8381961272483014
8.419468311620646	0.8300107166879055
8.450884238156544	0.8216734809049643
8.482300164692441	0.8131892982612787
8.51371609122834	0.8045631289743815
8.545132017764239	0.7958000106921421
8.576547944300135	0.7869050539924383
8.607963870836034	0.777883437813024
8.63937979737193	0.7687404048169109
8.67079572390783	0.7594812566985683
8.702211650443727	0.7501113494364222
8.733627576979625	0.7406360884970971
8.765043503515523	0.7310609239970678
8.79645943005142	0.7213913458272659
8.827875356587318	0.7116328787463905
8.859291283123216	0.7017910774486292
8.890707209659114	0.6918715216115486
8.922123136195012	0.6818798109299701
8.953539062730911	0.6718215601416144
8.984954989266807	0.661702394050366
9.016370915802707	0.6515279425529553
9.047786842338605	0.6413038356749109
9.079202768874502	0.6310356986215556
9.1106186954104	0.6207291468498553
9.142034621946298	0.6103897811668594
9.173450548482196	0.6000231828604641
9.204866475018095	0.5896349088681561
9.236282401553991	0.5792304869893571
9.26769832808989	0.5688154111469205
9.299114254625788	0.5583951367032729
9.330530181161686	0.5479750758365768
9.361946107697584	0.5375605929822824
9.393362034233482	0.5271570003452387
9.42477796076938	0.5167695534875355
9.456193887305279	0.5064034469970582
9.487609813841175	0.49606381024168444
9.519025740377074	0.4857557032138859
9.55044166691297	0.4754841124703919
9.58185759344887	0.4652539471714325
9.613273519984768	0.4550700352239334
9.644689446520665	0.4449371195328922
9.676105373056563	0.43485985436500163
9.707521299592461	0.4248428018284542
9.738937226128359	0.4148904284726467
9.770353152664256	0.40500710201139234
9.801769079200154	0.3951970881730336
9.833185005736052	0.38546454768068855
9.864600932271951	0.3758135333656537
9.896016858807847	0.36624798741685327
9.927432785343747	0.35677173876896734
9.958848711879645	0.34738850063172233
9.990264638415542	0.33810186816260934
10.02168056495144	0.32891531628511983
10.053096491487338	0.31983219765433013
10.084512418023236	0.3108557407715305
10.115928344559135	0.30198904824934236
10.147344271095031	0.2932350952285585
10.17876019763093	0.2845967279477621
10.210176124166829	0.2760766624665337
10.241592050702726	0.2676774835428704
10.273007977238624	0.2594016436652113
10.304423903774522	0.25125146223926514
10.33583983031042	0.2432291249296185
10.367255756846317	0.23533668315588782
10.398671683382215	0.22757605374298692
10.430087609918115	0.2199490187248448
10.46150353645401	0.21245722530073666
10.492919462989908	0.20510218594315818
10.524335389525808	0.19788527865597977
10.555751316061704	0.1908077473814393
10.587167242597603	0.18387070255428986
10.618583169133501	0.1770751218012862
10.649999095669399	0.17042185078393735
10.681415022205297	0.163911604182336
10.712830948741194	0.1575449668176327
10.744246875277092	0.15132239491059207
10.775662801812992	0.1452442174734657
10.807078728348888	0.13931063783226819
10.838494654884787	0.13352173527637043
10.869910581420685	0.12787746683217105
10.901326507956583	0.12237766915745431
10.93274243449248	0.11702206055290269
10.964158361028378	0.11181024308708067
10.995574287564276	0.10674170483109797
11.026990214100175	0.1018158221989992
11.058406140636071	0.09703186238983874
11.089822067171971	0.09238898592727296
11.121237993707867	0.08788624929239318
11.152653920243766	0.08352260764542911
11.184069846779664	0.07929691763186301
11.215485773315562	0.07520794026840122
11.24690169985146	0.07125434390418409
11.278317626387357	0.06743470725253634
11.309733552923255	0.06374752248850292
11.341149479459153	0.06019119840736232
11.37256540599505	0.05676406363925729
11.403981332530948	0.053464369915050346
11.435397259066848	0.05029029537847528
11.466813185602744	0.04723994793963827
11.498229112138644	0.04431136866489875
11.529645038674541	0.041502535198162424
11.561060965210439	0.03881136520860725
11.592476891746337	0.036235719859883816
11.623892818282235	0.033773407295833516
11.655308744818132	0.03142218613780254
11.686724671354032	0.02917976898865053
11.718140597889928	0.027043825938597832
11.749556524425827	0.02501198806809311
11.780972450961723	0.023081850942943714
11.812388377497623	0.021250978097000186
11.84380430403352	0.019516904497761903
11.875220230569418	0.017877139990335973
11.906636157105316	0.01632917271526665
11.938052083641214	0.014870472495832544
11.969468010177112	0.013498494190507153
12.000883936713011	0.012210681006368705
12.032299863248907	0.011004467769357535
12.063715789784805	0.009877284147379217
12.095131716320704	0.008826557822375358
12.1265476428566	0.00784971760759649
12.1579635693925	0.006944196506441027
12.189379495928398	0.00610743470935153
12.220795422464295	0.005336882525393897
12.252211349000193	0.004630003245283083
12.283627275536091	0.00398427593276083
12.315043202071989	0.0033971981413775756
12.346459128607888	0.0028662885538768865
12.377875055143784	0.0023890895415370084
12.409290981679684	0.001963169640974683
12.440706908215581	0.001586125946077083
12.47212283475148	0.001255586412885726
12.503538761287377	0.0009692120754183597
12.534954687823275	0.0007246991705779809
12.566370614359172	0.000519781170463077
12.59778654089507	0.0003522307205586835
12.62920246743097	0.00021986148245475
12.660618393966868	0.00012052987990505288
12.692034320502763	0.000052136747207418196
12.723450247038661	0.000012628879053373853
12.75486617357456	4.81161946097167e-10
12.786282100110459	0.00001229452117884952
12.817698026646356	0.00004760397948748172
12.849113953182254	0.00010407299974240642
12.88052987971815	0.00017989793909862993
12.911945806254051	0.00027332831827090885
12.943361732789947	0.00038266767171634384
12.974777659325845	0.0005062742983901747
13.006193585861743	0.0006425619136789222
13.037609512397642	0.0007900002032662382
13.06902543893354	0.000947115279835874
13.100441365469438	0.0011124900436605702
13.131857292005334	0.0012847644482681345
13.163273218541235	0.0014626356725139541
13.194689145077131	0.0016448582005230143
13.226105071613029	0.0018302438110953114
13.257520998148927	0.002017661478294419
13.288936924684826	0.0022060371850594358
13.320352851220724	0.002394353651799258
13.351768777756622	0.0025816499820383223
13.383184704292518	0.002767021227292095
13.414600630828419	0.002949617873450057
13.446016557364315	0.003128645251044416
13.477432483900213	0.0033033628718710556
13.50884841043611	0.0034730836945170767
13.54026433697201	0.003637173321430466
13.571680263507908	0.003795049130240285
13.603096190043804	0.003946179342108233
13.634512116579701	0.0040900820299529005
13.665928043115601	0.004226324069448021
13.697343969651499	0.00435452003574716
13.728759896187396	0.004474331048933125
13.760175822723294	0.004585463571231247
13.79159174925919	0.004687668159058532
13.823007675795091	0.004780738173011265
13.854423602330987	0.004864508448913448
13.885839528866885	0.0049388539330665095
13.917255455402783	0.005003688284851762
13.948671381938683	0.005058962449840462
13.98008730847458	0.005104663206566264
14.011503235010478	0.005140811690109142
14.042919161546374	0.005167461895625587
14.074335088082275	0.005184699164944453
14.105751014618171	0.005192638659322897
14.137166941154069	0.005191423821429696
14.168582867689967	0.0051812248295885766
14.199998794225866	0.005162237047275789
14.231414720761764	0.005134679470823363
14.26283064729766	0.005098793178228609
14.294246573833558	0.0050548397819200255
14.325662500369457	0.005003099888269882
14.357078426905355	0.004943871566582476
14.388494353441253	0.004877468830221303
14.41991027997715	0.004804220132466545
14.45132620651305	0.004724466879621921
14.482742133048948	0.004638561963810683
14.514158059584844	0.004546868317819995
14.545573986120742	0.004449757494268682
14.57698991265664	0.004347608271284473
14.608405839192539	0.004240805286788055
14.639821765728437	0.004129737703386736
14.671237692264334	0.004014797905785968
14.70265361880023	0.003896380232528329
14.734069545336132	0.003774879743770371
14.765485471872028	0.003650691026706296
14.796901398407925	0.0035242070401431598
14.828317324943823	0.003395817999628946
14.859733251479723	0.0032659103044288965
14.89114917801562	0.0031348655075381245
14.922565104551516	0.0030030593298122133
14.953981031087414	0.0028708607191891737
14.985396957623315	0.002738630955868427
15.016812884159211	0.0026067228042036083
15.04822881069511	0.00247547971195918
15.079644737231007	0.0023452350574723864
15.111060663766906	0.0022163114451556223
15.142476590302804	0.0020890200496673176
15.1738925168387	0.001963660008975755
15.205308443374598	0.0018405178664342048
15.236724369910498	0.00171986706188469
15.268140296446395	0.0016019674717061704
15.299556222982293	0.0014870649976227435
15.33097214951819	0.0013753912039918274
15.362388076054087	0.0012671630031946815
15.393804002589988	0.0011625823886607023
15.425219929125884	0.0010618362149648162
15.456635855661782	0.0009650960243496395
15.48805178219768	0.0008725179189390745
15.519467708733579	0.0007842424778267607
15.550883635269477	0.0007003947181437775
15.582299561805375	0.0006210840991334836
15.61371548834127	0.0005464045681878851
15.645131414877172	0.000476434647730174
15.676547341413068	0.0004112375617618698
15.707963267948966	0.0003508614008295102
15.739379194484863	0.00029533932410691306
15.770795121020763	0.0002446897972332501
15.80221104755666	0.00019891686449512438
15.833626974092557	0.0001580104538928115
15.865042900628454	0.00012194671358666526
15.896458827164354	0.00009068837817903809
15.927874753700252	0.00006418516325084003
15.95929068023615	0.000042374186539291674
15.990706606772047	0.000025180414114833397
16.022122533307947	0.000012517129890689754
16.053538459843843	4.286426777903626e-6
16.084954386379742	3.797177820915257e-7
16.116370312915638	6.782653254619452e-7
16.147786239451534	5.053727068890121e-6
16.179202165987437	0.000013368716503954575
16.210618092523333	0.00002547737658382027
16.24203401905923	0.000041225964664629114
16.27344994559513	0.00006045344703554152
16.30486587213103	0.00008299210132577695
16.336281798666924	0.00010866812509078537
16.367697725202824	0.00013730224889699785
16.39911365173872	0.0001687103522453275
16.43052957827462	0.0002027040806978065
16.461945504810515	0.00023909146259898232
16.493361431346415	0.00027767752381432204
16.52477735788231	0.00031826489894138033
16.55619328441821	0.0003606544374860691
16.58760921095411	0.00040464580353552113
16.619025137490006	0.0004500380675013014
16.6504410640259	0.0004966302885510193
16.6818569905618	0.0005442220863935615
16.7132729170977	0.0005926142011324546
16.744688843633597	0.0006416090399532913
16.776104770169496	0.0006910112094645424
16.807520696705396	0.000740628032566698
16.838936623241292	0.0007902700487813405
16.870352549777188	0.0008397514970307976
16.901768476313087	0.0008888907799189
16.933184402848983	0.0009375109086245868
16.964600329384883	0.000985439927582937
16.996016255920782	0.0010325113181912499
17.02743218245668	0.0010785643808421807
17.058848108992574	0.0011234445946510824
17.090264035528477	0.0011670039543094938
17.121679962064373	0.0012091012835631955
17.15309588860027	0.0012496025248786965
17.18451181513617	0.0012883810049281327
17.21592774167207	0.0013253176755884616
17.247343668207964	0.001360301330216633
17.27875959474386	0.0013932287950273335
17.31017552127976	0.0014240050954648184
17.34159144781566	0.0014525435975244261
17.373007374351555	0.0014787661240423012
17.404423300887455	0.0015026030460343054
17.43583922742335	0.001523993349226434
17.46725515395925	0.0015428846759784646
17.49867108049515	0.0015592333428618285
17.530087007031046	0.0015730043342094277
17.561502933566942	0.001584171272011181
17.59291886010284	0.0015927163625823395
17.62433478663874	0.001598630320484683
17.655750713174637	0.0016019122702304056
17.687166639710536	0.0016025696263469074
17.718582566246432	0.001600617952427429
17.749998492782332	0.0015960807998360769
17.781414419318228	0.0015889895267781002
17.812830345854128	0.0015793830984859923
17.844246272390023	0.0015673078693090286
17.875662198925923	0.00155281734752902
17.907078125461823	0.00153597194375763
17.93849405199772	0.0015168387038002264
17.969909978533614	0.0014954910268990367
18.001325905069518	0.0014720083702930004
18.032741831605414	0.0014464759410541964
18.06415775814131	0.0014189843761800742
18.09557368467721	0.0013896294119379409
18.12698961121311	0.0013585115434724927
18.158405537749005	0.0013257356756987315
18.1898214642849	0.0012914107665118566
18.2212373908208	0.0012556494633518625
18.2526533173567	0.0012185677341648884
18.284069243892596	0.0011802844938038342
18.315485170428495	0.001140921226910076
18.34690109696439	0.001100601608313706
18.37831702350029	0.0010594511219836965
18.40973295003619	0.0010175966795501101
18.441148876572086	0.0009751662394095515
18.472564803107982	0.0009322884274112201
18.50398072964388	0.0008890921601050909
18.53539665617978	0.0008457062715154703
18.566812582715677	0.000802259144383014
18.598228509251577	0.0007588783467956823
18.629644435787473	0.000715690275104909
18.661060362323372	0.0006728198039966287
18.692476288859268	0.0006303899445588396
18.723892215395168	0.000588521511157283
18.755308141931064	0.00054733279789905
18.786724068466963	0.000506939265431116
18.818139995002863	0.00046745323878554315
18.84955592153876	0.00042898361694748764
18.880971848074655	0.00039163559478454956
18.912387774610558	0.00035551039793744245
18.943803701146454	0.0003207050312325832
18.97521962768235	0.00028731204113632754
19.00663555421825	0.00025541929272941135
19.03805148075415	0.00022510976163783378
19.069467407290045	0.00019646134131374033
19.10088333382594	0.00016954666601630818
19.13229926036184	0.000144432949799229
19.16371518689774	0.00012118184176698584
19.195131113433636	0.00009984929781808818
19.226547039969535	0.0000804854690490092
19.25796296650543	0.0000631346069482675
19.28937889304133	0.00004783498546590452
19.32079481957723	0.00003461883999964399
19.352210746113126	0.000023512323295416515
19.383626672649022	0.000014535478216753507
19.415042599184922	7.70222729492881e-6
19.44645852572082	3.020378929701266e-6
19.477874452256717	4.916500692876318e-7
19.509290378792617	1.1170515776198508e-7
19.540706305328513	1.8702110985531745e-6
19.572122231864412	5.750907944219912e-6
19.60353815840031	0.000011731694985273495
19.634954084936208	0.000019784731874583
19.666370011472104	0.000029876554388893167
19.697785938008003	0.000041968204395350345
19.729201864543903	0.00005601537355859551
19.7606177910798	0.00007196856029329239
19.792033717615695	0.00008977323943747089
19.823449644151594	0.00010937004409457492
19.854865570687494	0.00013069495906581208
19.88628149722339	0.00015367952527015307
19.91769742375929	0.00017825105452653895
19.94911335029519	0.0002043328540519913
19.980529276831085	0.0002318444600102242
20.01194520336698	0.00026070187942795554
20.04336112990288	0.0002908178397808198
20.07477705643878	0.00032210204553719543
20.106192982974676	0.00035446144093644505
20.137608909510575	0.0003878004782686197
20.16902483604647	0.0004220213909144536
20.200440762582367	0.0004570244703989409
20.23185668911827	0.0004927083467074533
20.263272615654166	0.0005289702711113478
20.294688542190062	0.0005657064007500131
20.326104468725962	0.0006028120842176108
20.35752039526186	0.0006401821474065156
20.388936321797758	0.0006777111788648411
20.420352248333657	0.0007152938139325513
20.451768174869553	0.0007528250169295236
20.483184101405453	0.0007902003606797851
20.51460002794135	0.0008273163026683549
20.546015954477248	0.0008640704571413722
20.577431881013144	0.0009003618624755102
20.608847807549044	0.000936091243160217
20.640263734084943	0.0009711612657547459
20.67167966062084	0.0010054767882022404
20.703095587156735	0.0010389451019045758
20.734511513692635	0.0010714761659842624
20.765927440228534	0.0011029828331845654
20.79734336676443	0.0011333810668829694
20.82875929330033	0.001162590148720887
20.86017521983623	0.001190532876378662
20.891591146372125	0.0012171357510543537
20.92300707290802	0.0012423291542330043
20.95442299944392	0.0012660475133641365
20.985838925979817	0.0012882294560950707
21.017254852515716	0.001308817952739867
21.048670779051616	0.0013277604466949385
21.08008670558751	0.0013450089725455653
21.111502632123408	0.0013605202616395955
21.14291855865931	0.0013742558349386714
21.174334485195207	0.001386182082989617
21.205750411731103	0.001396270332893396
21.237166338267002	0.0014044969021814219
21.2685822648029	0.001410843139543476
21.299998191338798	0.0014152954523844834
21.331414117874694	0.0014178453212208713
21.362830044410593	0.00141848930095988
21.394245970946493	0.0014172290091386173
21.42566189748239	0.001414071101230946
21.45707782401829	0.0014090272331627283
21.488493750554184	0.0014021140112069172
21.519909677090084	0.0013933529294602306
21.551325603625983	0.0013827702951335332
21.58274153016188	0.0013703971419163515
21.614157456697775	0.0013562691317048888
21.645573383233675	0.0013404264450093447
21.676989309769574	0.0013229136603835556
21.70840523630547	0.001303779623244211
21.73982116284137	0.001283077304472036
21.771237089377266	0.0012608636492096594
21.802653015913165	0.0012371994162931172
21.83406894244906	0.0012121490087744333
21.86548486898496	0.0011857802960120417
21.896900795520857	0.0011581644278239962
21.928316722056756	0.001129375641215342
21.959732648592656	0.0010994910602067508
21.991148575128552	0.0010685904893048257
22.022564501664448	0.001036756201167704
22.05398042820035	0.0010040727190300132
22.085396354736247	0.0009706265944608837
22.116812281272143	0.0009365061810373683
22.148228207808042	0.0009018014045212118
22.179644134343942	0.0008666035301330723
22.211060060879838	0.0008310049275210155
22.242475987415734	0.0007950988340227436
22.273891913951633	0.0007589791168214159
22.305307840487533	0.000722740034594077
22.33672376702343	0.0006864759992492558
22.36813969355933	0.0006502813383466811
22.399555620095224	0.0006142500587866523
22.430971546631124	0.0005784756123500156
22.462387473167023	0.0005430506636616185
22.49380339970292	0.000508066861140636
22.525219326238815	0.0004736146114906082
22.556635252774715	0.0004397828582698144
22.588051179310614	0.00040665886506932635
22.61946710584651	0.0003743280038117393
22.65088303238241	0.00034287354866768805
22.682298958918306	0.0003123764760706208
22.713714885454205	0.0002829152712923361
22.7451308119901	0.0002545657420229326
22.776546738526	0.00022740083937883908
22.807962665061897	0.0002014904867420141
22.839378591597796	0.00017690141681143075
22.870794518133696	0.0001536970172258493
22.902210444669592	0.00013193718509334844
22.933626371205488	0.00011167819073946812
22.965042297741388	0.00009297255096114112
22.996458224277287	0.00007586891204860762
23.027874150813183	0.00006041194281190881
23.059290077349083	0.00004664223782267702
23.090706003884982	0.00003459623105547617
23.122121930420878	0.000024306120086451058
23.153537856956774	0.000015799800980086967
23.184953783492674	9.100813967972318e-6
23.216369710028573	4.228299996305383e-6
23.24778563656447	1.1969681917739519e-6
23.27920156310037	1.7074268375008426e-8
23.310617489636265	6.944098707835255e-7
23.34203341617216	3.2303028230572056e-6
23.373449342708064	7.621628224936367e-6
23.40486526924396	0.000013860830311735814
23.436281195779856	0.000021935954967944365
23.467697122315755	0.00003183069275916648
23.499113048851655	0.000043524432322103056
23.53052897538755	0.00005699232392777284
23.561944901923447	0.00007220535300941088
23.593360828459346	0.00008913042342323877
23.624776754995246	0.00010773045018785135
23.65619268153114	0.00012796446142625923
23.68760860806704	0.00014978770921369327
23.719024534602937	0.0001731517890141944
23.750440461138837	0.00019800476736992511
23.781856387674736	0.00022429131748879624
23.813272314210632	0.00025195286235885436
23.844688240746528	0.0002809277250015576
23.876104167282428	0.0003111512854609075
23.907520093818327	0.00034255614411127
23.938936020354223	0.0003750722908537163
23.970351946890123	0.0004086272797587811
24.001767873426022	0.0004431464087028672
24.03318379996192	0.0004785529035359084
24.064599726497814	0.0005147681063094793
24.096015653033714	0.0005517116670875384
24.12743157956961	0.0005893017388557308
24.15884750610551	0.0006274551750407551
24.19026343264141	0.0006660877291474318
24.221679359177305	0.0007051142560191635
24.2530952857132	0.0007444489142259821
24.284511212249104	0.0007840053690849041
24.315927138785	0.0008236969958183832
24.347343065320896	0.0008634370823592712
24.378758991856795	0.0009031390313144912
24.410174918392695	0.0009427165606043188
24.44159084492859	0.0009820839023005226
24.473006771464487	0.0010211559991934894
24.504422698000386	0.0010598486986267827
24.535838624536286	0.0010980789431471619
24.567254551072182	0.0011357649575282477
24.59867047760808	0.0011728264317374018
24.630086404143977	0.0012091846994281132
24.661502330679877	0.0012447629115530984
24.692918257215776	0.0012794862047079527
24.724334183751672	0.0013132818638300489
24.75575011028757	0.0013460794788933193
24.787166036823468	0.0013778110952567208
24.818581963359367	0.0014084113573408854
24.849997889895263	0.0014378176453263996
24.881413816431163	0.0014659702045852529
24.912829742967062	0.0014928122675771146
24.94424566950296	0.0015182901679611908
24.975661596038854	0.001542353446695639
25.007077522574754	0.0015649549499166815
25.03849344911065	0.0015860509184114392
25.06990937564655	0.0016056010685193305
25.10132530218245	0.0016235686643194813
25.132741228718345	0.0016399205809831015