0.013530432554533463
0.017812990722282124
0.01657651934397394
0.016456217242139727
0.016335502144995292
0.016215228265092876
0.01463606315069824
0.014069662296439758
0.014625336488524869
0.014335235319807219
0.014061168704757446
0.013523135488121821
0.01345946590082341
0.013456521813324148
0.013436249199502707
0.013446893586936078
0.01347166697360599
0.013466948997610136
0.01348106967269929
0.013477791219797104
0.01348203828448892
0.01345768053222664
0.013440648830591824
0.013416736763051721
0.013452130063109234
0.013459153073536408
0.013454445446928026
0.013468726126501638
0.013463528149436861
0.013465433550347475
0.013466260642832684
0.013467686075502087
0.013459377183319885
0.013462909002398653
0.01345943254175959
0.011479399013430031
0.010670950474235236
0.00795226135638898
0.011706695213267835
0.00916726220696911
0.010714503584765986
0.00442992986308542
0.0011851715989070553
0.0006555544443516774
0.0006604129994293455
0.0006498082088528196
0.0006517705444319287
0.0006437322082660336
0.0006492194278349037
0.000641981125485266
0.0006539298994304088
0.0006435641846707434
0.000652511803912683
0.0006472251268904155
0.0006460130694460217
0.0006454557102229067
0.0006484860278214202
0.0006470782484890593
0.0006467962654865548
0.0006463222510810319
0.000646280224046243
0.0006490802526606136
0.0006477665679747777
0.0006484028414857125
0.0006473008007670693
0.0006482200919761907
0.0006483223707524663
0.0006477690799243896
0.0006477446698403982
0.0006489391538845777
0.0006485766893624287
0.0006480552978821538
0.0006480712998537299
0.0006494420451925288
0.000648783021301269
0.0006485759353867383
0.0006483885106511602
0.0006491674873124508
0.0006488308579654362
0.00064873449070601
0.0006504458819177624
0.0006494736105853017
0.0006489112360926916
0.0006495740736492127
0.0006493722260444754
0.0006493250582867222
0.0006493229757360319
0.0006500367172453823
0.0006495269349909126
0.0006494324557294463
0.0006496332473834421
0.0006494708047918446
0.0006495210233618008
0.0006494928848520692
0.0006497021705406762
0.0006498107308036819
0.0006498105099788473
0.000649703630014296
0.0006496796759319612
0.0006496575560338666
0.0006496819498196046
0.0006496625321205566
0.0006498346104095945
0.0006497172104530639
0.0006497094468871901
0.0006497465320620504
0.0006497130340950098
0.0006497564168883638
0.0006497399409233089
0.0006497316046606563
0.0006497499506191621
0.00015506563583585735
0.00015146195282758677
0.00012698986018841956
0.00012701543453904514
0.00013254624486979983
0.0001322961246312731
0.00012877696006997333
0.00012616252411169377
0.00012642367750200412
0.00012731863946167024
0.00012548627827343504
0.00012559220265271283
0.0001264233873289814
0.00012705823422530993
0.00012701782237218225
0.00012723134070000085
0.00012736161610777167
0.00012654895824483025
0.0001264215863291338
0.00012638716785378235
0.00012620161778887027
0.00012620145570449212
0.0001259825159681407
0.0001260562689448119
0.00012604529274552986
0.00012603511331510102
0.0001260310403025529
0.00012599647281726404
0.0001260034855626318
0.00012599286393738044
0.00012600617035845026
0.00012598447060909864
3.5842523086510223E-05
3.4523240200224336E-05
3.450771599373571E-05
3.484373680045915E-05
3.462238437432205E-05
3.4618795111997706E-05
3.476042269195567E-05
3.476821691645044E-05
3.477361204229281E-05
3.48441645580179E-05
3.484259720829231E-05
3.4836296089897985E-05
3.477855347115475E-05
3.479507613758865E-05
3.480111403841265E-05
3.479135168937917E-05
3.4794932186120124E-05
3.479923144057998E-05
3.479732220661426E-05
3.480677782440046E-05
3.4804614003819665E-05
3.4803018813210645E-05
3.479960105072406E-05
3.479930533173373E-05
3.479861325414217E-05
3.479339546117633E-05
3.479999985065608E-05
3.480297479150969E-05
3.4809831217075196E-05
3.4809775247696705E-05
3.4808865626959655E-05
3.48087883673894E-05
3.480844240568707E-05
3.480780314229235E-05
3.4807683238621015E-05
3.480733656742947E-05
3.480752508367479E-05
3.480871427400979E-05
3.480854734651112E-05
3.48086119601168E-05
3.480883550870114E-05
3.4808929883947826E-05
3.481060242829859E-05
3.481064082866156E-05
3.4810928634649104E-05
3.4810938840449393E-05
3.481094613539085E-05
