order69
-0.9977065690996 0.00588343342044309
-0.987935764443851 0.0136508283483615
-0.97043761603923 0.0213229799114836
-0.945345148207827 0.0288292601088943
-0.912854261359318 0.0361101158634634
-0.873219125025222 0.0431084223261702
-0.826749899092225 0.0497693704013535
-0.773810252286913 0.0560408162123701
-0.714814501556629 0.0618736719660802
-0.65022436466589 0.0672222852690869
-0.580545344749764 0.0720447947725601
-0.506322773241489 0.0763034571554421
-0.428137541517814 0.0799649422423243
-0.346601554430814 0.0830005937288566
-0.262352941209296 0.0853866533920991
-0.17605106116599 0.0871044469971835
-0.0883713432756593 0.0881405304302755
0 0.0884867949071043
0.0883713432756593 0.0881405304302755
0.17605106116599 0.0871044469971835
0.262352941209296 0.0853866533920991
0.346601554430814 0.0830005937288566
0.428137541517814 0.0799649422423243
0.506322773241489 0.0763034571554421
0.580545344749764 0.0720447947725601
0.65022436466589 0.0672222852690869
0.714814501556629 0.0618736719660802
0.773810252286913 0.0560408162123701
0.826749899092225 0.0497693704013535
0.873219125025222 0.0431084223261702
0.912854261359318 0.0361101158634634
0.945345148207827 0.0288292601088943
0.97043761603923 0.0213229799114836
0.987935764443851 0.0136508283483615
0.9977065690996 0.00588343342044309
