order105
-0.998989947776328 0.002591683720567
-0.994681919308007 0.00602427622695195
-0.986947035023372 0.00944120228492798
-0.975810233714985 0.0128260261443115
-0.961309694623136 0.0161667252567194
-0.943495353464442 0.0194517211077174
-0.922428603042812 0.0226696730570647
-0.898182057875427 0.0258094825107843
-0.870839297558241 0.0288603236178229
-0.840494576545801 0.0318116784590141
-0.807252498416896 0.0346533725835338
-0.771227654925532 0.0373756098034828
-0.73254423080751 0.0399690058435404
-0.691335575601367 0.04242462063452
-0.64774374391651 0.0447339891036728
-0.601919005713769 0.0468891503407503
-0.554019328277068 0.0488826750326991
-0.504209831657133 0.0507076910692927
-0.452662219461846 0.0523579072298727
-0.399554186953953 0.053827634868731
-0.345068808495722 0.0551118075239336
-0.289393906451626 0.0562059983817397
-0.232721403724273 0.0571064355362672
-0.175246662155326 0.0578100149917132
-0.117167809071955 0.058314311362256
-0.0586850543002595 0.0586175862327203
0 0.0587187941511644
0.0586850543002595 0.0586175862327203
0.117167809071955 0.058314311362256
0.175246662155326 0.0578100149917132
0.232721403724273 0.0571064355362672
0.289393906451626 0.0562059983817397
0.345068808495722 0.0551118075239336
0.399554186953953 0.053827634868731
0.452662219461846 0.0523579072298727
0.504209831657133 0.0507076910692927
0.554019328277068 0.0488826750326991
0.601919005713769 0.0468891503407503
0.64774374391651 0.0447339891036728
0.691335575601367 0.04242462063452
0.73254423080751 0.0399690058435404
0.771227654925532 0.0373756098034828
0.807252498416896 0.0346533725835338
0.840494576545801 0.0318116784590141
0.870839297558241 0.0288603236178229
0.898182057875427 0.0258094825107843
0.922428603042812 0.0226696730570647
0.943495353464442 0.0194517211077174
0.961309694623136 0.0161667252567194
0.975810233714985 0.0128260261443115
0.986947035023372 0.00944120228492798
0.994681919308007 0.00602427622695195
0.998989947776328 0.002591683720567
