order73
-0.997944582477914 0.00527305727949794
-0.989185963214319 0.0122387801003076
-0.973493030056486 0.019129044489084
-0.950972343262095 0.0258860369905589
-0.921781437412464 0.0324616398475215
-0.886124962155486 0.0388096025019345
-0.844252987340556 0.0448853646624372
-0.796459200509902 0.0506462976548246
-0.743078833981965 0.0560519879982749
-0.684486309130959 0.061064516523226
-0.621092608408924 0.0656487228727513
-0.553342391861582 0.0697724515557003
-0.481710877803206 0.0734067772484882
-0.406700509318326 0.0765262075705292
-0.328837429883707 0.0791088618375294
-0.248667792791366 0.081136624508465
-0.166753930239852 0.0825952722364373
-0.0836704089547699 0.0834745736258628
0 0.0837683609931389
0.0836704089547699 0.0834745736258628
0.166753930239852 0.0825952722364373
0.248667792791366 0.081136624508465
0.328837429883707 0.0791088618375294
0.406700509318326 0.0765262075705292
0.481710877803206 0.0734067772484882
0.553342391861582 0.0697724515557003
0.621092608408924 0.0656487228727513
0.684486309130959 0.061064516523226
0.743078833981965 0.0560519879982749
0.796459200509902 0.0506462976548246
0.844252987340556 0.0448853646624372
0.886124962155486 0.0388096025019345
0.921781437412464 0.0324616398475215
0.950972343262095 0.0258860369905589
0.973493030056486 0.019129044489084
0.989185963214319 0.0122387801003076
0.997944582477914 0.00527305727949794
