order99
-0.998866404420071 0.00290862255315547
-0.994031969432091 0.00675979919574542
-0.985354084048006 0.0105905483836498
-0.972864385106692 0.0143808227614833
-0.956610955242808 0.0181155607134923
-0.936656618944878 0.0217802431701224
-0.913078556655792 0.0253606735700112
-0.885967979523613 0.028842993580536
-0.855429769429946 0.0322137282235776
-0.821582070859336 0.035459835615146
-0.784555832900399 0.0385687566125876
-0.744494302226068 0.0415284630901477
-0.701552468706822 0.0443275043388033
-0.655896465685439 0.0469550513039484
-0.60770292718495 0.0494009384494663
-0.55715830451465 0.0516557030695811
-0.504458144907464 0.0537106218889962
-0.449806334974039 0.0555577448062125
-0.393414311897565 0.0571899256477284
-0.335500245419437 0.0586008498132224
-0.276288193779532 0.0597850587042655
-0.216007236876042 0.0607379708417702
-0.154890589998146 0.0614558995903167
-0.0931747015600861 0.0619360674206832
-0.0310983383271889 0.0621766166553473
0.0310983383271889 0.0621766166553473
0.0931747015600861 0.0619360674206832
0.154890589998146 0.0614558995903167
0.216007236876042 0.0607379708417702
0.276288193779532 0.0597850587042655
0.335500245419437 0.0586008498132224
0.393414311897565 0.0571899256477284
0.449806334974039 0.0555577448062125
0.504458144907464 0.0537106218889962
0.55715830451465 0.0516557030695811
0.60770292718495 0.0494009384494663
0.655896465685439 0.0469550513039484
0.701552468706822 0.0443275043388033
0.744494302226068 0.0415284630901477
0.784555832900399 0.0385687566125876
0.821582070859336 0.035459835615146
0.855429769429946 0.0322137282235776
0.885967979523613 0.028842993580536
0.913078556655792 0.0253606735700112
0.936656618944878 0.0217802431701224
0.956610955242808 0.0181155607134923
0.972864385106692 0.0143808227614833
0.985354084048006 0.0105905483836498
0.994031969432091 0.00675979919574542
0.998866404420071 0.00290862255315547
