order37
-0.992406843843584 0.0194617882297265
-0.96020815213483 0.0448142267656996
-0.903155903614818 0.0690445427376412
-0.822714656537143 0.09149002162245
-0.720966177335229 0.111566645547334
-0.600545304661681 0.128753962539336
-0.464570741375961 0.142606702173607
-0.31656409996363 0.15276604206586
-0.160358645640225 0.158968843393954
0 0.161054449848784
0.160358645640225 0.158968843393954
0.31656409996363 0.15276604206586
0.464570741375961 0.142606702173607
0.600545304661681 0.128753962539336
0.720966177335229 0.111566645547334
0.822714656537143 0.09149002162245
0.903155903614818 0.0690445427376412
0.96020815213483 0.0448142267656996
0.992406843843584 0.0194617882297265
