order61
-0.997087481819477 0.00747083157924878
-0.984685909665152 0.0173186207903106
-0.96250392509295 0.0270090191849794
-0.930756997896648 0.0364322739123855
-0.889760029948271 0.0454937075272011
-0.839920320146267 0.0541030824249169
-0.781733148416625 0.0621747865610284
-0.715776784586853 0.0696285832354104
-0.64270672292426 0.0763903865987766
-0.563249161407149 0.0823929917615893
-0.478193782044902 0.0875767406084779
-0.388385901608233 0.0918901138936415
-0.294718069981702 0.0952902429123195
-0.198121199335571 0.0977433353863287
-0.0995553121523415 0.0992250112266723
0 0.0997205447934265
0.0995553121523415 0.0992250112266723
0.198121199335571 0.0977433353863287
0.294718069981702 0.0952902429123195
0.388385901608233 0.0918901138936415
0.478193782044902 0.0875767406084779
0.563249161407149 0.0823929917615893
0.64270672292426 0.0763903865987766
0.715776784586853 0.0696285832354104
0.781733148416625 0.0621747865610284
0.839920320146267 0.0541030824249169
0.889760029948271 0.0454937075272011
0.930756997896648 0.0364322739123855
0.96250392509295 0.0270090191849794
0.984685909665152 0.0173186207903106
0.997087481819477 0.00747083157924878
