0	1.3711584415584457
0.01	1.371038749276478
0.02	1.3706797743854546
0.03	1.3700818226588374
0.04	1.3692454034152228
0.05	1.3681712290628703
0.060000000000000005	1.366860214462612
0.06999999999999999	1.3653134761097252
0.08	1.363532331135492
0.09	1.3615182961293548
0.09999999999999999	1.3592730857827184
0.11	1.3567986113556256
0.12	1.3540969789676787
0.13	1.3511704877147483
0.14	1.3480216276131611
0.15000000000000002	1.3446530773732168
0.16	1.341067702004033
0.17	1.3372685502518773
0.18000000000000002	1.3332588518742852
0.19	1.329042014752421
0.2	1.324621621844269
0.21000000000000002	1.3200014279814059
0.22	1.3151853565122278
0.23	1.3101774957946521
0.24000000000000002	1.30498209554145
0.25	1.299603563021494
0.26	1.2940464591203362
0.27	1.2883154942636634
0.28	1.2824155242072892
0.29000000000000004	1.276351545697477
0.3	1.2701286920054837
0.31	1.2637522283403564
0.32	1.2572275471440892
0.33	1.2505601632733878
0.34	1.2437557090723568
0.35000000000000003	1.2368199293405608
0.36000000000000004	1.2297586762009627
0.37	1.2225779038723712
0.38	1.215283663351087
0.39	1.207882097006538
0.4	1.200379433095754
0.41000000000000003	1.1927819802016217
0.42000000000000004	1.185096121599917
0.43	1.1773283095601785
0.44	1.169485059585549
0.45	1.1615729445967615
0.46	1.1535985890655018
0.47000000000000003	1.1455686631024211
0.48000000000000004	1.1374898765051118
0.49	1.1293689727714034
0.5	1.1212127230833542
0.51	1.113027920267353
0.52	1.1048213727357574
0.53	1.0965998984155192
0.54	1.0883703186692495
0.55	1.0801394522141936
0.56	1.0719141090445807
0.5700000000000001	1.0637010843628107
0.5800000000000001	1.0555071525249353
0.59	1.047339061005876
0.6	1.0392035243898017
0.61	1.0311072183910721
0.62	1.023056773911114
0.63	1.015058771136583
0.64	1.0071197336841033
0.65	0.9992461227968593
0.66	0.991444331598246
0.67	0.9837206794077497
0.68	0.9760814061241622
0.6900000000000001	0.9685326666811791
0.7000000000000001	0.9610805255803653
0.7100000000000001	0.953730951506396
0.72	0.9464898120294177
0.73	0.939362868399285
0.74	0.9323557704363539
0.75	0.9254740515234167
0.76	0.918723123703286
0.77	0.9121082728864234
0.78	0.9056346541729233
0.79	0.8993072872930525
0.8	0.8931310521704393
0.81	0.8871106846118995
0.8200000000000001	0.8812507721277678
0.8300000000000001	0.8755557498864891
0.8400000000000001	0.8700298968071006
0.85	0.8646773317931159
0.86	0.8595020101111861
0.87	0.8545077199177962
0.88	0.8496980789371062
0.89	0.8450765312929238
0.9	0.840646344497647
0.91	0.8364106066008794
0.92	0.8323722235002755
0.93	0.8285339164170269
0.9400000000000001	0.8248982195382497
0.9500000000000001	0.8214674778283908
0.9600000000000001	0.8182438450116085
0.97	0.8152292817269366
0.98	0.8124255538578823
0.99	0.8098342310379514
1.	0.807456685333436
1.01	0.8052940901046425
1.02	0.8033474190465721
1.03	0.8016174454099101
1.04	0.8001047414030131
1.05	0.7988096777754254
1.06	0.7977324235832861
1.07	0.7968729461368309
1.08	0.796231011130024
1.09	0.7958061829521952
1.1	0.7955978251813897
1.11	0.7956051012589781
1.12	0.7958269753449085
1.1300000000000001	0.7962622133528212
1.1400000000000001	0.7969093841640831
1.1500000000000001	0.797766861019641
1.1600000000000001	0.7988328230884287
1.17	0.8001052572109072
1.18	0.8015819598161582
1.19	0.8032605390107945
1.2	0.8051384168377989
1.21	0.8072128317032435
1.22	0.8094808409687024
1.23	0.8119393237070055
1.24	0.8145849836188492
1.25	0.8174143521076255
1.26	0.8204237915096922
1.27	0.8236094984771656
1.28	0.8269675075101819
1.29	0.8304936946354359
1.3	0.8341837812276774
1.31	0.8380333379707137
1.32	0.8420377889543422
1.33	0.8461924159035179
1.34	0.8504923625359344
1.35	0.8549326390440899
1.36	0.8595081266977902
1.37	0.8642135825629378
1.3800000000000001	0.8690436443323482
1.3900000000000001	0.8739928352642352
1.4000000000000001	0.8790555692239084
1.4100000000000001	0.8842261558241366
1.42	0.889498805659538
1.43	0.8948676356302765
1.44	0.9003266743502595
1.45	0.9058698676349624
1.46	0.9114910840639265
1.47	0.917184120612915
1.48	0.9229427083506455
1.49	0.9287605181949632
1.5	0.9346311667232597
1.51	0.9405482220319014
1.52	0.9465052096393782
1.53	0.9524956184278529
1.54	0.9585129066177492
1.55	0.9645505077699931
1.56	0.9706018368104915
1.57	0.9766602960714188
1.58	0.9827192813438584
1.59	0.9887721879363454
1.6	0.9948124167338427
1.61	1.0008333802516898
1.62	1.0068285086790614
1.6300000000000001	1.0127912559064878
1.6400000000000001	1.0187151055320007
1.6500000000000001	1.0245935768404872
1.6600000000000001	1.0304202307508605
1.6700000000000002	1.0361886757256815
1.68	1.0418925736379054
1.69	1.0475256455894593
1.7	1.0530816776764014
1.71	1.0585545266954675
1.72	1.0639381257868532
1.73	1.0692264900081434
1.74	1.0744137218343621
1.75	1.0794940165791822
1.76	1.0844616677324015
1.77	1.0893110722088764
1.78	1.0940367355041716
1.79	1.0986332767522797
1.8	1.103095433680845
1.81	1.1074180674594216
1.82	1.1115961674363932
1.83	1.1156248557602766
1.84	1.1194993918812428
1.85	1.123215176928791
1.86	1.1267677579616258
1.87	1.1301528320859004
1.8800000000000001	1.1333662504381132
1.8900000000000001	1.1364040220290537
1.9000000000000001	1.1392623174453371
1.9100000000000001	1.1419374724051794
1.9200000000000002	1.1444259911652028
1.93	1.146724549775197
1.94	1.1488299991778939
1.95	1.1507393681509563
1.96	1.1524498660885243
1.97	1.153958885619799
1.98	1.1552640050623055
1.99	1.1563629907076074
2.	1.1572537989374134
2.01	1.1579345781681547
2.02	1.1584036706222756
2.03	1.1586596139246335
2.04	1.1587011425225588
2.05	1.1585271889282887
2.0599999999999996	1.158136884782644
2.07	1.1575295617389842
2.0799999999999996	1.1567047521666323
2.09	1.1556621896731278
2.0999999999999996	1.1544018094448292
2.11	1.152923748405544
2.1199999999999997	1.1512283451930405
2.13	1.1493161399534468
2.1399999999999997	1.1471878739537158
2.15	1.1448444890124918
2.1599999999999997	1.142287126749886
2.17	1.1395171276568195
2.1799999999999997	1.1365360299847693
2.19	1.1333455684568996
2.1999999999999997	1.1299476728017341
2.21	1.1263444661106776
2.2199999999999998	1.1225382630208536
2.23	1.1185315677248877
2.2399999999999998	1.1143270718094158
2.25	1.1099276519242536
2.26	1.1053363672843168
2.27	1.1005564570065294
2.28	1.0955913372841104
2.29	1.0904445984007687
2.3	1.0851200015874896
2.31	1.079621475724727
2.32	1.0739531138929683
2.3299999999999996	1.0681191697747554
2.34	1.0621240539114067
2.3499999999999996	1.055972329817786
2.36	1.0496687099586162
2.3699999999999997	1.0432180515899454
2.38	1.0366253524695
2.3899999999999997	1.029895746439781
2.4	1.0230344988878661
2.4099999999999997	1.0160470020859942
2.42	1.008938770417124
2.4299999999999997	1.0017154354897508
2.44	0.9943827411463683
2.4499999999999997	0.9869465383700671
2.46	0.9794127800938363
2.4699999999999998	0.9717875159172422
2.48	0.9640768867352216
2.4899999999999998	0.9562871192838254
2.5	0.9484245206078044
2.51	0.9404954724550182
2.52	0.9325064256026969
2.53	0.9244638941206609
2.54	0.9163744495766486
2.55	0.9082447151889677
2.56	0.9000813599317157
2.57	0.8918910925978807
2.5799999999999996	0.883680655825643
2.59	0.8754568200932638
2.5999999999999996	0.8672263776879456
2.61	0.8589961366540932
2.6199999999999997	0.8507729147264131
2.63	0.8425635332533027
2.6399999999999997	0.8343748111159989
2.65	0.8262135586489435
2.6599999999999997	0.8180865715668395
2.67	0.8100006249038496
2.6799999999999997	0.8019624669703966
2.69	0.7939788133329847
2.6999999999999997	0.7860563408224694
2.71	0.7782016815761487
2.7199999999999998	0.7704214171190445
2.73	0.7627220724896864
2.7399999999999998	0.755110110415685
2.75	0.7475919255443289
2.76	0.740173838733394
2.77	0.7328620914072979
2.78	0.7256628399836742
2.79	0.7185821503753776
2.8	0.7116259925728654
2.81	0.7048002353118213
2.82	0.6981106408308265
2.8299999999999996	0.6915628597237782
2.84	0.6851624258916971
2.8499999999999996	0.6789147515984564
2.86	0.6728251226348765
2.8699999999999997	0.6668986935955405
2.88	0.6611404832725736
2.8899999999999997	0.655555370170527
2.9	0.6501480881464015
2.9099999999999997	0.644923222178735
2.92	0.6398852042695495
2.9299999999999997	0.6350383094828522
2.94	0.6303866521232464
2.9499999999999997	0.6259341820580929
2.96	0.6216846811865273
2.9699999999999998	0.6176417600585067
2.98	0.6138088546469307
2.9899999999999998	0.610189223275736
3.	0.6067859437067272
3.01	0.6036019103877656
3.02	0.6006398318647879
3.03	0.5979022283599856
3.04	0.5953914295183196
3.05	0.5931095723243969
3.06	0.5910585991915867
3.07	0.5892402562250891
3.08	0.5876560916605214
3.09	0.5863074544794262
3.0999999999999996	0.585195493202943
3.11	0.5843211548647359
3.1199999999999997	0.5836851841640893
3.13	0.5832881227999465
3.1399999999999997	0.5831303089864788
3.141592653589793	0.5831272727272685