0 1.89975877075718e-12
0.000100502512562814 4.11737354363242e-07
0.000201005025125628 9.223529829613e-07
0.000301507537688442 1.55479329806453e-06
0.000402010050251256 2.33680467832374e-06
0.00050251256281407 3.30160136115757e-06
0.000603015075376884 4.4886790201335e-06
0.000703517587939699 5.94448203312145e-06
0.000804020100502513 7.72307071672601e-06
0.000904522613065327 9.88656133893181e-06
0.00100502512562814 1.2505296889837e-05
0.00110552763819095 1.56576405957459e-05
0.00120603015075377 1.94293688317748e-05
0.00130653266331658 2.39124371890525e-05
0.0014070351758794 2.92032009302565e-05
0.00150753768844221 3.54000914503485e-05
0.00160804020100503 4.26007981629454e-05
0.00170854271356784 5.08991521059385e-05
0.00180904522613065 6.03819212342069e-05
0.00190954773869347 7.1125780098595e-05
0.00201005025125628 8.31946792763637e-05
0.0021105527638191 9.66378407308353e-05
0.00221105527638191 0.000111488483548259
0.00231155778894472 0.000127763334235873
0.00241206030150754 0.000145462875883919
0.00251256281407035 0.000164572224799246
0.00261306532663317 0.000185062478440876
0.00271356783919598 0.000206892392500631
0.00281407035175879 0.00023001021497259
0.00291457286432161 0.000254355553883812
0.00301507537688442 0.000279861188058884
0.00311557788944724 0.000306454741276202
0.00321608040201005 0.00033406018307075
0.00331658291457286 0.000362599149918681
0.00341708542713568 0.000391992062951232
0.00351758793969849 0.000422159069272083
0.00361809045226131 0.000453020823210939
0.00371859296482412 0.000484499103227691
0.00381909547738693 0.000516517325356276
0.00391959798994975 0.000549000922236632
0.00402010050251256 0.000581877645868409
0.00412060301507538 0.000615077800170463
0.00422110552763819 0.000648534387767127
0.00432160804020101 0.00068218323233629
0.00442211055276382 0.000715963041984927
0.00452261306532663 0.000749815446813337
0.00462311557788945 0.000783685007809933
0.00472361809045226 0.000817519202418716
0.00482412060301507 0.000851268404512037
0.00492462311557789 0.000884885830978546
0.0050251256281407 0.000918327489479904
0.00512562814070352 0.000951552132984801
0.00522613065326633 0.000984521168786337
0.00532663316582915 0.00101719862221906
0.00542713567839196 0.0010495510332062
0.00552763819095477 0.00108154736557297
0.00562814070351759 0.00111315897195044
0.0057286432160804 0.00114435948945282
0.00582914572864322 0.00117512476070812
0.00592964824120603 0.00120543275154944
0.00603015075376884 0.00123526348311928
0.00613065326633166 0.00126459893640138
0.00623115577889447 0.00129342298766245
0.00633165829145729 0.00132172131630309
0.0064321608040201 0.00134948134127956
0.00653266331658291 0.00137669214178101
0.00663316582914573 0.0014033443678193
0.00673366834170854 0.00142943023744052
0.00683417085427136 0.00145494331008149
0.00693467336683417 0.00147987858848525
0.00703517587939699 0.00150423250096354
0.0071356783919598 0.00152800968467904
0.00723618090452261 0.0015513697101462
0.00733668341708543 0.00157621031422949
0.00743718592964824 0.00161511256959596
0.00753768844221105 0.00171824171432549
0.00763819095477387 0.00201613035087391
0.00773869346733668 0.00275605445300319
0.0078391959798995 0.00430684595813778
0.00793969849246231 0.00706138503337676
0.00804020100502513 0.0112332638835282
0.00814070351758794 0.0168180598918288
0.00824120603015075 0.023617041014964
0.00834170854271357 0.0313169034692902
0.00844221105527638 0.0395999183513635
0.0085427135678392 0.0482114533477147
0.00864321608040201 0.0569750141007827
0.00874371859296482 0.0657775701546685
0.00884422110552764 0.0745488680510832
0.00894472361809045 0.0832415158203007
0.00904522613065327 0.0918166434211761
0.00914572864321608 0.100245979125416
0.0092462311557789 0.108511106251711
0.00934673366834171 0.11659854429997
0.00944723618090452 0.124496079869861
0.00954773869346734 0.132191377531449
0.00964824120603015 0.139671677942389
0.00974874371859297 0.146923773704225
0.00984924623115578 0.153934039136628
0.00994974874371859 0.160688484065745
0.0100502512562814 0.16717283540774
0.0101507537688442 0.173372655454361
0.010251256281407 0.179273507607087
0.0103517587939698 0.184861182871588
0.0104522613065327 0.190122001056864
0.0105527638190955 0.195043200978101
0.0106532663316583 0.199613431092228
0.0107537688442211 0.203823344225303
0.0108542713567839 0.207666285069686
0.0109547738693467 0.211139042059508
0.0110552763819095 0.214242598227008
0.0111557788944724 0.216982795529828
0.0112562814070352 0.219370795003089
0.011356783919598 0.221423210128627
0.0114572864321608 0.223161822992224
0.0115577889447236 0.224612845066919
0.0116582914572864 0.225805773931269
0.0117587939698492 0.226771978960143
0.0118592964824121 0.227543203250725
0.0119597989949749 0.228150175884197
0.0120603015075377 0.228621487710401
0.0121608040201005 0.228982815032655
0.0122613065326633 0.229256502828717
0.0123618090452261 0.229461463446677
0.0124623115577889 0.229613315914632
0.0125628140703518 0.229724682990109
0.0126633165829146 0.229805572326622
0.0127638190954774 0.229863784058958
0.0128643216080402 0.229905305424276
0.012964824120603 0.229934668856231
0.0130653266331658 0.229955262218586
0.0131658291457286 0.229969588278293
0.0132663316582915 0.229979475746815
0.0133668341708543 0.229986247032399
0.0134673366834171 0.229990849016364
0.0135678391959799 0.229993953296312
0.0136683417085427 0.22999603188023
0.0137688442211055 0.229997413570601
0.0138693467336683 0.2299983254421
0.0139698492462312 0.229998922997036
0.014070351758794 0.229999311848591
0.0141708542713568 0.229999563148063
0.0142713567839196 0.229999724450419
0.0143718592964824 0.229999827292508
0.0144723618090452 0.22999989242863
0.014572864321608 0.229999933414467
0.0146733668341709 0.229999959038476
0.0147738693467337 0.22999997495699
0.0148743718592965 0.229999984784454
0.0149748743718593 0.229999990814294
0.0150753768844221 0.229999994491666
0.0151758793969849 0.229999996721023
0.0152763819095477 0.229999998064641
0.0153768844221106 0.229999998869777
0.0154773869346734 0.229999999349515
0.0155778894472362 0.229999999633782
0.015678391959799 0.229999999801308
0.0157788944723618 0.229999999899508
0.0158793969849246 0.22999999995677
0.0159798994974874 0.22999999998999
0.0160804020100503 0.230000000009165
0.0161809045226131 0.230000000020179
0.0162814070351759 0.230000000026475
0.0163819095477387 0.230000000030057
0.0164824120603015 0.230000000032086
0.0165829145728643 0.23000000003323
0.0166834170854271 0.230000000033873
0.01678391959799 0.230000000034232
0.0168844221105528 0.230000000034431
0.0169849246231156 0.230000000034542
0.0170854271356784 0.230000000034603
0.0171859296482412 0.230000000034637
0.017286432160804 0.230000000034656
0.0173869346733668 0.230000000034666
0.0174874371859296 0.230000000034671
0.0175879396984925 0.230000000034674
0.0176884422110553 0.230000000034676
0.0177889447236181 0.230000000034677
0.0178894472361809 0.230000000034677
0.0179899497487437 0.230000000034677
0.0180904522613065 0.230000000034678
0.0181909547738693 0.230000000034678
0.0182914572864322 0.230000000034678
0.018391959798995 0.230000000034678
0.0184924623115578 0.230000000034678
0.0185929648241206 0.230000000034678
0.0186934673366834 0.230000000034678
0.0187939698492462 0.230000000034678
0.018894472361809 0.230000000034678
0.0189949748743719 0.230000000034678
0.0190954773869347 0.230000000034678
0.0191959798994975 0.230000000034678
0.0192964824120603 0.230000000034678
0.0193969849246231 0.230000000034678
0.0194974874371859 0.230000000034678
0.0195979899497487 0.230000000034678
0.0196984924623116 0.230000000034678
0.0197989949748744 0.230000000034678
0.0198994974874372 0.230000000034678
0.02 0.230000000034678
