0 0.199999999371511
0.000100502512562814 0.199911242114341
0.000201005025125628 0.199804139703998
0.000301507537688442 0.199675048479653
0.000402010050251256 0.199519692414278
0.00050251256281407 0.199333103191849
0.000603015075376884 0.199109549795713
0.000703517587939699 0.198842495538862
0.000804020100502513 0.198524565543983
0.000904522613065327 0.198147550901736
0.00100502512562814 0.197702453762426
0.00110552763819095 0.197179581756761
0.00120603015075377 0.196568694439793
0.00130653266331658 0.195859216713599
0.0014070351758794 0.195040504713705
0.00150753768844221 0.19410216179994
0.00160804020100503 0.19303438050561
0.00170854271356784 0.191828294996174
0.00180904522613065 0.19047630853734
0.00190954773869347 0.188972371535614
0.00201005025125628 0.187312188647829
0.0021105527638191 0.185493336656385
0.00221105527638191 0.183515291562703
0.00231155778894472 0.181379368330636
0.00241206030150754 0.179088587313315
0.00251256281407035 0.176647486401092
0.00261306532663317 0.174061900011069
0.00271356783919598 0.171338722543715
0.00281407035175879 0.168485674396877
0.00291457286432161 0.165511081943144
0.00301507537688442 0.162423678907939
0.00311557788944724 0.159232434202454
0.00321608040201005 0.155946406694192
0.00331658291457286 0.152574626372943
0.00341708542713568 0.149126000088073
0.00351758793969849 0.145609238135396
0.00361809045226131 0.142032798015235
0.00371859296482412 0.138404847087616
0.00381909547738693 0.134733231711587
0.00391959798994975 0.131025462048091
0.00402010050251256 0.127288701244866
0.00412060301507538 0.123529760405884
0.00422110552763819 0.1197551011659
0.00432160804020101 0.115970838165462
0.00442211055276382 0.112182746370661
0.00452261306532663 0.108396269220372
0.00462311557788945 0.104616528257602
0.00472361809045226 0.100848333765235
0.00482412060301507 0.0970961947456352
0.00492462311557789 0.0933643311809521
0.0050251256281407 0.0896566851236766
0.00512562814070352 0.0859769303121978
0.00522613065326633 0.0823284854088454
0.00532663316582915 0.0787145213509932
0.00542713567839196 0.0751379744610151
0.00552763819095477 0.0716015576628337
0.00562814070351759 0.0681077662193415
0.0057286432160804 0.0646588894024082
0.00582914572864322 0.0612570194250806
0.00592964824120603 0.057904060338272
0.00603015075376884 0.0546017353721247
0.00613065326633166 0.0513515964324101
0.00623115577889447 0.0481550306539255
0.00633165829145729 0.0450132691501694
0.0064321608040201 0.0419273931053795
0.00653266331658291 0.0388983410712027
0.00663316582914573 0.0359269169780307
0.00673366834170854 0.0330137906207229
0.00683417085427136 0.0301595171630136
0.00693467336683417 0.027364528427669
0.00703517587939699 0.0246291471070634
0.0071356783919598 0.0219535922316326
0.00723618090452261 0.0193380158839716
0.00733668341708543 0.0167828513449434
0.00743718592964824 0.0142907465652533
0.00753768844221105 0.0118723390923659
0.00763819095477387 0.00955534427997402
0.00773869346733668 0.00739209284241708
0.0078391959798995 0.0054601313419479
0.00793969849246231 0.00384068668167599
0.00804020100502513 0.00257472794426773
0.00814070351758794 0.00165546404899469
0.00824120603015075 0.00103437486309936
0.00834170854271357 0.000639251173724837
0.00844221105527638 0.000398451228322331
0.0085427135678392 0.000255466853166262
0.00864321608040201 0.000171893196605837
0.00874371859296482 0.000123901733595616
0.00884422110552764 9.74849899261168e-05
0.00894472361809045 8.39567194001407e-05
0.00904522613065327 7.67602747544927e-05
0.00914572864321608 7.18855455909932e-05
0.0092462311557789 6.76500349610805e-05
0.00934673366834171 6.3580645389619e-05
0.00944723618090452 5.95927417420087e-05
0.00954773869346734 5.56809208671318e-05
0.00964824120603015 5.18503926377927e-05
0.00974874371859297 4.81075886703305e-05
0.00984924623115578 4.44593650906506e-05
0.00994974874371859 4.0912964324855e-05
0.0100502512562814 3.74760099579258e-05
0.0101507537688442 3.41564885253861e-05
0.010251256281407 3.0962711418311e-05
0.0103517587939698 2.79032485422765e-05
0.0104522613065327 2.49868246408014e-05
0.0105527638190955 2.22221670281413e-05
0.0106532663316583 1.96177934190443e-05
0.0107537688442211 1.7181729200635e-05
0.0108542713567839 1.49211515078604e-05
0.0109547738693467 1.2841962387059e-05
0.0110552763819095 1.09483135873935e-05
0.0111557788944724 9.24212058576093e-06
0.0112562814070352 7.722626102516e-06
0.011356783919598 6.38608885079316e-06
0.0114572864321608 5.2256670459237e-06
0.0115577889447236 4.23155128334338e-06
0.0116582914572864 3.39135706213999e-06
0.0117587939698492 2.69073840769262e-06
0.0118592964824121 2.1141410507748e-06
0.0119597989949749 1.64559104685247e-06
0.0120603015075377 1.26941961721548e-06
0.0121608040201005 9.70851248557546e-07
0.0122613065326633 7.36418680347164e-07
0.0123618090452261 5.54202704813531e-07
0.0124623115577889 4.1391915223487e-07
0.0125628140703518 3.06888262260796e-07
0.0126633165829146 2.25923774060967e-07
0.0127638190954774 1.65175325298045e-07
0.0128643216080402 1.19950538320833e-07
0.012964824120603 8.65355925553947e-08
0.0130653266331658 6.20263308041017e-08
0.0131658291457286 4.41766308392111e-08
0.0132663316582915 3.12669455958615e-08
0.0133668341708543 2.19933772631149e-08
0.0134673366834171 1.53761047648476e-08
0.0135678391959799 1.06851587242733e-08
0.0136683417085427 7.38119718137602e-09
0.0137688442211055 5.06890241824494e-09
0.0138693467336683 3.46076422609182e-09
0.0139698492462312 2.34925731427893e-09
0.014070351758794 1.58569361667158e-09
0.0141708542713568 1.06430954449051e-09
0.0142713567839196 7.10406396571948e-10
0.0143718592964824 4.71592272154456e-10
0.0144723618090452 3.11371302696678e-10
0.014572864321608 2.04491035455975e-10
0.0146733668341709 1.33593701074684e-10
0.0147738693467337 8.682533352059e-11
0.0148743718592965 5.61421393392799e-11
0.0149748743718593 3.61199492091656e-11
0.0150753768844221 2.31235809704743e-11
0.0151758793969849 1.47315041404901e-11
0.0152763819095477 9.34022287752724e-12
0.0153768844221106 5.89412601421449e-12
0.0154773869346734 3.70225607821982e-12
0.0155778894472362 2.31488247237947e-12
0.015678391959799 1.44090008471874e-12
0.0157788944723618 8.92897805947024e-13
0.0158793969849246 5.50859439109778e-13
0.0159798994974874 3.38332160524513e-13
0.0160804020100503 2.06854280538918e-13
0.0161809045226131 1.25865550870059e-13
0.0162814070351759 7.61864247303018e-14
0.0163819095477387 4.58374903011268e-14
0.0164824120603015 2.73716723038457e-14
0.0165829145728643 1.61796829698239e-14
0.0166834170854271 9.42209006025722e-15
0.01678391959799 5.35704500105273e-15
0.0168844221105528 2.92044888855033e-15
0.0169849246231156 1.46506360182598e-15
0.0170854271356784 5.98708069756287e-16
0.0171859296482412 8.46713991965661e-17
0.017286432160804 -2.19348945898312e-16
0.0173869346733668 -3.98607672595289e-16
0.0174874371859296 -5.03982768281658e-16
0.0175879396984925 -5.6575314523152e-16
0.0176884422110553 -6.01863916119106e-16
0.0177889447236181 -6.22917077959355e-16
0.0178894472361809 -6.3515998631348e-16
0.0179899497487437 -6.42262431275333e-16
0.0180904522613065 -6.46374250968959e-16
0.0181909547738693 -6.48747758789132e-16
0.0182914572864322 -6.50115978272489e-16
0.018391959798995 -6.5090248874359e-16
0.0184924623115578 -6.51354012733754e-16
0.0185929648241206 -6.51612799097321e-16
0.0186934673366834 -6.51760889737572e-16
0.0187939698492462 -6.51845510236214e-16
0.018894472361809 -6.51893791403109e-16
0.0189949748743719 -6.51921294356846e-16
0.0190954773869347 -6.51936940207956e-16
0.0191959798994975 -6.51945831150685e-16
0.0192964824120603 -6.51950879054618e-16
0.0193969849246231 -6.51953742932198e-16
0.0194974874371859 -6.51955366710995e-16
0.0195979899497487 -6.51956286874518e-16
0.0196984924623116 -6.51956808660446e-16
0.0197989949748744 -6.51957103224704e-16
0.0198994974874372 -6.51957269753317e-16
0.02 -6.51957364299102e-16
