0 1.00205324532627e-13
0.000100502512562814 1.1837634171592e-10
0.000201005025125628 3.21991189635541e-10
0.000301507537688442 6.72153280985177e-10
0.000402010050251256 1.27330939984821e-09
0.00050251256281407 2.30292326351244e-09
0.000603015075376884 4.06102062157719e-09
0.000703517587939699 7.05195799205709e-09
0.000804020100502513 1.21181827116413e-08
0.000904522613065327 2.06569017204348e-08
0.00100502512562814 3.49673622567195e-08
0.00110552763819095 5.88010092951655e-08
0.00120603015075377 9.82221001562295e-08
0.00130653266331658 1.62935529644202e-07
0.0014070351758794 2.68304826657845e-07
0.00150753768844221 4.38368776628166e-07
0.00160804020100503 7.10268820838033e-07
0.00170854271356784 1.14061447749902e-06
0.00180904522613065 1.81442283307788e-06
0.00190954773869347 2.85733284413224e-06
0.00201005025125628 4.4517535856178e-06
0.0021105527638191 6.85735276005586e-06
0.00221105527638191 1.04356935022475e-05
0.00231155778894472 1.56777191909053e-05
0.00241206030150754 2.32310618069713e-05
0.00251256281407035 3.39218817066528e-05
0.00261306532663317 4.87636099588997e-05
0.00271356783919598 6.89436086373906e-05
0.00281407035175879 9.57799357762576e-05
0.00291457286432161 0.000130645442939449
0.00301507537688442 0.000174865199964116
0.00311557788944724 0.000229603016113437
0.00321608040201005 0.000295758918390111
0.00331658291457286 0.000373897957296594
0.00341708542713568 0.000464221820736087
0.00351758793969849 0.000566582517487559
0.00361809045226131 0.000680527837071172
0.00371859296482412 0.000805364103573811
0.00381909547738693 0.000940223030217433
0.00391959798994975 0.00108412340118228
0.00402010050251256 0.00123602283517451
0.00412060301507538 0.00139485825383673
0.00422110552763819 0.00155957582074131
0.00432160804020101 0.00172915199800418
0.00442211055276382 0.00190260763685222
0.00452261306532663 0.0020790168436689
0.00462311557788945 0.00225751205340041
0.00472361809045226 0.00243728643097959
0.00482412060301507 0.00261759442628412
0.00492462311557789 0.0027977510824949
0.0050251256281407 0.00297713052220978
0.00512562814070352 0.00315516390784746
0.00522613065326633 0.00333133708092615
0.00532663316582915 0.00350518801959856
0.00542713567839196 0.00367630420883429
0.00552763819095477 0.00384431998556566
0.00562814070351759 0.00400891390072775
0.0057286432160804 0.0041698061241165
0.00582914572864322 0.00432675590941945
0.00592964824120603 0.0044795591296777
0.00603015075376884 0.00462804588857819
0.00613065326633166 0.0047720782098049
0.00623115577889447 0.0049115478071476
0.00633165829145729 0.00504637393416435
0.0064321608040201 0.00517650136109361
0.00653266331658291 0.005301918891382
0.00663316582914573 0.00542430770752006
0.00673366834170854 0.00558222514429271
0.00683417085427136 0.0060640277677263
0.00693467336683417 0.00772800703429483
0.00703517587939699 0.0116924114070897
0.0071356783919598 0.0183780288439435
0.00723618090452261 0.0275022742597352
0.00733668341708543 0.0384680705194744
0.00743718592964824 0.0506000313715276
0.00753768844221105 0.0633444936045435
0.00763819095477387 0.0763217869854683
0.00773869346733668 0.089268368492392
0.0078391959798995 0.10196640152046
0.00793969849246231 0.114298282084778
0.00804020100502513 0.126209995829873
0.00814070351758794 0.137658560737996
0.00824120603015075 0.148599579374414
0.00834170854271357 0.158986381076015
0.00844221105527638 0.168770390230663
0.0085427135678392 0.177901877853712
0.00864321608040201 0.186331245010781
0.00874371859296482 0.194011071116285
0.00884422110552764 0.200899184269254
0.00894472361809045 0.206962942224062
0.00904522613065327 0.212184655464881
0.00914572864321608 0.216567547762246
0.0092462311557789 0.220140886204997
0.00934673366834171 0.222962279789819
0.00944723618090452 0.225115298369697
0.00954773869346734 0.226701946580908
0.00964824120603015 0.227831658578478
0.00974874371859297 0.228609984542638
0.00984924623115578 0.229129959733658
0.00994974874371859 0.229467584565569
0.0100502512562814 0.229681115945973
0.0101507537688442 0.229812902765038
0.010251256281407 0.229892392182684
0.0103517587939698 0.229939301954663
0.0104522613065327 0.229966409754377
0.0105527638190955 0.229981758135088
0.0106532663316583 0.229990276492724
0.0107537688442211 0.229994912149015
0.0108542713567839 0.229997386332719
0.0109547738693467 0.229998681719348
0.0110552763819095 0.229999347117492
0.0111557788944724 0.22999968249871
0.0112562814070352 0.229999848391133
0.011356783919598 0.229999928928757
0.0114572864321608 0.229999967309083
0.0115577889447236 0.229999985265075
0.0116582914572864 0.229999993513195
0.0117587939698492 0.229999997233687
0.0118592964824121 0.229999998881856
0.0119597989949749 0.229999999599016
0.0120603015075377 0.229999999905566
0.0121608040201005 0.230000000034307
0.0122613065326633 0.230000000087436
0.0123618090452261 0.230000000108983
0.0124623115577889 0.230000000117572
0.0125628140703518 0.230000000120939
0.0126633165829146 0.230000000122236
0.0127638190954774 0.230000000122727
0.0128643216080402 0.23000000012291
0.012964824120603 0.230000000122977
0.0130653266331658 0.230000000123002
0.0131658291457286 0.23000000012301
0.0132663316582915 0.230000000123013
0.0133668341708543 0.230000000123014
0.0134673366834171 0.230000000123015
0.0135678391959799 0.230000000123015
0.0136683417085427 0.230000000123015
0.0137688442211055 0.230000000123015
0.0138693467336683 0.230000000123015
0.0139698492462312 0.230000000123015
0.014070351758794 0.230000000123015
0.0141708542713568 0.230000000123015
0.0142713567839196 0.230000000123015
0.0143718592964824 0.230000000123015
0.0144723618090452 0.230000000123015
0.014572864321608 0.230000000123015
0.0146733668341709 0.230000000123015
0.0147738693467337 0.230000000123015
0.0148743718592965 0.230000000123015
0.0149748743718593 0.230000000123015
0.0150753768844221 0.230000000123015
0.0151758793969849 0.230000000123015
0.0152763819095477 0.230000000123015
0.0153768844221106 0.230000000123015
0.0154773869346734 0.230000000123015
0.0155778894472362 0.230000000123015
0.015678391959799 0.230000000123015
0.0157788944723618 0.230000000123015
0.0158793969849246 0.230000000123015
0.0159798994974874 0.230000000123015
0.0160804020100503 0.230000000123015
0.0161809045226131 0.230000000123015
0.0162814070351759 0.230000000123015
0.0163819095477387 0.230000000123015
0.0164824120603015 0.230000000123015
0.0165829145728643 0.230000000123015
0.0166834170854271 0.230000000123015
0.01678391959799 0.230000000123015
0.0168844221105528 0.230000000123015
0.0169849246231156 0.230000000123015
0.0170854271356784 0.230000000123015
0.0171859296482412 0.230000000123015
0.017286432160804 0.230000000123015
0.0173869346733668 0.230000000123015
0.0174874371859296 0.230000000123015
0.0175879396984925 0.230000000123015
0.0176884422110553 0.230000000123015
0.0177889447236181 0.230000000123015
0.0178894472361809 0.230000000123015
0.0179899497487437 0.230000000123015
0.0180904522613065 0.230000000123015
0.0181909547738693 0.230000000123015
0.0182914572864322 0.230000000123015
0.018391959798995 0.230000000123015
0.0184924623115578 0.230000000123015
0.0185929648241206 0.230000000123015
0.0186934673366834 0.230000000123015
0.0187939698492462 0.230000000123015
0.018894472361809 0.230000000123015
0.0189949748743719 0.230000000123015
0.0190954773869347 0.230000000123015
0.0191959798994975 0.230000000123015
0.0192964824120603 0.230000000123015
0.0193969849246231 0.230000000123015
0.0194974874371859 0.230000000123015
0.0195979899497487 0.230000000123015
0.0196984924623116 0.230000000123015
0.0197989949748744 0.230000000123015
0.0198994974874372 0.230000000123015
0.02 0.230000000123015
