0 1.02265178882652e-11
0.000100502512562814 7.44332913542426e-11
0.000201005025125628 2.01198261788875e-10
0.000301507537688442 4.51143947478e-10
0.000402010050251256 9.42911181757201e-10
0.00050251256281407 1.90758064304445e-09
0.000603015075376884 3.79271597377619e-09
0.000703517587939699 7.4595746040763e-09
0.000804020100502513 1.45533823210984e-08
0.000904522613065327 2.81912215462197e-08
0.00100502512562814 5.42254302080042e-08
0.00110552763819095 1.03534874435793e-07
0.00120603015075377 1.96123908697447e-07
0.00130653266331658 3.68347012716159e-07
0.0014070351758794 6.8543852039721e-07
0.00150753768844221 1.26286537904391e-06
0.00160804020100503 2.30202480724873e-06
0.00170854271356784 4.14867809244235e-06
0.00180904522613065 7.38639074568781e-06
0.00190954773869347 1.29820597916299e-05
0.00201005025125628 2.25058262810909e-05
0.0021105527638191 3.84518146804832e-05
0.00221105527638191 6.4686383950536e-05
0.00231155778894472 0.00010704206591195
0.00241206030150754 0.00017405165583241
0.00251256281407035 0.000277771626751928
0.00261306532663317 0.000434575857735051
0.00271356783919598 0.000665721108499548
0.00281407035175879 0.000997426469126891
0.00291457286432161 0.00146021883245421
0.00301507537688442 0.00208741720126438
0.00311557788944724 0.00291285475547022
0.00321608040201005 0.0039681903365983
0.00331658291457286 0.00528031709113741
0.00341708542713568 0.0068693519007729
0.00351758793969849 0.00874749581092683
0.00361809045226131 0.0109188046496015
0.00371859296482412 0.0133797042864519
0.00381909547738693 0.0161199936512589
0.00391959798994975 0.0191240782117901
0.00402010050251256 0.0223722387067232
0.00412060301507538 0.0258418100550094
0.00422110552763819 0.0295082092745377
0.00432160804020101 0.03334579262742
0.00442211055276382 0.0373285479081155
0.00452261306532663 0.0414306400059486
0.00462311557788945 0.0456268317601734
0.00472361809045226 0.0498928019203013
0.00482412060301507 0.0542053796794377
0.00492462311557789 0.0585427122542743
0.0050251256281407 0.0628843790446997
0.00512562814070352 0.067211463280363
0.00522613065326633 0.071506589881239
0.00532663316582915 0.0757539364779768
0.00542713567839196 0.0799392231368111
0.00552763819095477 0.0840496852144205
0.00562814070351759 0.0880740329211431
0.0057286432160804 0.092002400460274
0.00582914572864322 0.095826287117551
0.00592964824120603 0.0995384922462624
0.00603015075376884 0.103133045746677
0.00613065326633166 0.106605135363618
0.00623115577889447 0.109951031982623
0.00633165829145729 0.113168013841402
0.0064321608040201 0.116254290451026
0.00653266331658291 0.119208909360976
0.00663316582914573 0.122030265961648
0.00673366834170854 0.124685900831774
0.00683417085427136 0.126930699371682
0.00693467336683417 0.12803671956638
0.00703517587939699 0.127066395032672
0.0071356783919598 0.123693911516952
0.00723618090452261 0.118200079533945
0.00733668341708543 0.111131545753442
0.00743718592964824 0.103094492665952
0.00753768844221105 0.0945821043388064
0.00763819095477387 0.0859309965764454
0.00773869346733668 0.0773725826550754
0.0078391959798995 0.0690939090589189
0.00793969849246231 0.0611912531597665
0.00804020100502513 0.0537031699714456
0.00814070351758794 0.0466562066192445
0.00824120603015075 0.0400753566551032
0.00834170854271357 0.0339843814299428
0.00844221105527638 0.0284050662130132
0.0085427135678392 0.0233561987473772
0.00864321608040201 0.018852238822135
0.00874371859296482 0.0149016325655924
0.00884422110552764 0.0115047788341688
0.00894472361809045 0.00865177160777927
0.00904522613065327 0.00632024871696269
0.00914572864321608 0.00447395017620833
0.0092462311557789 0.00306280374299039
0.00934673366834171 0.00202527225771189
0.00944723618090452 0.00129310068189972
0.00954773869346734 0.000797607111221531
0.00964824120603015 0.000475851529900142
0.00974874371859297 0.00027502378870393
0.00984924623115578 0.000154249625433334
0.00994974874371859 8.40862645596221e-05
0.0100502512562814 4.46133175359729e-05
0.0101507537688442 2.30629866564692e-05
0.010251256281407 1.16262303620015e-05
0.0103517587939698 5.71875098227157e-06
0.0104522613065327 2.74597148734545e-06
0.0105527638190955 1.28755042348313e-06
0.0106532663316583 5.89671720397187e-07
0.0107537688442211 2.63824411699302e-07
0.0108542713567839 1.15330583853566e-07
0.0109547738693467 4.9267118770376e-08
0.0110552763819095 2.05687265122048e-08
0.0111557788944724 8.39360155569604e-09
0.0112562814070352 3.34838397842292e-09
0.011356783919598 1.30594761791118e-09
0.0114572864321608 4.98059313216012e-10
0.0115577889447236 1.85766301206398e-10
0.0116582914572864 6.77726612831889e-11
0.0117587939698492 2.41892041381197e-11
0.0118592964824121 8.44798009115122e-12
0.0119597989949749 2.88762003290556e-12
0.0120603015075377 9.66220778254434e-13
0.0121608040201005 3.16545035974056e-13
0.0122613065326633 1.01530007569735e-13
0.0123618090452261 3.185415503936e-14
0.0124623115577889 9.73793612543155e-15
0.0125628140703518 2.8583483815246e-15
0.0126633165829146 7.59940114364085e-16
0.0127638190954774 1.31871929557767e-16
0.0128643216080402 -5.27593867782493e-17
0.012964824120603 -1.06127485772239e-16
0.0130653266331658 -1.21317723175177e-16
0.0131658291457286 -1.25583004844896e-16
0.0132663316582915 -1.26767196931377e-16
0.0133668341708543 -1.2709318282274e-16
0.0134673366834171 -1.27182453473981e-16
0.0135678391959799 -1.27206863149332e-16
0.0136683417085427 -1.27213553486014e-16
0.0137688442211055 -1.27215398373418e-16
0.0138693467336683 -1.2721591174802e-16
0.0139698492462312 -1.27216056173967e-16
0.014070351758794 -1.27216097263044e-16
0.0141708542713568 -1.27216109072686e-16
0.0142713567839196 -1.27216112494911e-16
0.0143718592964824 -1.27216113491798e-16
0.0144723618090452 -1.27216113782756e-16
0.014572864321608 -1.27216113867584e-16
0.0146733668341709 -1.27216113892223e-16
0.0147738693467337 -1.27216113899338e-16
0.0148743718592965 -1.27216113901376e-16
0.0149748743718593 -1.27216113901955e-16
0.0150753768844221 -1.27216113902118e-16
0.0151758793969849 -1.27216113902163e-16
0.0152763819095477 -1.27216113902176e-16
0.0153768844221106 -1.27216113902179e-16
0.0154773869346734 -1.2721611390218e-16
0.0155778894472362 -1.2721611390218e-16
0.015678391959799 -1.2721611390218e-16
0.0157788944723618 -1.2721611390218e-16
0.0158793969849246 -1.2721611390218e-16
0.0159798994974874 -1.2721611390218e-16
0.0160804020100503 -1.2721611390218e-16
0.0161809045226131 -1.2721611390218e-16
0.0162814070351759 -1.2721611390218e-16
0.0163819095477387 -1.2721611390218e-16
0.0164824120603015 -1.2721611390218e-16
0.0165829145728643 -1.2721611390218e-16
0.0166834170854271 -1.2721611390218e-16
0.01678391959799 -1.2721611390218e-16
0.0168844221105528 -1.2721611390218e-16
0.0169849246231156 -1.2721611390218e-16
0.0170854271356784 -1.2721611390218e-16
0.0171859296482412 -1.2721611390218e-16
0.017286432160804 -1.2721611390218e-16
0.0173869346733668 -1.2721611390218e-16
0.0174874371859296 -1.2721611390218e-16
0.0175879396984925 -1.2721611390218e-16
0.0176884422110553 -1.2721611390218e-16
0.0177889447236181 -1.2721611390218e-16
0.0178894472361809 -1.2721611390218e-16
0.0179899497487437 -1.2721611390218e-16
0.0180904522613065 -1.2721611390218e-16
0.0181909547738693 -1.2721611390218e-16
0.0182914572864322 -1.2721611390218e-16
0.018391959798995 -1.2721611390218e-16
0.0184924623115578 -1.2721611390218e-16
0.0185929648241206 -1.2721611390218e-16
0.0186934673366834 -1.2721611390218e-16
0.0187939698492462 -1.2721611390218e-16
0.018894472361809 -1.2721611390218e-16
0.0189949748743719 -1.2721611390218e-16
0.0190954773869347 -1.2721611390218e-16
0.0191959798994975 -1.2721611390218e-16
0.0192964824120603 -1.2721611390218e-16
0.0193969849246231 -1.2721611390218e-16
0.0194974874371859 -1.2721611390218e-16
0.0195979899497487 -1.2721611390218e-16
0.0196984924623116 -1.2721611390218e-16
0.0197989949748744 -1.2721611390218e-16
0.0198994974874372 -1.2721611390218e-16
0.02 -1.2721611390218e-16
