0 2.825962587097161
1 1.82250168920902
2 1.4066698843277894
3 1.4308865209927821
4 1.2211446406265496
5 1.0760993804966492
6 1.1972956431579205
7 1.0159198071573055
8 0.9559292346270838
9 0.9143278959939319
10 0.8552058747516595
11 0.8368644195156965
12 0.759720130322002
13 0.9702881493125216
14 0.7892479476337207
15 0.7723103003006218
16 0.7477529659204961
17 0.6932008664013205
18 0.6951475546292509
19 0.6514041355095673
20 0.6450426186709924
21 0.6259116523596324
22 0.6196725573343991
23 0.61832128803412
24 0.6090167610887145
25 0.6008995995760755
26 0.5937538980792676
27 0.5893834115490134
28 0.5831252015935983
29 0.5760139578499958
30 0.5749612887165687
31 0.57493814014156
32 0.574938142331213
33 0.5749381441234303
34 0.5749381455190476
35 0.5749381465315462
36 0.5749381471841447
