Grouping:BoSSS-J686
# x 	 y
0.0000000000000000E+000	1.0603039172518796E+000
5.0000000000000001E-003	1.0603054756475487E+000
1.0000000000000000E-002	1.0602521818800903E+000
1.4999999999999999E-002	1.0601482761494516E+000
2.0000000000000000E-002	1.0599957185632387E+000
2.5000000000000001E-002	1.0597950331175980E+000
3.0000000000000002E-002	1.0595508271183112E+000
3.5000000000000003E-002	1.0592539419146771E+000
4.0000000000000001E-002	1.0589104453249687E+000
4.4999999999999998E-002	1.0585213269268383E+000
4.9999999999999996E-002	1.0580860246416270E+000
5.4999999999999993E-002	1.0576041923891906E+000
5.9999999999999991E-002	1.0570754006406147E+000
6.4999999999999988E-002	1.0564991024155246E+000
6.9999999999999993E-002	1.0558777125749237E+000
7.4999999999999997E-002	1.0552024225785903E+000
8.0000000000000002E-002	1.0544777496349305E+000
8.5000000000000006E-002	1.0537037517787036E+000
9.0000000000000011E-002	1.0528791181984092E+000
9.5000000000000015E-002	1.0520029127664603E+000
1.0000000000000002E-001	1.0510744613797525E+000
1.0500000000000002E-001	1.0500932688913300E+000
1.1000000000000003E-001	1.0490589164408823E+000
1.1500000000000003E-001	1.0479673146199504E+000
1.2000000000000004E-001	1.0468210946438781E+000
1.2500000000000003E-001	1.0456264424005781E+000
1.3000000000000003E-001	1.0443704661422586E+000
1.3500000000000004E-001	1.0430641172945960E+000
1.4000000000000004E-001	1.0417089446254779E+000
1.4500000000000005E-001	1.0403054217580583E+000
1.5000000000000005E-001	1.0388546283535431E+000
1.5500000000000005E-001	1.0373587477704866E+000
1.6000000000000006E-001	1.0358189412042778E+000
1.6500000000000006E-001	1.0342372781015514E+000
1.7000000000000007E-001	1.0326161305762938E+000
1.7500000000000007E-001	1.0309578205399392E+000
1.8000000000000008E-001	1.0292651896404994E+000
1.8500000000000008E-001	1.0275415096160097E+000
1.9000000000000009E-001	1.0257904935802216E+000
1.9500000000000009E-001	1.0240151100439179E+000
2.0000000000000009E-001	1.0222188196755111E+000
2.0500000000000010E-001	1.0204057367102668E+000
2.1000000000000010E-001	1.0185802643314674E+000
2.1500000000000011E-001	1.0167468525455288E+000
2.2000000000000011E-001	1.0149099020535064E+000
2.2500000000000012E-001	1.0130737706100950E+000
2.3000000000000012E-001	1.0112427521061655E+000
2.3500000000000013E-001	1.0094210825253562E+000
2.4000000000000013E-001	1.0076128765646617E+000
2.4500000000000013E-001	1.0058222195050603E+000
2.5000000000000011E-001	1.0040851958413670E+000
2.5500000000000012E-001	1.0023129043285868E+000
2.6000000000000012E-001	1.0005927836609139E+000
2.6500000000000012E-001	9.9894340821021699E-001
2.7000000000000013E-001	9.9727403204896092E-001
2.7500000000000013E-001	9.9566209884009216E-001
2.8000000000000014E-001	9.9409545053655868E-001
2.8500000000000014E-001	9.9257487697726965E-001
2.9000000000000015E-001	9.9110284071115362E-001
2.9500000000000015E-001	9.8968207616527970E-001
3.0000000000000016E-001	9.8831529886796043E-001
3.0500000000000016E-001	9.8700509703455708E-001
3.1000000000000016E-001	9.8578177904921693E-001
3.1500000000000017E-001	9.8457843211696583E-001
3.2000000000000017E-001	9.8344792846799478E-001
3.2500000000000018E-001	9.8238430401127197E-001
3.3000000000000018E-001	9.8138771763315924E-001
3.3500000000000019E-001	9.8045918148121114E-001
3.4000000000000019E-001	9.7960013218323205E-001
3.4500000000000020E-001	9.7881183050635512E-001
3.5000000000000020E-001	9.7809530519468724E-001
3.5500000000000020E-001	9.7745129338101189E-001
3.6000000000000021E-001	9.7688022610810310E-001
3.6500000000000021E-001	9.7638224335191537E-001
3.7000000000000022E-001	9.7599762409630042E-001
3.7500000000000022E-001	9.7564608447237255E-001
3.8000000000000023E-001	9.7534896484699396E-001
3.8500000000000023E-001	9.7513491782167172E-001
3.9000000000000024E-001	9.7499288842266452E-001
3.9500000000000024E-001	9.7492021160731090E-001
4.0000000000000024E-001	9.7491500289290489E-001
4.0500000000000025E-001	9.7497559340787743E-001
4.1000000000000025E-001	9.7510025315277149E-001
4.1500000000000026E-001	9.7528709519884471E-001
4.2000000000000026E-001	9.7553408652269347E-001
4.2500000000000027E-001	9.7583908795655638E-001
4.3000000000000027E-001	9.7619974987264024E-001
4.3500000000000028E-001	9.7661360251167373E-001
4.4000000000000028E-001	9.7707808868916124E-001
4.4500000000000028E-001	9.7762391652310388E-001
4.5000000000000029E-001	9.7816535681751249E-001
4.5500000000000029E-001	9.7876260205057852E-001
4.6000000000000030E-001	9.7940140265607012E-001
4.6500000000000030E-001	9.8007757557969943E-001
4.7000000000000031E-001	9.8078806013856623E-001
4.7500000000000031E-001	9.8153015470260307E-001
4.8000000000000032E-001	9.8230127101771514E-001
4.8500000000000032E-001	9.8309886050276585E-001
4.9000000000000032E-001	9.8392039911970908E-001
4.9500000000000033E-001	9.8476339474889818E-001
5.0000000000000033E-001	9.8562532578018058E-001
5.0500000000000034E-001	9.8650386308074911E-001
5.1000000000000034E-001	9.8739669367639549E-001
5.1500000000000035E-001	9.8831507131103635E-001
5.2000000000000035E-001	9.8922257996131879E-001
5.2500000000000036E-001	9.9014364412906342E-001
5.3000000000000036E-001	9.9107140568594643E-001
5.3500000000000036E-001	9.9200328388751613E-001
5.4000000000000037E-001	9.9293712126090528E-001
5.4500000000000037E-001	9.9387107627647830E-001
5.5000000000000038E-001	9.9480345641936008E-001
5.5500000000000038E-001	9.9573265605117245E-001
5.6000000000000039E-001	9.9665714762695379E-001
5.6500000000000039E-001	9.9757547004604008E-001
5.7000000000000040E-001	9.9848623072891540E-001
5.7500000000000040E-001	9.9938810839005254E-001
5.8000000000000040E-001	1.0002798551119312E+000
5.8500000000000041E-001	1.0011602957916199E+000
5.9000000000000041E-001	1.0020202225381196E+000
5.9500000000000042E-001	1.0028792659999313E+000
6.0000000000000042E-001	1.0037183722314786E+000
6.0500000000000043E-001	1.0045424803525558E+000
6.1000000000000043E-001	1.0053428382145182E+000
6.1500000000000044E-001	1.0061417384474660E+000
6.2000000000000044E-001	1.0069148752306800E+000
6.2500000000000044E-001	1.0076699192214431E+000
6.3000000000000045E-001	1.0084069903289186E+000
6.3500000000000045E-001	1.0091252704360245E+000
6.4000000000000046E-001	1.0098240550317759E+000
6.4500000000000046E-001	1.0105027754201563E+000
6.5000000000000047E-001	1.0111609453790191E+000
6.5500000000000047E-001	1.0117981335610695E+000
6.6000000000000048E-001	1.0124139546384070E+000
6.6500000000000048E-001	1.0130080700543058E+000
6.7000000000000048E-001	1.0135801968665654E+000
6.7500000000000049E-001	1.0141300709721026E+000
6.8000000000000049E-001	1.0146574749130053E+000
6.8500000000000050E-001	1.0151622304239238E+000
6.9000000000000050E-001	1.0156441940092233E+000
6.9500000000000051E-001	1.0161032525988554E+000
7.0000000000000051E-001	1.0165393198554387E+000
7.0500000000000052E-001	1.0169523347094140E+000
7.1000000000000052E-001	1.0173422584215512E+000
7.1500000000000052E-001	1.0177090700562932E+000
7.2000000000000053E-001	1.0180527664072616E+000
7.2500000000000053E-001	1.0183733604613461E+000
7.3000000000000054E-001	1.0186708782218106E+000
7.3500000000000054E-001	1.0189453514715729E+000
7.4000000000000055E-001	1.0191968066935728E+000
7.4500000000000055E-001	1.0194252765244578E+000
7.5000000000000056E-001	1.0196308110597128E+000
7.5500000000000056E-001	1.0198134803829189E+000
7.6000000000000056E-001	1.0199733751325277E+000
7.6500000000000057E-001	1.0201106036595462E+000
7.7000000000000057E-001	1.0202252897671864E+000
7.7500000000000058E-001	1.0203175744463417E+000
7.8000000000000058E-001	1.0203876159907126E+000
7.8500000000000059E-001	1.0204355957625031E+000
7.9000000000000059E-001	1.0204617173278747E+000
7.9500000000000060E-001	1.0204661898133280E+000
8.0000000000000060E-001	1.0204492028470709E+000
8.0500000000000060E-001	1.0204109902183298E+000
8.1000000000000061E-001	1.0203517939197519E+000
8.1500000000000061E-001	1.0202718572581451E+000
8.2000000000000062E-001	1.0201714515020606E+000
8.2500000000000062E-001	1.0200508777111741E+000
8.3000000000000063E-001	1.0199104462738027E+000
8.3500000000000063E-001	1.0197504855864687E+000
8.4000000000000064E-001	1.0195713411584442E+000
8.4500000000000064E-001	1.0193733758098422E+000
8.5000000000000064E-001	1.0191569696271130E+000
8.5500000000000065E-001	1.0189225196627665E+000
8.6000000000000065E-001	1.0186704412107808E+000
8.6500000000000066E-001	1.0184011663612109E+000
8.7000000000000066E-001	1.0181151444361780E+000
8.7500000000000067E-001	1.0178128422065409E+000
8.8000000000000067E-001	1.0174947437970061E+000
8.8500000000000068E-001	1.0171613505361332E+000
8.9000000000000068E-001	1.0168131807525669E+000
8.9500000000000068E-001	1.0164507729034704E+000
9.0000000000000069E-001	1.0160746747149556E+000
9.0500000000000069E-001	1.0156854543647602E+000
9.1000000000000070E-001	1.0152837008350541E+000
9.1500000000000070E-001	1.0148700146089649E+000
9.2000000000000071E-001	1.0144450084049739E+000
9.2500000000000071E-001	1.0140093151373772E+000
9.3000000000000071E-001	1.0135635856139138E+000
9.3500000000000072E-001	1.0131084788806362E+000
9.4000000000000072E-001	1.0126446665666693E+000
9.4500000000000073E-001	1.0121728306807785E+000
9.5000000000000073E-001	1.0116936683690372E+000
9.5500000000000074E-001	1.0112078894668461E+000
9.6000000000000074E-001	1.0107162074442064E+000
9.6500000000000075E-001	1.0102193433507864E+000
9.7000000000000075E-001	1.0097180233551502E+000
9.7500000000000075E-001	1.0092129844226188E+000
9.8000000000000076E-001	1.0087049640658348E+000
9.8500000000000076E-001	1.0081946981414664E+000
9.9000000000000077E-001	1.0076829284985278E+000
9.9500000000000077E-001	1.0071703941313301E+000
1.0000000000000007E+000	1.0066578285986654E+000
1.0050000000000006E+000	1.0061459661203147E+000
1.0100000000000005E+000	1.0056355332454656E+000
1.0150000000000003E+000	1.0051272464202341E+000
1.0200000000000002E+000	1.0046218156344928E+000
1.0250000000000001E+000	1.0041199414507620E+000
1.0300000000000000E+000	1.0036222830792247E+000
1.0349999999999999E+000	1.0031295348989857E+000
1.0399999999999998E+000	1.0026423625500784E+000
1.0449999999999997E+000	1.0021614131642542E+000
1.0499999999999996E+000	1.0016873152326284E+000
1.0549999999999995E+000	1.0012206738363105E+000
1.0599999999999994E+000	1.0007620726660780E+000
1.0649999999999993E+000	1.0003120755266268E+000
1.0699999999999992E+000	9.9987122507042792E-001
1.0749999999999991E+000	9.9944003637491430E-001
1.0799999999999990E+000	9.9901899796323268E-001
1.0849999999999989E+000	9.9860857503745537E-001
1.0899999999999987E+000	9.9820920703731952E-001
1.0949999999999986E+000	9.9782130707589312E-001
1.0999999999999985E+000	9.9744525633235070E-001
1.1049999999999984E+000	9.9708140994293470E-001
1.1099999999999983E+000	9.9673009469554807E-001
1.1149999999999982E+000	9.9639160834910023E-001
1.1199999999999981E+000	9.9606621876382739E-001
1.1249999999999980E+000	9.9575415596760741E-001
1.1299999999999979E+000	9.9545565161308647E-001
1.1349999999999978E+000	9.9517087430422968E-001
1.1399999999999977E+000	9.9489996982055751E-001
1.1449999999999976E+000	9.9464306873123276E-001
1.1499999999999975E+000	9.9441632764820564E-001
1.1549999999999974E+000	9.9417970142504086E-001
1.1599999999999973E+000	9.9396151193228044E-001
1.1649999999999971E+000	9.9375890613256512E-001
1.1699999999999970E+000	9.9357123309073581E-001
1.1749999999999969E+000	9.9339806012421916E-001
1.1799999999999968E+000	9.9323916165732051E-001
1.1849999999999967E+000	9.9309438232716074E-001
1.1899999999999966E+000	9.9296357091349108E-001
1.1949999999999965E+000	9.9284655691369084E-001
1.1999999999999964E+000	9.9274314407847863E-001
1.2049999999999963E+000	9.9265310643167171E-001
1.2099999999999962E+000	9.9257619245179995E-001
1.2149999999999961E+000	9.9251213743417943E-001
1.2199999999999960E+000	9.9246064225097752E-001
1.2249999999999959E+000	9.9242139029748722E-001
1.2299999999999958E+000	9.9239404759948091E-001
1.2349999999999957E+000	9.9237826403656948E-001
1.2399999999999956E+000	9.9237367637009333E-001
1.2449999999999954E+000	9.9237990678809318E-001
1.2499999999999953E+000	9.9239656270219689E-001
1.2549999999999952E+000	9.9242325022163480E-001
1.2599999999999951E+000	9.9245956913463496E-001
1.2649999999999950E+000	9.9250511373242201E-001
1.2699999999999949E+000	9.9256399535886974E-001
1.2749999999999948E+000	9.9262077993186326E-001
1.2799999999999947E+000	9.9268895877787466E-001
1.2849999999999946E+000	9.9276605318246014E-001
1.2899999999999945E+000	9.9285113707262129E-001
1.2949999999999944E+000	9.9294341347759285E-001
1.2999999999999943E+000	9.9304228630334235E-001
1.3049999999999942E+000	9.9314725458263597E-001
1.3099999999999941E+000	9.9325785160645264E-001
1.3149999999999940E+000	9.9337361998193219E-001
1.3199999999999938E+000	9.9349410839078911E-001
1.3249999999999937E+000	9.9361887349520428E-001
1.3299999999999936E+000	9.9374748219661946E-001
1.3349999999999935E+000	9.9387951336994029E-001
1.3399999999999934E+000	9.9401455897754698E-001
1.3449999999999933E+000	9.9415222460981423E-001
1.3499999999999932E+000	9.9429212952814094E-001
1.3549999999999931E+000	9.9443390629998840E-001
1.3599999999999930E+000	9.9457720023023233E-001
1.3649999999999929E+000	9.9472166870655809E-001
1.3699999999999928E+000	9.9486698058443745E-001
1.3749999999999927E+000	9.9501281559818366E-001
1.3799999999999926E+000	9.9515886386220886E-001
1.3849999999999925E+000	9.9530482547246879E-001
1.3899999999999924E+000	9.9545041125666334E-001
1.3949999999999922E+000	9.9559534455589971E-001
1.3999999999999921E+000	9.9573935180342776E-001
1.4049999999999920E+000	9.9588216235237392E-001
1.4099999999999919E+000	9.9602351918105392E-001
1.4149999999999918E+000	9.9616317764932882E-001
1.4199999999999917E+000	9.9630090245819014E-001
1.4249999999999916E+000	9.9643646733978775E-001
1.4299999999999915E+000	9.9656965429269040E-001
1.4349999999999914E+000	9.9670025466392920E-001
1.4399999999999913E+000	9.9682807250303851E-001
1.4449999999999912E+000	9.9695292691503712E-001
1.4499999999999911E+000	9.9707462950238179E-001
1.4549999999999910E+000	9.9719300368691299E-001
1.4599999999999909E+000	9.9730788321678565E-001
1.4649999999999908E+000	9.9741911192770616E-001
1.4699999999999906E+000	9.9752654295711340E-001
1.4749999999999905E+000	9.9763003845599163E-001
1.4799999999999904E+000	9.9772946980422006E-001
1.4849999999999903E+000	9.9782471771378045E-001
1.4899999999999902E+000	9.9791567235504486E-001
1.4949999999999901E+000	9.9800223326493553E-001
1.4999999999999900E+000	9.9808431192522928E-001
1.5049999999999899E+000	9.9816182229859118E-001
1.5099999999999898E+000	9.9823469211487470E-001
1.5149999999999897E+000	9.9830285943261798E-001
1.5199999999999896E+000	9.9836626982354992E-001
1.5249999999999895E+000	9.9842487775025135E-001
1.5299999999999894E+000	9.9847865008734304E-001
1.5349999999999893E+000	9.9852755483550848E-001
1.5399999999999892E+000	9.9857157310053735E-001
1.5449999999999890E+000	9.9861069496003163E-001
1.5499999999999889E+000	9.9864491788865883E-001
1.5549999999999888E+000	9.9867425056833570E-001
1.5599999999999887E+000	9.9869870337871491E-001
1.5649999999999886E+000	9.9871830023539743E-001
1.5699999999999885E+000	9.9873307410093870E-001
1.5749999999999884E+000	9.9874306503050680E-001
1.5799999999999883E+000	9.9874832059322172E-001
1.5849999999999882E+000	9.9874889809422185E-001
1.5899999999999881E+000	9.9874485549355241E-001
1.5949999999999880E+000	9.9873626176769192E-001
1.5999999999999879E+000	9.9872319414956734E-001
1.6049999999999878E+000	9.9870573487367953E-001
1.6099999999999877E+000	9.9868397361290240E-001
1.6149999999999876E+000	9.9865799926392340E-001
1.6199999999999875E+000	9.9862791107986637E-001
1.6249999999999873E+000	9.9859381657192092E-001
1.6299999999999872E+000	9.9855582631039075E-001
1.6349999999999871E+000	9.9851405882228095E-001
1.6399999999999870E+000	9.9846863344435821E-001
1.6449999999999869E+000	9.9841967038687052E-001
1.6499999999999868E+000	9.9836729975993832E-001
1.6549999999999867E+000	9.9831165679639045E-001
1.6599999999999866E+000	9.9825287841290411E-001
1.6649999999999865E+000	9.9819110833918345E-001
1.6699999999999864E+000	9.9812648896324141E-001
1.6749999999999863E+000	9.9805916230305824E-001
1.6799999999999862E+000	9.9798927945506499E-001
1.6849999999999861E+000	9.9791699546924406E-001
1.6899999999999860E+000	9.9784246581754654E-001
1.6949999999999859E+000	9.9776585137310247E-001
1.6999999999999857E+000	9.9768731018361578E-001
1.7049999999999856E+000	9.9760699853907087E-001
1.7099999999999855E+000	9.9752508033092047E-001
1.7149999999999854E+000	9.9744172206574133E-001
1.7199999999999853E+000	9.9735708924339661E-001
1.7249999999999852E+000	9.9727135164885128E-001
1.7299999999999851E+000	9.9718467420425638E-001
1.7349999999999850E+000	9.9709721780198057E-001
1.7399999999999849E+000	9.9700915074194818E-001
1.7449999999999848E+000	9.9692064246908929E-001
1.7499999999999847E+000	9.9683186018293446E-001
1.7549999999999846E+000	9.9674296953727270E-001
1.7599999999999845E+000	9.9665413796684776E-001
1.7649999999999844E+000	9.9656552377039220E-001
1.7699999999999843E+000	9.9647728999360419E-001
1.7749999999999841E+000	9.9638959902873514E-001
1.7799999999999840E+000	9.9630261366314843E-001
1.7849999999999839E+000	9.9621648461354118E-001
1.7899999999999838E+000	9.9613136597216390E-001
1.7949999999999837E+000	9.9604741198438362E-001
1.7999999999999836E+000	9.9596477287438923E-001
1.8049999999999835E+000	9.9588359820355288E-001
1.8099999999999834E+000	9.9580402459854578E-001
1.8149999999999833E+000	9.9572619020862041E-001
1.8199999999999832E+000	9.9565023135455510E-001
1.8249999999999831E+000	9.9557627888752132E-001
1.8299999999999830E+000	9.9550446304545448E-001
1.8349999999999829E+000	9.9543490034347337E-001
1.8399999999999828E+000	9.9536770929077978E-001
1.8449999999999827E+000	9.9530300369331171E-001
1.8499999999999825E+000	9.9524089175266539E-001
1.8549999999999824E+000	9.9518148073803536E-001
1.8599999999999823E+000	9.9512485251405014E-001
1.8649999999999822E+000	9.9507109534616600E-001
1.8699999999999821E+000	9.9502030645923600E-001
1.8749999999999820E+000	9.9497257337390643E-001
1.8799999999999819E+000	9.9492798011880224E-001
1.8849999999999818E+000	9.9488659401380752E-001
1.8899999999999817E+000	9.9484848279423910E-001
1.8949999999999816E+000	9.9481371023524279E-001
1.8999999999999815E+000	9.9478233244300562E-001
1.9049999999999814E+000	9.9475440291721007E-001
1.9099999999999813E+000	9.9472995889815663E-001
1.9149999999999812E+000	9.9470903797686350E-001
1.9199999999999811E+000	9.9469167364223898E-001
1.9249999999999809E+000	9.9467789187995237E-001
1.9299999999999808E+000	9.9466771665322440E-001
1.9349999999999807E+000	9.9466115588854875E-001
1.9399999999999806E+000	9.9465821915124197E-001
1.9449999999999805E+000	9.9465891010656593E-001
1.9499999999999804E+000	9.9466322649564298E-001
1.9549999999999803E+000	9.9467116435026526E-001
1.9599999999999802E+000	9.9468270341268317E-001
1.9649999999999801E+000	9.9469782620240121E-001
1.9699999999999800E+000	9.9471651043846443E-001
1.9749999999999799E+000	9.9473872630540183E-001
1.9799999999999798E+000	9.9476443903560141E-001
1.9849999999999797E+000	9.9479361400163246E-001
1.9899999999999796E+000	9.9482620039002212E-001
1.9949999999999795E+000	9.9486215113031873E-001
1.9999999999999793E+000	9.9490141493235917E-001
2.0049999999999795E+000	9.9494393593848462E-001
2.0099999999999794E+000	9.9498965857255572E-001
2.0149999999999793E+000	9.9503851171536362E-001
2.0199999999999791E+000	9.9509042952105475E-001
2.0249999999999790E+000	9.9514534282134737E-001
2.0299999999999789E+000	9.9520317869630792E-001
2.0349999999999788E+000	9.9526385972828768E-001
2.0399999999999787E+000	9.9532731026749388E-001
2.0449999999999786E+000	9.9539344022746157E-001
2.0499999999999785E+000	9.9546216574356250E-001
2.0549999999999784E+000	9.9553340052096884E-001
2.0599999999999783E+000	9.9560705569967012E-001
2.0649999999999782E+000	9.9568303947159331E-001
2.0699999999999781E+000	9.9576126329331038E-001
2.0749999999999780E+000	9.9584162443131796E-001
2.0799999999999779E+000	9.9592402733996821E-001
2.0849999999999778E+000	9.9600837692538979E-001
2.0899999999999777E+000	9.9609457347761021E-001
2.0949999999999775E+000	9.9618251727299478E-001
2.0999999999999774E+000	9.9627211298889162E-001
2.1049999999999773E+000	9.9636325145254001E-001
2.1099999999999772E+000	9.9645583212136746E-001
2.1149999999999771E+000	9.9654975554701575E-001
2.1149999999999771E+000	9.9655161107262713E-001
2.1199999999999770E+000	9.9664435212579461E-001
2.1249999999999769E+000	9.9673906316892424E-001
2.1299999999999768E+000	9.9683553189137475E-001
2.1349999999999767E+000	9.9693335105561121E-001
2.1399999999999766E+000	9.9703225698975584E-001
2.1449999999999765E+000	9.9713207088883971E-001
2.1499999999999764E+000	9.9723265564260855E-001
2.1549999999999763E+000	9.9733387860955003E-001
2.1599999999999762E+000	9.9743562494778260E-001
2.1649999999999761E+000	9.9753778229319912E-001
2.1699999999999759E+000	9.9764024230502213E-001
2.1749999999999758E+000	9.9774288717853132E-001
2.1799999999999757E+000	9.9784561274130412E-001
2.1849999999999756E+000	9.9794832007954382E-001
2.1899999999999755E+000	9.9805091254540368E-001
2.1949999999999754E+000	9.9815329700967648E-001
2.1999999999999753E+000	9.9825538470343000E-001
2.2049999999999752E+000	9.9835709112542126E-001
2.2099999999999751E+000	9.9845834144916479E-001
2.2149999999999750E+000	9.9855904973044951E-001
2.2199999999999749E+000	9.9865914311763826E-001
2.2249999999999748E+000	9.9875855351454923E-001
2.2299999999999747E+000	9.9885721397692495E-001
2.2349999999999746E+000	9.9895505976015442E-001
2.2399999999999745E+000	9.9905202923321457E-001
2.2449999999999743E+000	9.9914806392462752E-001
2.2499999999999742E+000	9.9924310826678664E-001
2.2549999999999741E+000	9.9933711039030892E-001
2.2599999999999740E+000	9.9943001975294488E-001
2.2649999999999739E+000	9.9952179441343003E-001
2.2699999999999738E+000	9.9961237920960422E-001
2.2749999999999737E+000	9.9970173161319920E-001
2.2799999999999736E+000	9.9978981309210613E-001
2.2849999999999735E+000	9.9987658517215772E-001
2.2899999999999734E+000	9.9996201060575940E-001
2.2949999999999733E+000	1.0000460544114660E+000
2.2999999999999732E+000	1.0001286839462957E+000
2.3049999999999731E+000	1.0002098687685259E+000
2.3099999999999730E+000	1.0002895805285370E+000
2.3149999999999729E+000	1.0003677928831740E+000
2.3199999999999728E+000	1.0004444815629261E+000
2.3249999999999726E+000	1.0005196454127581E+000
2.3299999999999725E+000	1.0005932486824274E+000
2.3349999999999724E+000	1.0006652772782714E+000
2.3399999999999723E+000	1.0007357247286284E+000
2.3449999999999722E+000	1.0008045829040786E+000
2.3499999999999721E+000	1.0008718415754341E+000
2.3549999999999720E+000	1.0009374881416528E+000
2.3599999999999719E+000	1.0010015122608602E+000
2.3649999999999718E+000	1.0010639047308516E+000
2.3699999999999717E+000	1.0011246578915538E+000
2.3749999999999716E+000	1.0011837665937338E+000
2.3799999999999715E+000	1.0012412270228324E+000
2.3849999999999714E+000	1.0012970393635001E+000
2.3899999999999713E+000	1.0013512063678625E+000
2.3949999999999712E+000	1.0014037332348564E+000
2.3999999999999710E+000	1.0014546279172698E+000
2.4049999999999709E+000	1.0015038996438514E+000
2.4099999999999708E+000	1.0015515618223465E+000
2.4149999999999707E+000	1.0015976302848106E+000
2.4199999999999706E+000	1.0016421227853605E+000
2.4249999999999705E+000	1.0016850589625019E+000
2.4299999999999704E+000	1.0017264598991862E+000
2.4349999999999703E+000	1.0017663494590923E+000
2.4399999999999702E+000	1.0018047530465475E+000
2.4449999999999701E+000	1.0018416976678550E+000
2.4499999999999700E+000	1.0018772109051346E+000
2.4549999999999699E+000	1.0019113225185194E+000
2.4599999999999698E+000	1.0019440632333849E+000
2.4649999999999697E+000	1.0019754648092414E+000
2.4699999999999696E+000	1.0020055590605992E+000
2.4749999999999694E+000	1.0020343794264726E+000
2.4799999999999693E+000	1.0020619598297256E+000
2.4849999999999692E+000	1.0020883346218974E+000
2.4899999999999691E+000	1.0021135387537226E+000
2.4949999999999690E+000	1.0021376068049059E+000
2.4999999999999689E+000	1.0021605743022219E+000
2.5049999999999688E+000	1.0021824780967050E+000
2.5099999999999687E+000	1.0022033554596890E+000
2.5149999999999686E+000	1.0022232421358483E+000
2.5199999999999685E+000	1.0022421745632693E+000
2.5249999999999684E+000	1.0022601890949612E+000
2.5299999999999683E+000	1.0022773211112741E+000
2.5349999999999682E+000	1.0022936058406580E+000
2.5399999999999681E+000	1.0023090773887318E+000
2.5449999999999680E+000	1.0023237673093803E+000
2.5499999999999678E+000	1.0023377198014467E+000
2.5549999999999677E+000	1.0023509577207894E+000
2.5599999999999676E+000	1.0023635187673934E+000
2.5649999999999675E+000	1.0023754402073697E+000
2.5699999999999674E+000	1.0023867543397336E+000
2.5749999999999673E+000	1.0023974914681044E+000
2.5799999999999672E+000	1.0024076809401961E+000
2.5849999999999671E+000	1.0024173544300783E+000
2.5899999999999670E+000	1.0024265431993427E+000
2.5949999999999669E+000	1.0024352771429506E+000
2.5999999999999668E+000	1.0024435858923237E+000
2.6049999999999667E+000	1.0024514989359938E+000
2.6099999999999666E+000	1.0024590453206492E+000
2.6149999999999665E+000	1.0024662534236335E+000
2.6199999999999664E+000	1.0024731508896039E+000
2.6249999999999662E+000	1.0024797646229957E+000
2.6299999999999661E+000	1.0024861207628530E+000
2.6349999999999660E+000	1.0024922446374445E+000
2.6399999999999659E+000	1.0024981607105661E+000
2.6449999999999658E+000	1.0025038925304286E+000
2.6499999999999657E+000	1.0025094626858699E+000
2.6549999999999656E+000	1.0025148927663887E+000
2.6599999999999655E+000	1.0025202033251164E+000
2.6649999999999654E+000	1.0025254138481468E+000
2.6699999999999653E+000	1.0025305423969579E+000
2.6749999999999652E+000	1.0025356061663266E+000
2.6799999999999651E+000	1.0025406215797794E+000
2.6849999999999650E+000	1.0025456037722051E+000
2.6899999999999649E+000	1.0025505665952472E+000
2.6949999999999648E+000	1.0025555226894987E+000
2.6999999999999647E+000	1.0025604835481150E+000
2.7049999999999645E+000	1.0025654595446667E+000
2.7099999999999644E+000	1.0025704599188638E+000
2.7149999999999643E+000	1.0025754927748363E+000
2.7199999999999642E+000	1.0025805650818918E+000
2.7249999999999641E+000	1.0025856826819164E+000
2.7299999999999640E+000	1.0025908503127876E+000
2.7349999999999639E+000	1.0025960716380091E+000
2.7399999999999638E+000	1.0026013492257946E+000
2.7449999999999637E+000	1.0026066845884500E+000
2.7499999999999636E+000	1.0026120782180989E+000
2.7549999999999635E+000	1.0026175296324955E+000
2.7599999999999634E+000	1.0026230373896885E+000
2.7649999999999633E+000	1.0026285991074606E+000
2.7699999999999632E+000	1.0026342114890521E+000
2.7749999999999631E+000	1.0026398703952537E+000
2.7799999999999629E+000	1.0026455708629678E+000
2.7849999999999628E+000	1.0026513071108409E+000
2.7899999999999627E+000	1.0026570725222321E+000
2.7949999999999626E+000	1.0026628597415881E+000
2.7999999999999625E+000	1.0026686606616502E+000
2.8049999999999624E+000	1.0026744664447789E+000
2.8099999999999623E+000	1.0026802675528557E+000
2.8149999999999622E+000	1.0026860537979432E+000
2.8199999999999621E+000	1.0026918143633394E+000
2.8249999999999620E+000	1.0026975377991354E+000
2.8299999999999619E+000	1.0027032121089843E+000
2.8349999999999618E+000	1.0027088247831761E+000
2.8399999999999617E+000	1.0027143628306090E+000
2.8449999999999616E+000	1.0027198127924850E+000
2.8499999999999615E+000	1.0027251608548786E+000
2.8549999999999613E+000	1.0027303928227647E+000
2.8599999999999612E+000	1.0027354941360844E+000
2.8649999999999611E+000	1.0027404499088903E+000
2.8699999999999610E+000	1.0027452449789851E+000
2.8749999999999609E+000	1.0027498639239387E+000
2.8799999999999608E+000	1.0027542910818823E+000
2.8849999999999607E+000	1.0027585105995764E+000
2.8899999999999606E+000	1.0027625064548169E+000
2.8949999999999605E+000	1.0027662625106115E+000
2.8999999999999604E+000	1.0027697625327947E+000
2.9049999999999603E+000	1.0027729902335203E+000
2.9099999999999602E+000	1.0027759292998062E+000
2.9149999999999601E+000	1.0027785634119950E+000
2.9199999999999600E+000	1.0027808762761434E+000
2.9249999999999599E+000	1.0027828516595161E+000
2.9299999999999597E+000	1.0027844734264098E+000
2.9349999999999596E+000	1.0027857255573431E+000
2.9399999999999595E+000	1.0027865921966979E+000
2.9449999999999594E+000	1.0027870576856619E+000
2.9499999999999593E+000	1.0027871065876102E+000
2.9549999999999592E+000	1.0027867237238084E+000
2.9599999999999591E+000	1.0027858941840717E+000
2.9649999999999590E+000	1.0027846033740753E+000
2.9699999999999589E+000	1.0027828370131822E+000
2.9749999999999588E+000	1.0027805811731874E+000
2.9799999999999587E+000	1.0027778223251462E+000
2.9849999999999586E+000	1.0027745473477083E+000
2.9899999999999585E+000	1.0027707435597417E+000
2.9949999999999584E+000	1.0027663987194868E+000
2.9999999999999583E+000	1.0027615010517457E+000
3.0049999999999581E+000	1.0027560392817008E+000
3.0099999999999580E+000	1.0027500026359952E+000
3.0149999999999579E+000	1.0027433808351054E+000
3.0199999999999578E+000	1.0027361641379176E+000
3.0249999999999577E+000	1.0027283433443392E+000
3.0299999999999576E+000	1.0027199097687907E+000
3.0349999999999575E+000	1.0027108552738291E+000
3.0399999999999574E+000	1.0027011723520811E+000
3.0449999999999573E+000	1.0026908541262423E+000
3.0499999999999572E+000	1.0026798942656152E+000
3.0549999999999571E+000	1.0026682869951631E+000
3.0599999999999570E+000	1.0026560273031291E+000
3.0649999999999569E+000	1.0026431108054961E+000
3.0699999999999568E+000	1.0026295336982747E+000
3.0749999999999567E+000	1.0026152928012906E+000
3.0799999999999566E+000	1.0026003855674668E+000
3.0849999999999564E+000	1.0025848100842838E+000
3.0899999999999563E+000	1.0025685650746230E+000
3.0949999999999562E+000	1.0025516498927449E+000
3.0999999999999561E+000	1.0025340645222813E+000
3.1049999999999560E+000	1.0025158095751139E+000
3.1099999999999559E+000	1.0024968862897290E+000
3.1149999999999558E+000	1.0024772965275968E+000
3.1199999999999557E+000	1.0024570427670694E+000
3.1249999999999556E+000	1.0024361280983658E+000
3.1299999999999555E+000	1.0024145562173354E+000
3.1349999999999554E+000	1.0023923314176968E+000
3.1399999999999553E+000	1.0023694585825464E+000
3.1449999999999552E+000	1.0023459431753419E+000
3.1499999999999551E+000	1.0023217912301567E+000
3.1549999999999550E+000	1.0022970093413544E+000
3.1599999999999548E+000	1.0022716046526350E+000
3.1649999999999547E+000	1.0022455848454692E+000
3.1699999999999546E+000	1.0022189581269305E+000
3.1749999999999545E+000	1.0021917332169608E+000
3.1799999999999544E+000	1.0021639192684813E+000
3.1849999999999543E+000	1.0021355262395255E+000
3.1899999999999542E+000	1.0021065642919456E+000
3.1949999999999541E+000	1.0020770444972564E+000
3.1999999999999540E+000	1.0020469779570498E+000
3.2049999999999539E+000	1.0020163760015066E+000
3.2099999999999538E+000	1.0019852503176758E+000
3.2149999999999537E+000	1.0019536130078759E+000
3.2199999999999536E+000	1.0019214765823548E+000
3.2249999999999535E+000	1.0018888539403894E+000
3.2299999999999534E+000	1.0018557583549719E+000
3.2349999999999532E+000	1.0018222034559496E+000
3.2399999999999531E+000	1.0017882032097096E+000
3.2449999999999530E+000	1.0017537718973855E+000
3.2499999999999529E+000	1.0017189240933146E+000
3.2549999999999528E+000	1.0016836746440541E+000
3.2599999999999527E+000	1.0016480386477227E+000
3.2649999999999526E+000	1.0016120314335815E+000
3.2699999999999525E+000	1.0015756688478232E+000
3.2749999999999524E+000	1.0015389646103454E+000
3.2799999999999523E+000	1.0015019336825517E+000
3.2849999999999522E+000	1.0014645924823244E+000
3.2899999999999521E+000	1.0014269580755462E+000
3.2949999999999520E+000	1.0013890475091434E+000
3.2999999999999519E+000	1.0013508776437379E+000
3.3049999999999518E+000	1.0013124652680214E+000
3.3099999999999516E+000	1.0012738271682304E+000
3.3149999999999515E+000	1.0012349801149543E+000
3.3199999999999514E+000	1.0011959408059286E+000
3.3249999999999513E+000	1.0011567260295720E+000
3.3299999999999512E+000	1.0011173523888401E+000
3.3349999999999511E+000	1.0010778367626250E+000
3.3399999999999510E+000	1.0010381932047445E+000
3.3449999999999509E+000	1.0009984368969984E+000
3.3499999999999508E+000	1.0009585842628930E+000
3.3549999999999507E+000	1.0009186522392921E+000
3.3599999999999506E+000	1.0008786575127773E+000
3.3649999999999505E+000	1.0008386163524774E+000
3.3699999999999504E+000	1.0007985447360657E+000
3.3749999999999503E+000	1.0007584584252402E+000
3.3799999999999502E+000	1.0007183722692663E+000
3.3849999999999500E+000	1.0006783014291418E+000
3.3899999999999499E+000	1.0006382591444374E+000
3.3949999999999498E+000	1.0005982595363574E+000
3.3999999999999497E+000	1.0005583173740942E+000
3.4049999999999496E+000	1.0005184475997069E+000
3.4099999999999495E+000	1.0004786649502222E+000
3.4149999999999494E+000	1.0004389838789132E+000
3.4199999999999493E+000	1.0003994185310396E+000
3.4249999999999492E+000	1.0003599827101943E+000
3.4299999999999491E+000	1.0003206898599792E+000
3.4349999999999490E+000	1.0002815531609226E+000
3.4399999999999489E+000	1.0002425862327571E+000
3.4449999999999488E+000	1.0002037990177959E+000
3.4499999999999487E+000	1.0001652026730405E+000
3.4549999999999486E+000	1.0001268090169040E+000
3.4599999999999485E+000	1.0000886299470351E+000
3.4649999999999483E+000	1.0000506770117026E+000
3.4699999999999482E+000	1.0000129613422883E+000
3.4749999999999481E+000	9.9997549369075001E-001
3.4799999999999480E+000	9.9993827010119174E-001
3.4849999999999479E+000	9.9990132298346768E-001
3.4899999999999478E+000	9.9986465927471024E-001
3.4949999999999477E+000	9.9982828049331407E-001
3.4999999999999476E+000	9.9979219225672056E-001
3.5049999999999475E+000	9.9975640336799443E-001
3.5099999999999474E+000	9.9972092364816678E-001
3.5149999999999473E+000	9.9968576293904254E-001
3.5199999999999472E+000	9.9965093261853144E-001
3.5249999999999471E+000	9.9961644085487811E-001
3.5299999999999470E+000	9.9958229539352517E-001
3.5349999999999469E+000	9.9954850376385296E-001
3.5399999999999467E+000	9.9951507301608622E-001
3.5449999999999466E+000	9.9948200945363863E-001
3.5499999999999465E+000	9.9944931924484892E-001
3.5549999999999464E+000	9.9941700787599019E-001
3.5599999999999463E+000	9.9938507940714938E-001
3.5649999999999462E+000	9.9935353722647258E-001
3.5699999999999461E+000	9.9932238440694354E-001
3.5749999999999460E+000	9.9929162373951175E-001
3.5799999999999459E+000	9.9926125771691132E-001
3.5849999999999458E+000	9.9923128857499655E-001
3.5899999999999457E+000	9.9920171834458693E-001
3.5949999999999456E+000	9.9917254889370832E-001
3.5999999999999455E+000	9.9914378195250209E-001
3.6049999999999454E+000	9.9911541913325141E-001
3.6099999999999453E+000	9.9908746194125730E-001
3.6149999999999451E+000	9.9905991177739084E-001
3.6199999999999450E+000	9.9903276993692236E-001
3.6249999999999449E+000	9.9900603759652484E-001
3.6299999999999448E+000	9.9897971580668166E-001
3.6349999999999447E+000	9.9895380547658774E-001
3.6399999999999446E+000	9.9892830736418625E-001
3.6449999999999445E+000	9.9890322206283499E-001
3.6499999999999444E+000	9.9887854998760550E-001
3.6549999999999443E+000	9.9885429136677761E-001
3.6599999999999442E+000	9.9883044623699413E-001
3.6649999999999441E+000	9.9880701443818853E-001
3.6699999999999440E+000	9.9878399561337772E-001
3.6749999999999439E+000	9.9876138920965984E-001
3.6799999999999438E+000	9.9873919448187354E-001
3.6849999999999437E+000	9.9871741049804530E-001
3.6899999999999435E+000	9.9869603614753488E-001
3.6949999999999434E+000	9.9867506894943137E-001
3.6999999999999433E+000	9.9865450893020735E-001
3.7049999999999432E+000	9.9863435455702099E-001
3.7099999999999431E+000	9.9861460381913236E-001
3.7149999999999430E+000	9.9859525359034651E-001
3.7199999999999429E+000	9.9857630348987325E-001
3.7249999999999428E+000	9.9855775158499249E-001
3.7299999999999427E+000	9.9853959431305850E-001
3.7349999999999426E+000	9.9852183081335666E-001
3.7399999999999425E+000	9.9850445887449080E-001
3.7449999999999424E+000	9.9848747476104782E-001
3.7499999999999423E+000	9.9847087707268434E-001
3.7549999999999422E+000	9.9845466386131454E-001
3.7599999999999421E+000	9.9843883269034128E-001
3.7649999999999419E+000	9.9842338108286699E-001
3.7699999999999418E+000	9.9840830518080836E-001
3.7749999999999417E+000	9.9839360372897545E-001
3.7799999999999416E+000	9.9837927475144539E-001
3.7849999999999415E+000	9.9836531556015351E-001
3.7899999999999414E+000	9.9835172235272363E-001
3.7949999999999413E+000	9.9833849433877098E-001
3.7999999999999412E+000	9.9832562903184485E-001
3.8049999999999411E+000	9.9831312244023829E-001
3.8099999999999410E+000	9.9830097331623169E-001
3.8149999999999409E+000	9.9828917983986731E-001
3.8199999999999408E+000	9.9827773960853938E-001
3.8249999999999407E+000	9.9826665037626783E-001
3.8299999999999406E+000	9.9825590996756031E-001
3.8349999999999405E+000	9.9824551487066371E-001
3.8399999999999403E+000	9.9823546430639409E-001
3.8449999999999402E+000	9.9822575652430723E-001
3.8499999999999401E+000	9.9821638923186817E-001
3.8549999999999400E+000	9.9820736043420610E-001
3.8599999999999399E+000	9.9819866824536252E-001
3.8649999999999398E+000	9.9819030957453059E-001
3.8699999999999397E+000	9.9818228426806999E-001
3.8749999999999396E+000	9.9817459042344325E-001
3.8799999999999395E+000	9.9816722602069674E-001
3.8849999999999394E+000	9.9816018934574768E-001
3.8899999999999393E+000	9.9815347778064312E-001
3.8949999999999392E+000	9.9814709131656310E-001
3.8999999999999391E+000	9.9814102843773145E-001
3.9049999999999390E+000	9.9813528749078928E-001
3.9099999999999389E+000	9.9812986708000440E-001
3.9149999999999388E+000	9.9812476602850964E-001
3.9199999999999386E+000	9.9811998320960693E-001
3.9249999999999385E+000	9.9811551650380059E-001
3.9299999999999384E+000	9.9811136591287686E-001
3.9349999999999383E+000	9.9810753031146826E-001
3.9399999999999382E+000	9.9810400850346170E-001
3.9449999999999381E+000	9.9810079951280251E-001
3.9499999999999380E+000	9.9809790254872610E-001
3.9549999999999379E+000	9.9809531687668318E-001
3.9599999999999378E+000	9.9809304175136548E-001
3.9649999999999377E+000	9.9809107563073773E-001
3.9699999999999376E+000	9.9808941868152756E-001
3.9749999999999375E+000	9.9808807021722057E-001
3.9799999999999374E+000	9.9808702947943539E-001
3.9849999999999373E+000	9.9808629588908704E-001
3.9899999999999372E+000	9.9808586903743524E-001
3.9949999999999370E+000	9.9808574855769983E-001
3.9999999999999369E+000	9.9808593403066803E-001
4.0049999999999368E+000	9.9808642430712990E-001
4.0099999999999367E+000	9.9808721969012493E-001
4.0149999999999366E+000	9.9808831975085854E-001
4.0199999999999365E+000	9.9808972403443130E-001
4.0249999999999364E+000	9.9809143222859853E-001
4.0299999999999363E+000	9.9809344412529510E-001
4.0349999999999362E+000	9.9809575951678642E-001
4.0399999999999361E+000	9.9809837814889746E-001
4.0449999999999360E+000	9.9810129914025780E-001
4.0499999999999359E+000	9.9810452272516414E-001
4.0549999999999358E+000	9.9810804858571145E-001
4.0599999999999357E+000	9.9811187636739240E-001
4.0649999999999356E+000	9.9811600579941506E-001
4.0699999999999354E+000	9.9812043667691419E-001
4.0749999999999353E+000	9.9812516876292678E-001
4.0799999999999352E+000	9.9813020122476925E-001
4.0849999999999351E+000	9.9813553414336875E-001
4.0899999999999350E+000	9.9814116708742251E-001
4.0949999999999349E+000	9.9814709959385051E-001
4.0999999999999348E+000	9.9815333125235228E-001
4.1049999999999347E+000	9.9815986168706272E-001
4.1099999999999346E+000	9.9816669046118567E-001
4.1149999999999345E+000	9.9817381657938775E-001
4.1199999999999344E+000	9.9818123978716955E-001
4.1249999999999343E+000	9.9818895937572805E-001
4.1299999999999342E+000	9.9819697460661583E-001
4.1349999999999341E+000	9.9820528476313131E-001
4.1399999999999340E+000	9.9821388913178277E-001
4.1449999999999338E+000	9.9822278691273747E-001
4.1499999999999337E+000	9.9823197679214981E-001
4.1549999999999336E+000	9.9824145801995279E-001
4.1599999999999335E+000	9.9825122945793232E-001
4.1649999999999334E+000	9.9826128994259833E-001
4.1699999999999333E+000	9.9827163830585086E-001
4.1749999999999332E+000	9.9828227335634157E-001
4.1799999999999331E+000	9.9829319379602732E-001
4.1849999999999330E+000	9.9830439786075797E-001
4.1899999999999329E+000	9.9831588418311279E-001
4.1949999999999328E+000	9.9832765107645416E-001
4.1999999999999327E+000	9.9833969683822976E-001
4.2049999999999326E+000	9.9835201974207399E-001
4.2099999999999325E+000	9.9836461801830023E-001
4.2149999999999324E+000	9.9837748977638785E-001
4.2199999999999322E+000	9.9839063271170214E-001
4.2249999999999321E+000	9.9840404476159705E-001
4.2299999999999320E+000	9.9841772361587000E-001
4.2349999999999319E+000	9.9843166696333607E-001
4.2399999999999318E+000	9.9844587245755212E-001
4.2449999999999317E+000	9.9846033769565323E-001
4.2499999999999316E+000	9.9847506014651533E-001
4.2549999999999315E+000	9.9849003692110416E-001
4.2599999999999314E+000	9.9850526523014138E-001
4.2649999999999313E+000	9.9852074211147890E-001
4.2699999999999312E+000	9.9853646462244028E-001
4.2749999999999311E+000	9.9855242977961978E-001
4.2799999999999310E+000	9.9856863453830114E-001
4.2849999999999309E+000	9.9858507572356547E-001
4.2899999999999308E+000	9.9860174986258965E-001
4.2949999999999307E+000	9.9861865345113976E-001
4.2999999999999305E+000	9.9863578288926191E-001
4.3049999999999304E+000	9.9865313462061511E-001
4.3099999999999303E+000	9.9867070505194711E-001
4.3149999999999302E+000	9.9868849052688635E-001
4.3199999999999301E+000	9.9870648726305689E-001
4.3249999999999300E+000	9.9872469133619279E-001
4.3299999999999299E+000	9.9874309864365018E-001
4.3349999999999298E+000	9.9876170488689797E-001
4.3399999999999297E+000	9.9878050581131084E-001
4.3449999999999296E+000	9.9879949723880335E-001
4.3499999999999295E+000	9.9881867495761711E-001
4.3549999999999294E+000	9.9883803469708232E-001
4.3599999999999293E+000	9.9885757207322223E-001
4.3649999999999292E+000	9.9887728256922370E-001
4.3699999999999291E+000	9.9889716157658526E-001
4.3749999999999289E+000	9.9891720445141119E-001
4.3799999999999288E+000	9.9893740613364135E-001
4.3849999999999287E+000	9.9895776177395790E-001
4.3899999999999286E+000	9.9897826663687894E-001
4.3949999999999285E+000	9.9899891596819945E-001
4.3999999999999284E+000	9.9901970496306958E-001
4.4049999999999283E+000	9.9904062871220689E-001
4.4099999999999282E+000	9.9906168220518066E-001
4.4149999999999281E+000	9.9908286035514371E-001
4.4199999999999280E+000	9.9910415802830588E-001
4.4249999999999279E+000	9.9912557019857762E-001
4.4249999999999279E+000	9.9912862262403579E-001
4.4299999999999278E+000	9.9914700986637217E-001
4.4349999999999277E+000	9.9916690356437721E-001
4.4399999999999276E+000	9.9918780632458726E-001
4.4449999999999275E+000	9.9920928120445152E-001
4.4499999999999273E+000	9.9923110359053424E-001
4.4549999999999272E+000	9.9925316326159430E-001
4.4599999999999271E+000	9.9927540366410328E-001
4.4649999999999270E+000	9.9929779184244971E-001
4.4699999999999269E+000	9.9932030405844252E-001
4.4749999999999268E+000	9.9934291966936672E-001
4.4799999999999267E+000	9.9936561914178590E-001
4.4849999999999266E+000	9.9938838375740613E-001
4.4899999999999265E+000	9.9941119583369409E-001
4.4949999999999264E+000	9.9943403900799543E-001
4.4999999999999263E+000	9.9945689844824825E-001
4.5049999999999262E+000	9.9947976096627700E-001
4.5099999999999261E+000	9.9950261419368513E-001
4.5149999999999260E+000	9.9952544855766212E-001
4.5199999999999259E+000	9.9954825614539200E-001
4.5249999999999257E+000	9.9957103014545290E-001
4.5299999999999256E+000	9.9959376486633911E-001
4.5349999999999255E+000	9.9961645576692437E-001
4.5399999999999254E+000	9.9963909936786366E-001
4.5449999999999253E+000	9.9966169308230157E-001
4.5499999999999252E+000	9.9968423502553405E-001
4.5549999999999251E+000	9.9970672383596582E-001
4.5599999999999250E+000	9.9972915851471078E-001
4.5649999999999249E+000	9.9975153827841745E-001
4.5699999999999248E+000	9.9977386242065480E-001
4.5749999999999247E+000	9.9979613018521407E-001
4.5799999999999246E+000	9.9981834065321051E-001
4.5849999999999245E+000	9.9984049264964137E-001
4.5899999999999244E+000	9.9986258467042433E-001
4.5949999999999243E+000	9.9988461483037749E-001
4.5999999999999241E+000	9.9990658083132411E-001
4.6049999999999240E+000	9.9992847994921585E-001
4.6099999999999239E+000	9.9995030903697324E-001
4.6149999999999238E+000	9.9997206454317322E-001
4.6199999999999237E+000	9.9999374254228557E-001
4.6249999999999236E+000	1.0000153357336474E+000
4.6299999999999235E+000	1.0000368139029419E+000
4.6349999999999234E+000	1.0000581480664184E+000
4.6399999999999233E+000	1.0000793361562721E+000
4.6449999999999232E+000	1.0001003909630100E+000
4.6499999999999231E+000	1.0001213275262888E+000
4.6549999999999230E+000	1.0001421575315250E+000
4.6599999999999229E+000	1.0001628886694589E+000
4.6649999999999228E+000	1.0001835252102176E+000
4.6699999999999227E+000	1.0002040683528397E+000
4.6749999999999226E+000	1.0002245165017547E+000
4.6799999999999224E+000	1.0002448656572807E+000
4.6849999999999223E+000	1.0002651098688347E+000
4.6899999999999222E+000	1.0002852416774026E+000
4.6949999999999221E+000	1.0003052525234370E+000
4.6999999999999220E+000	1.0003251331207805E+000
4.7049999999999219E+000	1.0003448737959264E+000
4.7099999999999218E+000	1.0003644647898815E+000
4.7149999999999217E+000	1.0003838972676611E+000
4.7199999999999216E+000	1.0004031608805097E+000
4.7249999999999215E+000	1.0004222468561637E+000
4.7299999999999214E+000	1.0004411472691135E+000
4.7349999999999213E+000	1.0004598559433509E+000
4.7399999999999212E+000	1.0004783675225231E+000
4.7449999999999211E+000	1.0004966741474679E+000
4.7499999999999210E+000	1.0005147717640217E+000
4.7549999999999208E+000	1.0005326572799680E+000
4.7599999999999207E+000	1.0005503288177011E+000
4.7649999999999206E+000	1.0005677853517911E+000
4.7699999999999205E+000	1.0005850231927547E+000
4.7749999999999204E+000	1.0006020418212680E+000
4.7799999999999203E+000	1.0006188420949405E+000
4.7849999999999202E+000	1.0006354253053638E+000
4.7899999999999201E+000	1.0006517898382667E+000
4.7949999999999200E+000	1.0006679366289342E+000
4.7999999999999199E+000	1.0006838674998830E+000
4.8049999999999198E+000	1.0006995838414225E+000
4.8099999999999197E+000	1.0007150891229333E+000
4.8149999999999196E+000	1.0007303845906708E+000
4.8199999999999195E+000	1.0007454711786137E+000
4.8249999999999194E+000	1.0007603494475619E+000
4.8299999999999192E+000	1.0007750195030714E+000
4.8349999999999191E+000	1.0007894794791961E+000
4.8399999999999190E+000	1.0008037277588606E+000
4.8449999999999189E+000	1.0008177633339839E+000
4.8499999999999188E+000	1.0008315853399745E+000
4.8549999999999187E+000	1.0008451927107593E+000
4.8599999999999186E+000	1.0008585841524016E+000
4.8649999999999185E+000	1.0008717582362987E+000
4.8699999999999184E+000	1.0008847134610446E+000
4.8749999999999183E+000	1.0008974482707635E+000
4.8799999999999182E+000	1.0009099610619379E+000
4.8849999999999181E+000	1.0009222501930966E+000
4.8899999999999180E+000	1.0009343140000673E+000
4.8949999999999179E+000	1.0009461508104729E+000
4.8999999999999178E+000	1.0009577589572600E+000
4.9049999999999176E+000	1.0009691367913620E+000
4.9099999999999175E+000	1.0009802826931882E+000
4.9149999999999174E+000	1.0009911950830983E+000
4.9199999999999173E+000	1.0010018724309984E+000
4.9249999999999172E+000	1.0010123132650048E+000
4.9299999999999171E+000	1.0010225161919284E+000
4.9349999999999170E+000	1.0010324798980306E+000
4.9399999999999169E+000	1.0010422031075565E+000
4.9449999999999168E+000	1.0010516846619306E+000
4.9499999999999167E+000	1.0010609234684664E+000
4.9549999999999166E+000	1.0010699185204022E+000
4.9599999999999165E+000	1.0010786689004227E+000
4.9649999999999164E+000	1.0010871737794329E+000
4.9699999999999163E+000	1.0010954324166985E+000
4.9749999999999162E+000	1.0011034441590752E+000
4.9799999999999160E+000	1.0011112084408198E+000
4.9849999999999159E+000	1.0011187247843523E+000
4.9899999999999158E+000	1.0011259927994101E+000
4.9949999999999157E+000	1.0011330121824595E+000
4.9999999999999156E+000	1.0011397827128485E+000
5.0049999999999155E+000	1.0011463042541402E+000
5.0099999999999154E+000	1.0011525768591594E+000
5.0149999999999153E+000	1.0011586012264779E+000
5.0199999999999152E+000	1.0011643743122112E+000
5.0249999999999151E+000	1.0011698966490610E+000
5.0299999999999150E+000	1.0011751693798452E+000
5.0349999999999149E+000	1.0011801934037770E+000
5.0399999999999148E+000	1.0011849694513126E+000
5.0449999999999147E+000	1.0011894981954752E+000
5.0499999999999146E+000	1.0011937803093933E+000
5.0549999999999145E+000	1.0011978164848085E+000
5.0599999999999143E+000	1.0012016074326111E+000
5.0649999999999142E+000	1.0012051538829707E+000
5.0699999999999141E+000	1.0012084565773003E+000
5.0749999999999140E+000	1.0012115162730295E+000
5.0799999999999139E+000	1.0012143337366330E+000
5.0849999999999138E+000	1.0012169097471075E+000
5.0899999999999137E+000	1.0012192450932713E+000
5.0949999999999136E+000	1.0012213405755899E+000
5.0999999999999135E+000	1.0012231970045269E+000
5.1049999999999134E+000	1.0012248152044767E+000
5.1099999999999133E+000	1.0012261960097633E+000
5.1149999999999132E+000	1.0012273402777949E+000
5.1199999999999131E+000	1.0012282488873621E+000
5.1249999999999130E+000	1.0012289227310878E+000
5.1299999999999129E+000	1.0012293627177533E+000
5.1349999999999127E+000	1.0012295697725153E+000
5.1399999999999126E+000	1.0012295448412147E+000
5.1449999999999125E+000	1.0012292888788614E+000
5.1499999999999124E+000	1.0012288028516723E+000
5.1549999999999123E+000	1.0012280877885034E+000
5.1599999999999122E+000	1.0012271447547827E+000
5.1649999999999121E+000	1.0012259748411254E+000
5.1699999999999120E+000	1.0012245791671175E+000
5.1749999999999119E+000	1.0012229588846266E+000
5.1799999999999118E+000	1.0012211151827102E+000
5.1849999999999117E+000	1.0012190492768360E+000
5.1899999999999116E+000	1.0012167624130990E+000
5.1949999999999115E+000	1.0012142558715595E+000
5.1999999999999114E+000	1.0012115309628535E+000
5.2049999999999113E+000	1.0012085890295230E+000
5.2099999999999111E+000	1.0012054314455641E+000
5.2149999999999110E+000	1.0012020596136013E+000
5.2199999999999109E+000	1.0011984749654752E+000
5.2249999999999108E+000	1.0011946789614334E+000
5.2299999999999107E+000	1.0011906730886060E+000
5.2349999999999106E+000	1.0011864588613992E+000
5.2399999999999105E+000	1.0011820378208343E+000
5.2449999999999104E+000	1.0011774115336725E+000
5.2499999999999103E+000	1.0011725815919819E+000
5.2549999999999102E+000	1.0011675496130858E+000
5.2599999999999101E+000	1.0011623172392907E+000
5.2649999999999100E+000	1.0011568861371434E+000
5.2699999999999099E+000	1.0011512579968926E+000
5.2749999999999098E+000	1.0011454345325672E+000
5.2799999999999097E+000	1.0011394174817398E+000
5.2849999999999095E+000	1.0011332086052749E+000
5.2899999999999094E+000	1.0011268096872541E+000
5.2949999999999093E+000	1.0011202225347078E+000
5.2999999999999092E+000	1.0011134489774889E+000
5.3049999999999091E+000	1.0011064908682736E+000
5.3099999999999090E+000	1.0010993500827325E+000
5.3149999999999089E+000	1.0010920285192266E+000
5.3199999999999088E+000	1.0010845280989873E+000
5.3249999999999087E+000	1.0010768507660126E+000
5.3299999999999086E+000	1.0010689984871117E+000
5.3349999999999085E+000	1.0010609732520042E+000
5.3399999999999084E+000	1.0010527770734852E+000
5.3449999999999083E+000	1.0010444119873456E+000
5.3499999999999082E+000	1.0010358800524681E+000
5.3549999999999081E+000	1.0010271833508917E+000
5.3599999999999079E+000	1.0010183239878272E+000
5.3649999999999078E+000	1.0010093040915833E+000
5.3699999999999077E+000	1.0010001258134835E+000
5.3749999999999076E+000	1.0009907913279885E+000
5.3799999999999075E+000	1.0009813028326566E+000
5.3849999999999074E+000	1.0009716625479348E+000
5.3899999999999073E+000	1.0009618734541417E+000
5.3949999999999072E+000	1.0009519324983611E+000
5.3999999999999071E+000	1.0009418418232643E+000
5.4049999999999070E+000	1.0009316046238763E+000
5.4099999999999069E+000	1.0009212248798682E+000
5.4149999999999068E+000	1.0009107062345346E+000
5.4199999999999067E+000	1.0009000518697067E+000
5.4249999999999066E+000	1.0008892647528800E+000
5.4299999999999065E+000	1.0008783477697742E+000
5.4349999999999064E+000	1.0008673037298887E+000
5.4399999999999062E+000	1.0008561353494450E+000
5.4449999999999061E+000	1.0008448452524423E+000
5.4499999999999060E+000	1.0008334359827213E+000
5.4549999999999059E+000	1.0008219100168354E+000
5.4599999999999058E+000	1.0008102697762282E+000
5.4649999999999057E+000	1.0007985176400389E+000
5.4699999999999056E+000	1.0007866559583736E+000
5.4749999999999055E+000	1.0007746870653593E+000
5.4799999999999054E+000	1.0007626113935026E+000
5.4849999999999053E+000	1.0007504314209390E+000
5.4899999999999052E+000	1.0007381503718973E+000
5.4949999999999051E+000	1.0007257711810646E+000
5.4999999999999050E+000	1.0007132965222409E+000
5.5049999999999049E+000	1.0007007288941865E+000
5.5099999999999048E+000	1.0006880707928525E+000
5.5149999999999046E+000	1.0006753248075178E+000
5.5199999999999045E+000	1.0006624935975172E+000
5.5249999999999044E+000	1.0006495799255701E+000
5.5299999999999043E+000	1.0006365865362445E+000
5.5349999999999042E+000	1.0006235162270698E+000
5.5399999999999041E+000	1.0006103717868251E+000
5.5449999999999040E+000	1.0005971560818359E+000
5.5499999999999039E+000	1.0005838720112710E+000
5.5549999999999038E+000	1.0005705225176333E+000
5.5599999999999037E+000	1.0005571105733289E+000
5.5649999999999036E+000	1.0005436391739733E+000
5.5699999999999035E+000	1.0005301113361487E+000
5.5749999999999034E+000	1.0005165300916574E+000
5.5799999999999033E+000	1.0005028991408633E+000
5.5849999999999032E+000	1.0004892186846126E+000
5.5899999999999030E+000	1.0004754909048965E+000
5.5949999999999029E+000	1.0004617192246095E+000
5.5999999999999028E+000	1.0004479074915027E+000
5.6049999999999027E+000	1.0004340594569028E+000
5.6099999999999026E+000	1.0004201787084890E+000
5.6149999999999025E+000	1.0004062687233954E+000
5.6199999999999024E+000	1.0003923328877744E+000
5.6249999999999023E+000	1.0003783744878938E+000
5.6299999999999022E+000	1.0003643967025719E+000
5.6349999999999021E+000	1.0003504026038779E+000
5.6399999999999020E+000	1.0003363951624735E+000
5.6449999999999019E+000	1.0003223772528429E+000
5.6499999999999018E+000	1.0003083516597360E+000
5.6549999999999017E+000	1.0002943210863078E+000
5.6599999999999016E+000	1.0002802881641928E+000
5.6649999999999014E+000	1.0002662554639707E+000
5.6699999999999013E+000	1.0002522255065052E+000
5.6749999999999012E+000	1.0002382007739616E+000
5.6799999999999011E+000	1.0002241837207972E+000
5.6849999999999010E+000	1.0002101767835605E+000
5.6899999999999009E+000	1.0001961823917738E+000
5.6949999999999008E+000	1.0001822029746938E+000
5.6999999999999007E+000	1.0001682409694024E+000
5.7049999999999006E+000	1.0001542988267984E+000
5.7099999999999005E+000	1.0001403805294504E+000
5.7149999999999004E+000	1.0001264865435364E+000
5.7199999999999003E+000	1.0001126190577372E+000
5.7249999999999002E+000	1.0000987821553107E+000
5.7299999999999001E+000	1.0000849791583721E+000
5.7349999999999000E+000	1.0000712118189738E+000
5.7399999999998998E+000	1.0000574822804125E+000
5.7449999999998997E+000	1.0000437930994486E+000
5.7499999999998996E+000	1.0000301469597590E+000
5.7549999999998995E+000	1.0000165465135356E+000
5.7599999999998994E+000	1.0000029822086458E+000
5.7649999999998993E+000	9.9998949372464685E-001
5.7699999999998992E+000	9.9997610280022597E-001
5.7749999999998991E+000	9.9996281569009204E-001
5.7799999999998990E+000	9.9994962301147738E-001
5.7849999999998989E+000	9.9993651444888898E-001
5.7899999999998988E+000	9.9992348277756982E-001
5.7949999999998987E+000	9.9991052409782133E-001
5.7999999999998986E+000	9.9989763629363171E-001
5.8049999999998985E+000	9.9988481806442375E-001
5.8099999999998984E+000	9.9987206849692067E-001
5.8149999999998983E+000	9.9985938622583059E-001
5.8199999999998981E+000	9.9984677493441654E-001
5.8249999999998980E+000	9.9983423502148971E-001
5.8299999999998979E+000	9.9982176627863673E-001
5.8349999999998978E+000	9.9980936890192806E-001
5.8399999999998977E+000	9.9979704357304255E-001
5.8449999999998976E+000	9.9978479141226406E-001
5.8499999999998975E+000	9.9977261387675598E-001
5.8549999999998974E+000	9.9976051271272659E-001
5.8599999999998973E+000	9.9974848992099608E-001
5.8649999999998972E+000	9.9973654774085030E-001
5.8699999999998971E+000	9.9972468863839026E-001
5.8749999999998970E+000	9.9971291529369544E-001
5.8799999999998969E+000	9.9970123058454574E-001
5.8849999999998968E+000	9.9968963581862536E-001
5.8899999999998967E+000	9.9967813462785760E-001
5.8949999999998965E+000	9.9966673096331182E-001
5.8999999999998964E+000	9.9965542898186643E-001
5.9049999999998963E+000	9.9964423265112878E-001
5.9099999999998962E+000	9.9963314423612848E-001
5.9149999999998961E+000	9.9962216690355843E-001
5.9199999999998960E+000	9.9961130439682200E-001
5.9249999999998959E+000	9.9960056045929280E-001
5.9299999999998958E+000	9.9958993842606725E-001
5.9349999999998957E+000	9.9957944123617803E-001
5.9399999999998956E+000	9.9956907156731700E-001
5.9449999999998955E+000	9.9955883189774108E-001
5.9499999999998954E+000	9.9954872449885301E-001
5.9549999999998953E+000	9.9953875141664283E-001
5.9599999999998952E+000	9.9952891446888492E-001
5.9649999999998951E+000	9.9951921525339171E-001
5.9699999999998949E+000	9.9950965515966161E-001
5.9749999999998948E+000	9.9950023538243615E-001
5.9799999999998947E+000	9.9949095693787560E-001
5.9849999999998946E+000	9.9948182068081626E-001
5.9899999999998945E+000	9.9947282732387110E-001
5.9949999999998944E+000	9.9946397745670712E-001
5.9999999999998943E+000	9.9945527156593073E-001
6.0049999999998942E+000	9.9944671005429975E-001
6.0099999999998941E+000	9.9943829325932265E-001
6.0149999999998940E+000	9.9943002147081739E-001
6.0199999999998939E+000	9.9942189494760592E-001
6.0249999999998938E+000	9.9941391393204559E-001
6.0299999999998937E+000	9.9940607866274012E-001
6.0349999999998936E+000	9.9939838938607961E-001
6.0399999999998935E+000	9.9939084636611564E-001
6.0449999999998933E+000	9.9938344989172123E-001
6.0499999999998932E+000	9.9937620028176810E-001
6.0549999999998931E+000	9.9936909788939443E-001
6.0599999999998930E+000	9.9936214310299964E-001
6.0649999999998929E+000	9.9935533634695650E-001
6.0699999999998928E+000	9.9934867808041239E-001
6.0749999999998927E+000	9.9934216879438797E-001
6.0799999999998926E+000	9.9933580900784724E-001
6.0849999999998925E+000	9.9932959926323739E-001
6.0899999999998924E+000	9.9932354012201741E-001
6.0949999999998923E+000	9.9931763215863556E-001
6.0999999999998922E+000	9.9931187595281057E-001
6.1049999999998921E+000	9.9930627208488043E-001
6.1099999999998920E+000	9.9930082112880647E-001
6.1149999999998919E+000	9.9929552364673002E-001
6.1199999999998917E+000	9.9929038018397354E-001
6.1249999999998916E+000	9.9928539126359572E-001
6.1299999999998915E+000	9.9928055737945110E-001
6.1349999999998914E+000	9.9927587899313353E-001
6.1399999999998913E+000	9.9927135653013188E-001
6.1449999999998912E+000	9.9926699037526401E-001
6.1499999999998911E+000	9.9926278087145526E-001
6.1549999999998910E+000	9.9925872831965279E-001
6.1599999999998909E+000	9.9925483297742246E-001
6.1649999999998908E+000	9.9925109505204701E-001
6.1699999999998907E+000	9.9924751470534245E-001
6.1749999999998906E+000	9.9924409205123954E-001
6.1799999999998905E+000	9.9924082715731266E-001
6.1849999999998904E+000	9.9923772004431954E-001
6.1899999999998903E+000	9.9923477068638678E-001
6.1949999999998902E+000	9.9923197901637184E-001
6.1999999999998900E+000	9.9922934492336413E-001
6.2049999999998899E+000	9.9922686825987894E-001
6.2099999999998898E+000	9.9922454884143308E-001
6.2149999999998897E+000	9.9922238645157013E-001
6.2199999999998896E+000	9.9922038083595099E-001
6.2249999999998895E+000	9.9921853171090336E-001
6.2299999999998894E+000	9.9921683876545209E-001
6.2349999999998893E+000	9.9921530165503536E-001
6.2399999999998892E+000	9.9921392001036635E-001
6.2449999999998891E+000	9.9921269343394070E-001
6.2499999999998890E+000	9.9921162150085874E-001
6.2549999999998889E+000	9.9921070376360865E-001
6.2599999999998888E+000	9.9920993975283456E-001
6.2649999999998887E+000	9.9920932896758430E-001
6.2699999999998886E+000	9.9920887088676325E-001
6.2749999999998884E+000	9.9920856497379540E-001
6.2799999999998883E+000	9.9920841066879562E-001
6.2849999999998882E+000	9.9920840738711758E-001
6.2899999999998881E+000	9.9920855452445456E-001
6.2949999999998880E+000	9.9920885146784344E-001
6.2999999999998879E+000	9.9920929758443400E-001
6.3049999999998878E+000	9.9920989221771228E-001
6.3099999999998877E+000	9.9921063468011406E-001
6.3149999999998876E+000	9.9921152426322246E-001
6.3199999999998875E+000	9.9921256024427030E-001
6.3249999999998874E+000	9.9921374188303769E-001
6.3299999999998873E+000	9.9921506841912522E-001
6.3349999999998872E+000	9.9921653906666075E-001
6.3399999999998871E+000	9.9921815301492034E-001
6.3449999999998870E+000	9.9921990942927397E-001
6.3499999999998868E+000	9.9922180745029621E-001
6.3549999999998867E+000	9.9922384619505611E-001
6.3599999999998866E+000	9.9922602475535249E-001
6.3649999999998865E+000	9.9922834219760004E-001
6.3699999999998864E+000	9.9923079756399902E-001
6.3749999999998863E+000	9.9923338987127919E-001
6.3799999999998862E+000	9.9923611811334412E-001
6.3849999999998861E+000	9.9923898126470390E-001
6.3899999999998860E+000	9.9924197827120664E-001
6.3949999999998859E+000	9.9924510805377842E-001
6.3999999999998858E+000	9.9924836950950868E-001
6.4049999999998857E+000	9.9925176151120032E-001
6.4099999999998856E+000	9.9925528290751564E-001
6.4149999999998855E+000	9.9925893252445797E-001
6.4199999999998854E+000	9.9926270916520410E-001
6.4249999999998852E+000	9.9926661161053831E-001
6.4299999999998851E+000	9.9927063861993537E-001
6.4349999999998850E+000	9.9927478893217714E-001
6.4399999999998849E+000	9.9927906126399790E-001
6.4449999999998848E+000	9.9928345431143661E-001
6.4499999999998847E+000	9.9928796675084963E-001
6.4549999999998846E+000	9.9929259723939157E-001
6.4599999999998845E+000	9.9929734441505880E-001
6.4649999999998844E+000	9.9930220689706517E-001
6.4699999999998843E+000	9.9930718328674040E-001
6.4749999999998842E+000	9.9931227216804219E-001
6.4799999999998841E+000	9.9931747226589807E-001
6.4849999999998840E+000	9.9932278234676664E-001
6.4899999999998839E+000	9.9932819807821138E-001
6.4949999999998838E+000	9.9933371833613915E-001
6.4999999999998836E+000	9.9933934266476110E-001
6.5049999999998835E+000	9.9934507030670505E-001
6.5099999999998834E+000	9.9935090024747775E-001
6.5149999999998833E+000	9.9935683132937059E-001
6.5199999999998832E+000	9.9936286228201598E-001
6.5249999999998831E+000	9.9936899172739413E-001
6.5299999999998830E+000	9.9937521819425035E-001
6.5349999999998829E+000	9.9938153997253099E-001
6.5399999999998828E+000	9.9938795511708989E-001
6.5449999999998827E+000	9.9939446518298669E-001
6.5499999999998826E+000	9.9940106812531326E-001
6.5549999999998825E+000	9.9940776108610507E-001
6.5599999999998824E+000	9.9941454147762021E-001
6.5649999999998823E+000	9.9942140695314485E-001
6.5699999999998822E+000	9.9942835529345364E-001
6.5749999999998820E+000	9.9943538437741253E-001
6.5799999999998819E+000	9.9944249217874970E-001
6.5849999999998818E+000	9.9944967675469898E-001
6.5899999999998817E+000	9.9945693622986453E-001
6.5949999999998816E+000	9.9946426878388439E-001
6.5999999999998815E+000	9.9947167264326797E-001
6.6049999999998814E+000	9.9947914607567390E-001
6.6099999999998813E+000	9.9948668738483637E-001
6.6149999999998812E+000	9.9949429490530428E-001
6.6199999999998811E+000	9.9950196699720062E-001
6.6249999999998810E+000	9.9950970204082146E-001
6.6299999999998809E+000	9.9951749843128601E-001
6.6349999999998808E+000	9.9952535455556313E-001
6.6399999999998807E+000	9.9953326898169259E-001
6.6449999999998806E+000	9.9954123985297050E-001
6.6499999999998805E+000	9.9954926586844084E-001
6.6499999999998805E+000	9.9955551283342414E-001
6.6549999999998803E+000	9.9955849534226793E-001
6.6599999999998802E+000	9.9956402498671137E-001
6.6649999999998801E+000	9.9957089869149895E-001
6.6699999999998800E+000	9.9957845943315649E-001
6.6749999999998799E+000	9.9958640848968894E-001
6.6799999999998798E+000	9.9959461571019537E-001
6.6849999999998797E+000	9.9960301722748013E-001
6.6899999999998796E+000	9.9961157551805413E-001
6.6949999999998795E+000	9.9962026471937915E-001
6.6999999999998794E+000	9.9962906384131589E-001
6.7049999999998793E+000	9.9963795428555524E-001
6.7099999999998792E+000	9.9964691909824865E-001
6.7149999999998791E+000	9.9965594286175674E-001
6.7199999999998790E+000	9.9966501170644173E-001
6.7249999999998789E+000	9.9967411330865652E-001
6.7299999999998787E+000	9.9968323681527582E-001
6.7349999999998786E+000	9.9969237271343925E-001
6.7399999999998785E+000	9.9970151268077201E-001
6.7449999999998784E+000	9.9971064944241850E-001
6.7499999999998783E+000	9.9971977667114897E-001
6.7549999999998782E+000	9.9972888891445721E-001
6.7599999999998781E+000	9.9973798155367466E-001
6.7649999999998780E+000	9.9974705078552506E-001
6.7699999999998779E+000	9.9975609360870266E-001
6.7749999999998778E+000	9.9976510781899852E-001
6.7799999999998777E+000	9.9977409196162226E-001
6.7849999999998776E+000	9.9978304532076023E-001
6.7899999999998775E+000	9.9979196783709623E-001
6.7949999999998774E+000	9.9980085995115298E-001
6.7999999999998773E+000	9.9980972287757253E-001
6.8049999999998771E+000	9.9981855806022080E-001
6.8099999999998770E+000	9.9982736736843958E-001
6.8149999999998769E+000	9.9983615312198992E-001
6.8199999999998768E+000	9.9984491419746224E-001
6.8249999999998767E+000	9.9985365264083870E-001
6.8299999999998766E+000	9.9986237114789500E-001
6.8349999999998765E+000	9.9987107212036175E-001
6.8399999999998764E+000	9.9987975750678337E-001
6.8449999999998763E+000	9.9988842878576656E-001
6.8499999999998762E+000	9.9989708699892499E-001
6.8549999999998761E+000	9.9990573278493911E-001
6.8599999999998760E+000	9.9991436640001052E-001
6.8649999999998759E+000	9.9992298773373989E-001
6.8699999999998758E+000	9.9993159632876405E-001
6.8749999999998757E+000	9.9994019140436452E-001
6.8799999999998755E+000	9.9994877188343878E-001
6.8849999999998754E+000	9.9995732121776659E-001
6.8899999999998753E+000	9.9996583862482114E-001
6.8949999999998752E+000	9.9997432374757400E-001
6.8999999999998751E+000	9.9998277649300604E-001
6.9049999999998750E+000	9.9999120708568789E-001
6.9099999999998749E+000	9.9999959010657025E-001
6.9149999999998748E+000	1.0000079155892474E+000
6.9199999999998747E+000	1.0000161610732439E+000
6.9249999999998746E+000	1.0000243240553524E+000
6.9299999999998745E+000	1.0000324168950276E+000
6.9349999999998744E+000	1.0000404568156156E+000
6.9399999999998743E+000	1.0000484602156279E+000
6.9449999999998742E+000	1.0000564407026811E+000
6.9499999999998741E+000	1.0000644085022234E+000
6.9549999999998739E+000	1.0000723703300078E+000
6.9599999999998738E+000	1.0000803295758325E+000
6.9649999999998737E+000	1.0000882866842591E+000
6.9699999999998736E+000	1.0000962395940163E+000
6.9749999999998735E+000	1.0001041841781975E+000
6.9799999999998734E+000	1.0001121146723071E+000
6.9849999999998733E+000	1.0001200240917052E+000
6.9899999999998732E+000	1.0001279046134421E+000
6.9949999999998731E+000	1.0001357479937496E+000
6.9999999999998730E+000	1.0001435458101817E+000