Grouping:BoSSS-J686
# x 	 y
0.0000000000000000E+000	1.1701033358923185E+000
5.0000000000000001E-003	1.1701096216807005E+000
1.0000000000000000E-002	1.1700106327480779E+000
1.4999999999999999E-002	1.1698451681459985E+000
2.0000000000000000E-002	1.1696366906356612E+000
2.5000000000000001E-002	1.1694065703303276E+000
3.0000000000000002E-002	1.1691726609625015E+000
3.5000000000000003E-002	1.1689490100804396E+000
4.0000000000000001E-002	1.1687452990814993E+000
4.4999999999999998E-002	1.1685920509273131E+000
4.9999999999999996E-002	1.1684493872274495E+000
5.4999999999999993E-002	1.1683534499622543E+000
5.9999999999999991E-002	1.1682910221179605E+000
6.4999999999999988E-002	1.1682655212329818E+000
6.9999999999999993E-002	1.1682868498726655E+000
7.4999999999999997E-002	1.1683241763374443E+000
8.0000000000000002E-002	1.1683843272145360E+000
8.5000000000000006E-002	1.1684658852429066E+000
9.0000000000000011E-002	1.1685603769010879E+000
9.5000000000000015E-002	1.1686599174258090E+000
1.0000000000000002E-001	1.1687560511849315E+000
1.0500000000000002E-001	1.1688402259433242E+000
1.1000000000000003E-001	1.1689284902703576E+000
1.1500000000000003E-001	1.1689431393410039E+000
1.2000000000000004E-001	1.1689460423173281E+000
1.2500000000000003E-001	1.1688663028803883E+000
1.3000000000000003E-001	1.1687350026690257E+000
1.3500000000000004E-001	1.1685497540237877E+000
1.4000000000000004E-001	1.1682463408423849E+000
1.4500000000000005E-001	1.1678572852112159E+000
1.5000000000000005E-001	1.1673600340134651E+000
1.5500000000000005E-001	1.1667218672242659E+000
1.6000000000000006E-001	1.1659904825699059E+000
1.6500000000000006E-001	1.1650695533933872E+000
1.7000000000000007E-001	1.1639956496429902E+000
1.7500000000000007E-001	1.1627483930071629E+000
1.8000000000000008E-001	1.1613128584910806E+000
1.8500000000000008E-001	1.1596771518778382E+000
1.9000000000000009E-001	1.1578450521431143E+000
1.9500000000000009E-001	1.1557973424029486E+000
2.0000000000000009E-001	1.1535283003808146E+000
2.0500000000000010E-001	1.1510135037023148E+000
2.1000000000000010E-001	1.1482846314669259E+000
2.1500000000000011E-001	1.1453169135648935E+000
2.2000000000000011E-001	1.1421107192207769E+000
2.2500000000000012E-001	1.1386733619991232E+000
2.3000000000000012E-001	1.1349945098683238E+000
2.3500000000000013E-001	1.1310692785960370E+000
2.4000000000000013E-001	1.1269124194132552E+000
2.4500000000000013E-001	1.1225407389775228E+000
2.5000000000000011E-001	1.1179297758361335E+000
2.5500000000000012E-001	1.1130856129348332E+000
2.6000000000000012E-001	1.1080287258976318E+000
2.6500000000000012E-001	1.1030292959413923E+000
2.7000000000000013E-001	1.0978826705943168E+000
2.7500000000000013E-001	1.0926054161199446E+000
2.8000000000000014E-001	1.0870538235477027E+000
2.8500000000000014E-001	1.0814369829772981E+000
2.9000000000000015E-001	1.0757573476315263E+000
2.9500000000000015E-001	1.0700022980014441E+000
3.0000000000000016E-001	1.0641972655218077E+000
3.0500000000000016E-001	1.0583759178509755E+000
3.1000000000000016E-001	1.0525735785472876E+000
3.1500000000000017E-001	1.0469593389910736E+000
3.2000000000000017E-001	1.0412093156584503E+000
3.2500000000000018E-001	1.0356305981828495E+000
3.3000000000000018E-001	1.0302007601053955E+000
3.3500000000000019E-001	1.0249316345753312E+000
3.4000000000000019E-001	1.0198381426706815E+000
3.4500000000000020E-001	1.0149343465800023E+000
3.5000000000000020E-001	1.0102341268626827E+000
3.5500000000000020E-001	1.0057503410798860E+000
3.6000000000000021E-001	1.0014952377119308E+000
3.6500000000000021E-001	9.9748058124454542E-001
3.7000000000000022E-001	9.9371771777304940E-001
3.7500000000000022E-001	9.9021758350035982E-001
3.8000000000000023E-001	9.8699055054975837E-001
3.8500000000000023E-001	9.8404607974256730E-001
3.9000000000000024E-001	9.8139581033333112E-001
3.9500000000000024E-001	9.7904961497204579E-001
4.0000000000000024E-001	9.7701553032711852E-001
4.0500000000000025E-001	9.7529910698261546E-001
4.1000000000000025E-001	9.7421518666375995E-001
4.1500000000000026E-001	9.7298200305722515E-001
4.2000000000000026E-001	9.7219198222588910E-001
4.2500000000000027E-001	9.7173049172826920E-001
4.3000000000000027E-001	9.7158019833056131E-001
4.3500000000000028E-001	9.7173200597368459E-001
4.4000000000000028E-001	9.7217470589606447E-001
4.4500000000000028E-001	9.7289615607756830E-001
4.5000000000000029E-001	9.7387804153337632E-001
4.5500000000000029E-001	9.7510517833731480E-001
4.6000000000000030E-001	9.7656139605862180E-001
4.6500000000000030E-001	9.7823061825260393E-001
4.7000000000000031E-001	9.8009654718809580E-001
4.7500000000000031E-001	9.8214251866588198E-001
4.8000000000000032E-001	9.8435161901137069E-001
4.8500000000000032E-001	9.8670689246654242E-001
4.9000000000000032E-001	9.8929207327251656E-001
4.9500000000000033E-001	9.9177302224369401E-001
5.0000000000000033E-001	9.9444891339406116E-001
5.0500000000000034E-001	9.9720640004187122E-001
5.1000000000000034E-001	1.0000280521482134E+000
5.1500000000000035E-001	1.0029023828368751E+000
5.2000000000000035E-001	1.0058176365018983E+000
5.2500000000000036E-001	1.0087616682655138E+000
5.3000000000000036E-001	1.0117214397966801E+000
5.3500000000000036E-001	1.0146871257664620E+000
5.4000000000000037E-001	1.0176483464179829E+000
5.4500000000000037E-001	1.0205955645411977E+000
5.5000000000000038E-001	1.0235198943787649E+000
5.5500000000000038E-001	1.0264132792972582E+000
5.6000000000000039E-001	1.0292685140952851E+000
5.6500000000000039E-001	1.0320795287655897E+000
5.7000000000000040E-001	1.0348408655325652E+000
5.7500000000000040E-001	1.0375476064364779E+000
5.8000000000000040E-001	1.0401956106871495E+000
5.8500000000000041E-001	1.0427813789149538E+000
5.9000000000000041E-001	1.0453020475220740E+000
5.9500000000000042E-001	1.0477552841207400E+000
6.0000000000000042E-001	1.0501392511095899E+000
6.0500000000000043E-001	1.0524525442769463E+000
6.1000000000000043E-001	1.0547371593754704E+000
6.1500000000000044E-001	1.0569627282067255E+000
6.2000000000000044E-001	1.0590708220902747E+000
6.2500000000000044E-001	1.0610976293843364E+000
6.3000000000000045E-001	1.0630465542530847E+000
6.3500000000000045E-001	1.0649177939987375E+000
6.4000000000000046E-001	1.0667122843248882E+000
6.4500000000000046E-001	1.0684315059414173E+000
6.5000000000000047E-001	1.0700770411173159E+000
6.5500000000000047E-001	1.0716503898204968E+000
6.6000000000000048E-001	1.0731529665667456E+000
6.6500000000000048E-001	1.0746954086979377E+000
6.7000000000000048E-001	1.0760976719555961E+000
6.7500000000000049E-001	1.0773754901697730E+000
6.8000000000000049E-001	1.0785136531800921E+000
6.8500000000000050E-001	1.0796924055204034E+000
6.9000000000000050E-001	1.0807621696638425E+000
6.9500000000000051E-001	1.0816868655699086E+000
7.0000000000000051E-001	1.0825466612837593E+000
7.0500000000000052E-001	1.0834455402185845E+000
7.1000000000000052E-001	1.0842673722308811E+000
7.1500000000000052E-001	1.0850365445204082E+000
7.2000000000000053E-001	1.0857213382296071E+000
7.2500000000000053E-001	1.0863267334996101E+000
7.3000000000000054E-001	1.0868609474929494E+000
7.3500000000000054E-001	1.0873299895382333E+000
7.4000000000000055E-001	1.0877393165188212E+000
7.4500000000000055E-001	1.0880931962915659E+000
7.5000000000000056E-001	1.0882961950872418E+000
7.5500000000000056E-001	1.0885684816381305E+000
7.6000000000000056E-001	1.0887959289923290E+000
7.6500000000000057E-001	1.0889768374256732E+000
7.7000000000000057E-001	1.0891113226038340E+000
7.7500000000000058E-001	1.0892015806027189E+000
7.8000000000000058E-001	1.0892492101801230E+000
7.8500000000000059E-001	1.0892553206072295E+000
7.9000000000000059E-001	1.0892400324818567E+000
7.9500000000000060E-001	1.0891657513520843E+000
8.0000000000000060E-001	1.0890202886637537E+000
8.0500000000000060E-001	1.0888584325058952E+000
8.1000000000000061E-001	1.0886639892687870E+000
8.1500000000000061E-001	1.0884329630786034E+000
8.2000000000000062E-001	1.0881649868049166E+000
8.2500000000000062E-001	1.0878598519878004E+000
8.3000000000000063E-001	1.0875172449184134E+000
8.3500000000000063E-001	1.0871368962363501E+000
8.4000000000000064E-001	1.0867185274072155E+000
8.4500000000000064E-001	1.0862618646802822E+000
8.5000000000000064E-001	1.0858464540691177E+000
8.5500000000000065E-001	1.0853143468542654E+000
8.6000000000000065E-001	1.0847001596717980E+000
8.6500000000000066E-001	1.0840641554632258E+000
8.7000000000000066E-001	1.0833956174205106E+000
8.7500000000000067E-001	1.0826906937603653E+000
8.8000000000000067E-001	1.0819484045646877E+000
8.8500000000000068E-001	1.0811679594670440E+000
8.9000000000000068E-001	1.0803485873649412E+000
8.9500000000000068E-001	1.0794895363768500E+000
9.0000000000000069E-001	1.0785200030329818E+000
9.0500000000000069E-001	1.0775555493060565E+000
9.1000000000000070E-001	1.0765621353276249E+000
9.1500000000000070E-001	1.0755338351254542E+000
9.2000000000000071E-001	1.0744655591883787E+000
9.2500000000000071E-001	1.0733551076337178E+000
9.3000000000000071E-001	1.0722006786516893E+000
9.3500000000000072E-001	1.0710004302215128E+000
9.4000000000000072E-001	1.0697522443183369E+000
9.4500000000000073E-001	1.0684538590024435E+000
9.5000000000000073E-001	1.0671024298770169E+000
9.5500000000000074E-001	1.0656958466745874E+000
9.6000000000000074E-001	1.0642529750633913E+000
9.6500000000000075E-001	1.0627756788667801E+000
9.7000000000000075E-001	1.0612952078646214E+000
9.7500000000000075E-001	1.0597933823784749E+000
9.8000000000000076E-001	1.0582337377017315E+000
9.8500000000000076E-001	1.0566411104466424E+000
9.9000000000000077E-001	1.0550178640270889E+000
9.9500000000000077E-001	1.0533665773687559E+000
1.0000000000000007E+000	1.0516894817206588E+000
1.0050000000000006E+000	1.0499885027462357E+000
1.0100000000000005E+000	1.0482652995492612E+000
1.0150000000000003E+000	1.0465213144983829E+000
1.0200000000000002E+000	1.0447578974304372E+000
1.0250000000000001E+000	1.0429764017368632E+000
1.0300000000000000E+000	1.0411781972776673E+000
1.0349999999999999E+000	1.0393647817878831E+000
1.0399999999999998E+000	1.0375376279142576E+000
1.0449999999999997E+000	1.0356983051534163E+000
1.0499999999999996E+000	1.0338485014413410E+000
1.0549999999999995E+000	1.0319900219646880E+000
1.0599999999999994E+000	1.0301247816435921E+000
1.0649999999999993E+000	1.0282547939799025E+000
1.0699999999999992E+000	1.0263821679683256E+000
1.0749999999999991E+000	1.0245090909176413E+000
1.0799999999999990E+000	1.0226378132218354E+000
1.0849999999999989E+000	1.0207706310451392E+000
1.0899999999999987E+000	1.0189098679982644E+000
1.0949999999999986E+000	1.0170578576611504E+000
1.0999999999999985E+000	1.0152169264725517E+000
1.1049999999999984E+000	1.0133893775879002E+000
1.1099999999999983E+000	1.0115774771435107E+000
1.1149999999999982E+000	1.0097834401107681E+000
1.1199999999999981E+000	1.0080094205009502E+000
1.1249999999999980E+000	1.0063944734912718E+000
1.1299999999999979E+000	1.0046165218406073E+000
1.1349999999999978E+000	1.0028900779274863E+000
1.1399999999999977E+000	1.0011950194693766E+000
1.1449999999999976E+000	9.9961589837941522E-001
1.1499999999999975E+000	9.9795352249701941E-001
1.1549999999999974E+000	9.9634817763002614E-001
1.1599999999999973E+000	9.9477967336463191E-001
1.1649999999999971E+000	9.9324825886328827E-001
1.1699999999999970E+000	9.9175551886246160E-001
1.1749999999999969E+000	9.9030303454329061E-001
1.1799999999999968E+000	9.8889223141719673E-001
1.1849999999999967E+000	9.8752443509606325E-001
1.1899999999999966E+000	9.8620059951774253E-001
1.1949999999999965E+000	9.8492138393998618E-001
1.1999999999999964E+000	9.8368728145722073E-001
1.2049999999999963E+000	9.8249866758322979E-001
1.2099999999999962E+000	9.8135584415873245E-001
1.2149999999999961E+000	9.8025897479525537E-001
1.2199999999999960E+000	9.7924093054417738E-001
1.2249999999999959E+000	9.7823091375186133E-001
1.2299999999999958E+000	9.7723471807957496E-001
1.2349999999999957E+000	9.7631748535477647E-001
1.2399999999999956E+000	9.7544786780160786E-001
1.2449999999999954E+000	9.7462317947566113E-001
1.2499999999999953E+000	9.7384252765036183E-001
1.2549999999999952E+000	9.7310513192694781E-001
1.2599999999999951E+000	9.7241015976917855E-001
1.2649999999999950E+000	9.7175671556052790E-001
1.2699999999999949E+000	9.7114385812375259E-001
1.2749999999999948E+000	9.7057060979310050E-001
1.2799999999999947E+000	9.7003595671997644E-001
1.2849999999999946E+000	9.6953884286028924E-001
1.2899999999999945E+000	9.6907817375914174E-001
1.2949999999999944E+000	9.6865288954960405E-001
1.2999999999999943E+000	9.6826188866422980E-001
1.3049999999999942E+000	9.6790402987820401E-001
1.3099999999999941E+000	9.6757814978761436E-001
1.3149999999999940E+000	9.6728281244667680E-001
1.3199999999999938E+000	9.6701684601307059E-001
1.3249999999999937E+000	9.6677892374170371E-001
1.3299999999999936E+000	9.6656783080705400E-001
1.3349999999999935E+000	9.6638237166459406E-001
1.3399999999999934E+000	9.6622123564270013E-001
1.3449999999999933E+000	9.6608323362373993E-001
1.3499999999999932E+000	9.6596721643943484E-001
1.3549999999999931E+000	9.6587205173080648E-001
1.3599999999999930E+000	9.6579660177601545E-001
1.3649999999999929E+000	9.6573974175118460E-001
1.3699999999999928E+000	9.6562891271537321E-001
1.3749999999999927E+000	9.6556431946352972E-001
1.3799999999999926E+000	9.6556084477261639E-001
1.3849999999999925E+000	9.6557939281777416E-001
1.3899999999999924E+000	9.6561446579749721E-001
1.3949999999999922E+000	9.6566335416536142E-001
1.3999999999999921E+000	9.6571967551972715E-001
1.4049999999999920E+000	9.6575363782146484E-001
1.4099999999999919E+000	9.6578148660312058E-001
1.4149999999999918E+000	9.6586464865514543E-001
1.4199999999999917E+000	9.6596261852985998E-001
1.4249999999999916E+000	9.6606941718978490E-001
1.4299999999999915E+000	9.6618229562143143E-001
1.4349999999999914E+000	9.6629922806531632E-001
1.4399999999999913E+000	9.6641850132639906E-001
1.4449999999999912E+000	9.6653863801893025E-001
1.4499999999999911E+000	9.6665837496106222E-001
1.4549999999999910E+000	9.6677664902823901E-001
1.4599999999999909E+000	9.6689258613545770E-001
1.4649999999999908E+000	9.6700548581745727E-001
1.4699999999999906E+000	9.6711479567094327E-001
1.4749999999999905E+000	9.6722009852958601E-001
1.4799999999999904E+000	9.6732112106254875E-001
1.4849999999999903E+000	9.6741763530727931E-001
1.4899999999999902E+000	9.6750949340499481E-001
1.4949999999999901E+000	9.6759661313124834E-001
1.4999999999999900E+000	9.6767895451085006E-001
1.4999999999999900E+000	9.6759434388161425E-001
1.5049999999999899E+000	9.6766801789392043E-001
1.5099999999999898E+000	9.6774509248340346E-001
1.5149999999999897E+000	9.6782048366087980E-001
1.5199999999999896E+000	9.6789260284476031E-001
1.5249999999999895E+000	9.6796086150891736E-001
1.5299999999999894E+000	9.6805008467518949E-001
1.5349999999999893E+000	9.6810756812150522E-001
1.5399999999999892E+000	9.6812030271158156E-001
1.5449999999999890E+000	9.6815813064263967E-001
1.5499999999999889E+000	9.6819649879797742E-001
1.5549999999999888E+000	9.6823265760890209E-001
1.5599999999999887E+000	9.6826545114614282E-001
1.5649999999999886E+000	9.6829399692565321E-001
1.5699999999999885E+000	9.6831745084877341E-001
1.5749999999999884E+000	9.6833505457522040E-001
1.5799999999999883E+000	9.6834621454499725E-001
1.5849999999999882E+000	9.6835037424191550E-001
1.5899999999999881E+000	9.6834710807684909E-001
1.5949999999999880E+000	9.6833612033364913E-001
1.5999999999999879E+000	9.6831726146502928E-001
1.6049999999999878E+000	9.6829045181792028E-001
1.6099999999999877E+000	9.6825571411450106E-001
1.6149999999999876E+000	9.6821315237664352E-001
1.6199999999999875E+000	9.6816294268365999E-001
1.6249999999999873E+000	9.6810124406560727E-001
1.6299999999999872E+000	9.6803513451781786E-001
1.6349999999999871E+000	9.6792606045292329E-001
1.6399999999999870E+000	9.6784354131425887E-001
1.6449999999999869E+000	9.6776072393983692E-001
1.6499999999999868E+000	9.6767560927669871E-001
1.6549999999999867E+000	9.6758765212810893E-001
1.6599999999999866E+000	9.6749639624835837E-001
1.6649999999999865E+000	9.6740139100792366E-001
1.6699999999999864E+000	9.6730223335597298E-001
1.6749999999999863E+000	9.6720124697284682E-001
1.6799999999999862E+000	9.6705104644016426E-001
1.6849999999999861E+000	9.6693182045113091E-001
1.6899999999999860E+000	9.6681316823836660E-001
1.6949999999999859E+000	9.6669265701165230E-001
1.6999999999999857E+000	9.6656986969068337E-001
1.7049999999999856E+000	9.6644458009306589E-001
1.7099999999999855E+000	9.6631664322671729E-001
1.7149999999999854E+000	9.6618596144002000E-001
1.7199999999999853E+000	9.6605252097242955E-001
1.7249999999999852E+000	9.6589740666443502E-001
1.7299999999999851E+000	9.6571435493540825E-001
1.7349999999999850E+000	9.6560227426181544E-001
1.7399999999999849E+000	9.6541384608887326E-001
1.7449999999999848E+000	9.6526573555241035E-001
1.7499999999999847E+000	9.6512342271939255E-001
1.7549999999999846E+000	9.6498427138966170E-001
1.7599999999999845E+000	9.6484773679761382E-001
1.7649999999999844E+000	9.6471351124190163E-001
1.7699999999999843E+000	9.6458137957447521E-001
1.7749999999999841E+000	9.6445123805301236E-001
1.7799999999999840E+000	9.6432310305083513E-001
1.7849999999999839E+000	9.6419710732319641E-001
1.7899999999999838E+000	9.6407349056323555E-001
1.7949999999999837E+000	9.6395257237281395E-001
1.7999999999999836E+000	9.6383474741637298E-001
1.8049999999999835E+000	9.6372046834744074E-001
1.8099999999999834E+000	9.6361023153535785E-001
1.8149999999999833E+000	9.6350456559825504E-001
1.8199999999999832E+000	9.6340401713479962E-001
1.8249999999999831E+000	9.6330913934115026E-001
1.8299999999999830E+000	9.6322057769036262E-001
1.8349999999999829E+000	9.6313878330769898E-001
1.8399999999999828E+000	9.6306428629034468E-001
1.8449999999999827E+000	9.6299758642365030E-001
1.8499999999999825E+000	9.6293918396986622E-001
1.8549999999999824E+000	9.6288954523004022E-001
1.8599999999999823E+000	9.6284910733633089E-001
1.8649999999999822E+000	9.6274919601407771E-001
1.8699999999999821E+000	9.6268854372808288E-001
1.8749999999999820E+000	9.6268191336113895E-001
1.8799999999999819E+000	9.6271686002006329E-001
1.8849999999999818E+000	9.6268478908751143E-001
1.8899999999999817E+000	9.6270548726044691E-001
1.8949999999999816E+000	9.6274512432052828E-001
1.8999999999999815E+000	9.6280025409354908E-001
1.9049999999999814E+000	9.6286990543781781E-001
1.9099999999999813E+000	9.6295341018367342E-001
1.9149999999999812E+000	9.6305013083522673E-001
1.9199999999999811E+000	9.6315948243019933E-001
1.9249999999999809E+000	9.6328097197431573E-001
1.9299999999999808E+000	9.6341422262536358E-001
1.9349999999999807E+000	9.6355897577338301E-001
1.9399999999999806E+000	9.6371508551886254E-001
1.9449999999999805E+000	9.6388247533371629E-001
1.9499999999999804E+000	9.6406118187339973E-001
1.9549999999999803E+000	9.6425131107512574E-001
1.9599999999999802E+000	9.6445300857278393E-001
1.9649999999999801E+000	9.6466642767341115E-001
1.9699999999999800E+000	9.6489174241308839E-001
1.9749999999999799E+000	9.6512912977217491E-001
1.9799999999999798E+000	9.6537875783268923E-001
1.9849999999999797E+000	9.6564077297253381E-001
1.9899999999999796E+000	9.6591529516370478E-001
1.9949999999999795E+000	9.6620241305926813E-001
1.9999999999999793E+000	9.6650218038221780E-001
2.0049999999999795E+000	9.6681461463578122E-001
2.0099999999999794E+000	9.6713969635841257E-001
2.0149999999999793E+000	9.6747736944013452E-001
2.0199999999999791E+000	9.6782754221523271E-001
2.0249999999999790E+000	9.6819008901059866E-001
2.0299999999999789E+000	9.6856485232169032E-001
2.0349999999999788E+000	9.6895164532645173E-001
2.0399999999999787E+000	9.6935025501799543E-001
2.0449999999999786E+000	9.6976044174501541E-001
2.0499999999999785E+000	9.7018194473196984E-001
2.0549999999999784E+000	9.7061448342096224E-001
2.0599999999999783E+000	9.7105776095442520E-001
2.0649999999999782E+000	9.7151146230429342E-001
2.0699999999999781E+000	9.7197526808307955E-001
2.0749999999999780E+000	9.7244882465023452E-001
2.0799999999999779E+000	9.7293180164210202E-001
2.0849999999999778E+000	9.7350969983202940E-001
2.0899999999999777E+000	9.7397802024006308E-001
2.0949999999999775E+000	9.7447961449871867E-001
2.0999999999999774E+000	9.7502970459423388E-001
2.1049999999999773E+000	9.7551881534855556E-001
2.1099999999999772E+000	9.7603964002712851E-001
2.1149999999999771E+000	9.7656982860820796E-001
2.1199999999999770E+000	9.7710797258625559E-001
2.1249999999999769E+000	9.7765388448675272E-001
2.1299999999999768E+000	9.7820728541126967E-001
2.1349999999999767E+000	9.7876769094168448E-001
2.1399999999999766E+000	9.7933449390715333E-001
2.1449999999999765E+000	9.7990704345338686E-001
2.1499999999999764E+000	9.8048468990327775E-001
2.1549999999999763E+000	9.8106681340624846E-001
2.1599999999999762E+000	9.8165283697566952E-001
2.1649999999999761E+000	9.8224223023700263E-001
2.1699999999999759E+000	9.8283450895675628E-001
2.1749999999999758E+000	9.8342923277763328E-001
2.1799999999999757E+000	9.8402599965586968E-001
2.1849999999999756E+000	9.8462444033888652E-001
2.1899999999999755E+000	9.8522421315258646E-001
2.1949999999999754E+000	9.8582499942158597E-001
2.1999999999999753E+000	9.8642649957687634E-001
2.2049999999999752E+000	9.8702842982533701E-001
2.2099999999999751E+000	9.8763051932470325E-001
2.2149999999999750E+000	9.8823250801104379E-001
2.2199999999999749E+000	9.8883414446792928E-001
2.2249999999999748E+000	9.8943518427790778E-001
2.2299999999999747E+000	9.9003538845740124E-001
2.2349999999999746E+000	9.9063452268613794E-001
2.2399999999999745E+000	9.9123235557915634E-001
2.2449999999999743E+000	9.9182865835625833E-001
2.2499999999999742E+000	9.9242320427710362E-001
2.2549999999999741E+000	9.9301576825530480E-001
2.2599999999999740E+000	9.9360612670829773E-001
2.2649999999999739E+000	9.9419405760490021E-001
2.2699999999999738E+000	9.9477934069984320E-001
2.2749999999999737E+000	9.9536175788513526E-001
2.2799999999999736E+000	9.9594109367406769E-001
2.2849999999999735E+000	9.9651713574766210E-001
2.2899999999999734E+000	9.9708967571494656E-001
2.2949999999999733E+000	9.9765850904638387E-001
2.2999999999999732E+000	9.9822343686902526E-001
2.3049999999999731E+000	9.9878427011405846E-001
2.3099999999999730E+000	9.9934081421346677E-001
2.3149999999999729E+000	9.9989289345219279E-001
2.3199999999999728E+000	1.0004403295135529E+000
2.3249999999999726E+000	1.0009829595765682E+000
2.3299999999999725E+000	1.0015206494103013E+000
2.3349999999999724E+000	1.0020528978047389E+000
2.3399999999999723E+000	1.0025792877190218E+000
2.3449999999999722E+000	1.0030996604331852E+000
2.3499999999999721E+000	1.0036140261009630E+000
2.3549999999999720E+000	1.0041224300001004E+000
2.3599999999999719E+000	1.0046249304040891E+000
2.3649999999999718E+000	1.0051215780460343E+000
2.3699999999999717E+000	1.0056124182652892E+000
2.3749999999999716E+000	1.0060974872473814E+000
2.3799999999999715E+000	1.0065767857511487E+000
2.3849999999999714E+000	1.0070502823300607E+000
2.3899999999999713E+000	1.0075179350770855E+000
2.3949999999999712E+000	1.0079796854046776E+000
2.3999999999999710E+000	1.0084354613915965E+000
2.4049999999999709E+000	1.0088851855628453E+000
2.4099999999999708E+000	1.0093287698386755E+000
2.4149999999999707E+000	1.0097661220209768E+000
2.4199999999999706E+000	1.0101971527839460E+000
2.4249999999999705E+000	1.0106217761456759E+000
2.4299999999999704E+000	1.0110399157314018E+000
2.4349999999999703E+000	1.0114515018570229E+000
2.4399999999999702E+000	1.0118564716111718E+000
2.4449999999999701E+000	1.0122547710998295E+000
2.4499999999999700E+000	1.0126463558980168E+000
2.4549999999999699E+000	1.0130311932647402E+000
2.4599999999999698E+000	1.0134092681399280E+000
2.4649999999999697E+000	1.0137805672237339E+000
2.4699999999999696E+000	1.0141450893892425E+000
2.4749999999999694E+000	1.0145028423945406E+000
2.4799999999999693E+000	1.0148538506910936E+000
2.4849999999999692E+000	1.0151981371756704E+000
2.4899999999999691E+000	1.0155357377048289E+000
2.4949999999999690E+000	1.0158666921885391E+000
2.4999999999999689E+000	1.0161910547529249E+000
2.5049999999999688E+000	1.0165088757843097E+000
2.5099999999999687E+000	1.0168202136354152E+000
2.5149999999999686E+000	1.0171251306889604E+000
2.5199999999999685E+000	1.0174236907653105E+000
2.5249999999999684E+000	1.0177159603535550E+000
2.5299999999999683E+000	1.0180020082214563E+000
2.5349999999999682E+000	1.0182819045515534E+000
2.5399999999999681E+000	1.0185557202672844E+000
2.5449999999999680E+000	1.0188235267414154E+000
2.5499999999999678E+000	1.0190853951594414E+000
2.5549999999999677E+000	1.0193413984575803E+000
2.5599999999999676E+000	1.0195916074451481E+000
2.5649999999999675E+000	1.0198360931047608E+000
2.5699999999999674E+000	1.0200749258973840E+000
2.5749999999999673E+000	1.0203081755694006E+000
2.5799999999999672E+000	1.0205359111955414E+000
2.5849999999999671E+000	1.0207582011402718E+000
2.5899999999999670E+000	1.0209751125125968E+000
2.5949999999999669E+000	1.0211867131904810E+000
2.5999999999999668E+000	1.0213930695437461E+000
2.6049999999999667E+000	1.0215942457342095E+000
2.6099999999999666E+000	1.0217903063596110E+000
2.6149999999999665E+000	1.0219813153519410E+000
2.6199999999999664E+000	1.0221673357932417E+000
2.6249999999999662E+000	1.0223484299029311E+000
2.6299999999999661E+000	1.0225246590389490E+000
2.6349999999999660E+000	1.0226960514261521E+000
2.6399999999999659E+000	1.0228626807564691E+000
2.6449999999999658E+000	1.0230246181420879E+000
2.6499999999999657E+000	1.0231819248852578E+000
2.6549999999999656E+000	1.0233346575469462E+000
2.6599999999999655E+000	1.0234828712398976E+000
2.6649999999999654E+000	1.0236266209974316E+000
2.6699999999999653E+000	1.0237659610513667E+000
2.6749999999999652E+000	1.0239009447846292E+000
2.6799999999999651E+000	1.0240316238859664E+000
2.6849999999999650E+000	1.0241580479616252E+000
2.6899999999999649E+000	1.0242802650970380E+000
2.6949999999999648E+000	1.0243983214960886E+000
2.6999999999999647E+000	1.0245122614792699E+000
2.7049999999999645E+000	1.0246221275170047E+000
2.7099999999999644E+000	1.0247279602872192E+000
2.7149999999999643E+000	1.0248297986372166E+000
2.7199999999999642E+000	1.0249276795461466E+000
2.7249999999999641E+000	1.0250216509867129E+000
2.7299999999999640E+000	1.0251117383314845E+000
2.7349999999999639E+000	1.0251979595090561E+000
2.7399999999999638E+000	1.0252803446906229E+000
2.7449999999999637E+000	1.0253589287016525E+000
2.7499999999999636E+000	1.0254337378218248E+000
2.7549999999999635E+000	1.0255047943682183E+000
2.7599999999999634E+000	1.0255721316226676E+000
2.7649999999999633E+000	1.0256357621534091E+000
2.7699999999999632E+000	1.0256956912019770E+000
2.7749999999999631E+000	1.0257519353402407E+000
2.7799999999999629E+000	1.0258045157496092E+000
2.7849999999999628E+000	1.0258534450111998E+000
2.7899999999999627E+000	1.0258987317066357E+000
2.7949999999999626E+000	1.0259403831682457E+000
2.7999999999999625E+000	1.0259784175674602E+000
2.8049999999999624E+000	1.0260128231884016E+000
2.8099999999999623E+000	1.0260436018963748E+000
2.8149999999999622E+000	1.0260707598666094E+000
2.8199999999999621E+000	1.0260942971109175E+000
2.8249999999999620E+000	1.0261142111860482E+000
2.8299999999999619E+000	1.0261304989640609E+000
2.8349999999999618E+000	1.0261431565652814E+000
2.8399999999999617E+000	1.0261521788937789E+000
2.8449999999999616E+000	1.0261575596711927E+000
2.8499999999999615E+000	1.0261592908351038E+000
2.8549999999999613E+000	1.0261573624585769E+000
2.8599999999999612E+000	1.0261517647738922E+000
2.8649999999999611E+000	1.0261424885250179E+000
2.8699999999999610E+000	1.0261295228735623E+000
2.8749999999999609E+000	1.0261128565669406E+000
2.8799999999999608E+000	1.0260924782678622E+000
2.8849999999999607E+000	1.0260683762509919E+000
2.8899999999999606E+000	1.0260405384059124E+000
2.8949999999999605E+000	1.0260089523445397E+000
2.8999999999999604E+000	1.0259736054147579E+000
2.9049999999999603E+000	1.0259344848364138E+000
2.9099999999999602E+000	1.0258915777073230E+000
2.9149999999999601E+000	1.0258448710616166E+000
2.9199999999999600E+000	1.0257943519214658E+000
2.9249999999999599E+000	1.0257400073567740E+000
2.9299999999999597E+000	1.0256818245396382E+000
2.9349999999999596E+000	1.0256197908176672E+000
2.9399999999999595E+000	1.0255538937738466E+000
2.9449999999999594E+000	1.0254841212993244E+000
2.9499999999999593E+000	1.0254104616641391E+000
2.9549999999999592E+000	1.0253329035897656E+000
2.9599999999999591E+000	1.0252514363249923E+000
2.9649999999999590E+000	1.0251660497193713E+000
2.9699999999999589E+000	1.0250767342995335E+000
2.9749999999999588E+000	1.0249834813495946E+000
2.9799999999999587E+000	1.0248862829802290E+000
2.9849999999999586E+000	1.0247851321967674E+000
2.9899999999999585E+000	1.0246800229738593E+000
2.9949999999999584E+000	1.0245709503249012E+000
2.9999999999999583E+000	1.0244579103668769E+000
3.0049999999999581E+000	1.0243409003845945E+000
3.0099999999999580E+000	1.0242199188898153E+000
3.0149999999999579E+000	1.0240949656739580E+000
3.0199999999999578E+000	1.0239660418612793E+000
3.0249999999999577E+000	1.0238331499563151E+000
3.0299999999999576E+000	1.0236962938874212E+000
3.0349999999999575E+000	1.0235554790463575E+000
3.0399999999999574E+000	1.0234107122797003E+000
3.0449999999999573E+000	1.0232620021042671E+000
3.0499999999999572E+000	1.0231093584436715E+000
3.0549999999999571E+000	1.0229527929412556E+000
3.0599999999999570E+000	1.0227923186170305E+000
3.0649999999999569E+000	1.0226279503340383E+000
3.0699999999999568E+000	1.0224597045172752E+000
3.0749999999999567E+000	1.0222875992390124E+000
3.0799999999999566E+000	1.0221116542275288E+000
3.0849999999999564E+000	1.0219318908731927E+000
3.0899999999999563E+000	1.0217483322322356E+000
3.0949999999999562E+000	1.0215610029845634E+000
3.0999999999999561E+000	1.0213699296092933E+000
3.1049999999999560E+000	1.0211751401166567E+000
3.1099999999999559E+000	1.0209766642222218E+000
3.1149999999999558E+000	1.0207745332962508E+000
3.1199999999999557E+000	1.0205687803564774E+000
3.1249999999999556E+000	1.0203594400128344E+000
3.1299999999999555E+000	1.0201465486457539E+000
3.1349999999999554E+000	1.0199301441523374E+000
3.1399999999999553E+000	1.0197102659685009E+000
3.1449999999999552E+000	1.0194869552085519E+000
3.1499999999999551E+000	1.0192602545616332E+000
3.1549999999999550E+000	1.0190302082634788E+000
3.1599999999999548E+000	1.0187968620943912E+000
3.1649999999999547E+000	1.0185602633562076E+000
3.1699999999999546E+000	1.0183204608595904E+000
3.1749999999999545E+000	1.0180775048993260E+000
3.1799999999999544E+000	1.0178314472337011E+000
3.1849999999999543E+000	1.0175823410616061E+000
3.1899999999999542E+000	1.0173302409988456E+000
3.1949999999999541E+000	1.0170752030530277E+000
3.1999999999999540E+000	1.0168172845973618E+000
3.2049999999999539E+000	1.0165565422365004E+000
3.2099999999999538E+000	1.0162930388843234E+000
3.2149999999999537E+000	1.0160268364259282E+000
3.2199999999999536E+000	1.0157579974892748E+000
3.2249999999999535E+000	1.0154865855335360E+000
3.2299999999999534E+000	1.0152126654163678E+000
3.2349999999999532E+000	1.0149363014128552E+000
3.2399999999999531E+000	1.0146575631593973E+000
3.2449999999999530E+000	1.0143765192040790E+000
3.2499999999999529E+000	1.0140932373069440E+000
3.2549999999999528E+000	1.0138077893981940E+000
3.2599999999999527E+000	1.0135202467138078E+000
3.2649999999999526E+000	1.0132306811525593E+000
3.2699999999999525E+000	1.0129391640963716E+000
3.2749999999999524E+000	1.0126457707978767E+000
3.2799999999999523E+000	1.0123505758693949E+000
3.2849999999999522E+000	1.0120536544694261E+000
3.2899999999999521E+000	1.0117550823466706E+000
3.2949999999999520E+000	1.0114549359610820E+000
3.2999999999999519E+000	1.0111532924271482E+000
3.3049999999999518E+000	1.0108502295290132E+000
3.3099999999999516E+000	1.0105458255936628E+000
3.3149999999999515E+000	1.0102401595573278E+000
3.3199999999999514E+000	1.0099333107533159E+000
3.3249999999999513E+000	1.0096253591389184E+000
3.3299999999999512E+000	1.0093163849563149E+000
3.3349999999999511E+000	1.0090064670903018E+000
3.3399999999999510E+000	1.0086956885999963E+000
3.3449999999999509E+000	1.0083841293218263E+000
3.3499999999999508E+000	1.0080718697459423E+000
3.3549999999999507E+000	1.0077589914593681E+000
3.3599999999999506E+000	1.0074455767872457E+000
3.3649999999999505E+000	1.0071317070393198E+000
3.3699999999999504E+000	1.0068174645543739E+000
3.3749999999999503E+000	1.0065029311101359E+000
3.3799999999999502E+000	1.0061881856467820E+000
3.3849999999999500E+000	1.0058733317929511E+000
3.3899999999999499E+000	1.0055584336087346E+000
3.3949999999999498E+000	1.0052435656213665E+000
3.3999999999999497E+000	1.0049288054918248E+000
3.4049999999999496E+000	1.0046142317279319E+000
3.4099999999999495E+000	1.0042999224419740E+000
3.4149999999999494E+000	1.0039860068340185E+000
3.4199999999999493E+000	1.0036725321966649E+000
3.4249999999999492E+000	1.0033595601114251E+000
3.4299999999999491E+000	1.0030471481059986E+000
3.4349999999999490E+000	1.0027353811760902E+000
3.4399999999999489E+000	1.0024243661114451E+000
3.4449999999999488E+000	1.0021141657725510E+000
3.4499999999999487E+000	1.0018048241829456E+000
3.4549999999999486E+000	1.0014964603933849E+000
3.4599999999999485E+000	1.0011891360925946E+000
3.4649999999999483E+000	1.0008829323764796E+000
3.4699999999999482E+000	1.0005779032210229E+000
3.4749999999999481E+000	1.0002741116471863E+000
3.4799999999999480E+000	9.9997146011621418E-001
3.4849999999999479E+000	9.9966986704302274E-001
3.4899999999999478E+000	9.9936920671430562E-001
3.4949999999999477E+000	9.9906954883969767E-001
3.4999999999999476E+000	9.9877103693426850E-001
3.5049999999999475E+000	9.9847381969445859E-001
3.5099999999999474E+000	9.9817806630879913E-001
3.5149999999999473E+000	9.9788396620896402E-001
3.5199999999999472E+000	9.9759166965442037E-001
3.5249999999999471E+000	9.9730130946365514E-001
3.5299999999999470E+000	9.9701303362268812E-001
3.5349999999999469E+000	9.9672698381899016E-001
3.5399999999999467E+000	9.9644329032333112E-001
3.5449999999999466E+000	9.9616203295820283E-001
3.5499999999999465E+000	9.9588327558315171E-001
3.5549999999999464E+000	9.9560709713584850E-001
3.5599999999999463E+000	9.9533356806760664E-001
3.5649999999999462E+000	9.9506275257809418E-001
3.5699999999999461E+000	9.9479467617575656E-001
3.5749999999999460E+000	9.9452934630057532E-001
3.5799999999999459E+000	9.9426679101980109E-001
3.5849999999999458E+000	9.9400704001450901E-001
3.5899999999999457E+000	9.9375012282215092E-001
3.5949999999999456E+000	9.9349601228500262E-001
3.5999999999999455E+000	9.9324471865812924E-001
3.6049999999999454E+000	9.9299625894510590E-001
3.6099999999999453E+000	9.9275064676776692E-001
3.6149999999999451E+000	9.9250788097825371E-001
3.6199999999999450E+000	9.9226792884378368E-001
3.6249999999999449E+000	9.9203080434977819E-001
3.6299999999999448E+000	9.9179654859756416E-001
3.6349999999999447E+000	9.9156512256028062E-001
3.6399999999999446E+000	9.9133654091653967E-001
3.6449999999999445E+000	9.9111082754508473E-001
3.6499999999999444E+000	9.9088794817397774E-001
3.6549999999999443E+000	9.9066791993917913E-001
3.6599999999999442E+000	9.9045079233062050E-001
3.6649999999999441E+000	9.9023654087070656E-001
3.6699999999999440E+000	9.9002518895746405E-001
3.6749999999999439E+000	9.8981679276674239E-001
3.6799999999999438E+000	9.8961133107114152E-001
3.6849999999999437E+000	9.8940886564488584E-001
3.6899999999999435E+000	9.8920937723224545E-001
3.6949999999999434E+000	9.8901294149231922E-001
3.6999999999999433E+000	9.8881954326655197E-001
3.7049999999999432E+000	9.8862924964097632E-001
3.7099999999999431E+000	9.8844208166357372E-001
3.7149999999999430E+000	9.8825803278263780E-001
3.7199999999999429E+000	9.8807717643772031E-001
3.7249999999999428E+000	9.8789950513668201E-001
3.7299999999999427E+000	9.8772508506931078E-001
3.7349999999999426E+000	9.8755393409061609E-001
3.7399999999999425E+000	9.8738603991983054E-001
3.7449999999999424E+000	9.8722146546256639E-001
3.7499999999999423E+000	9.8706022418151051E-001
3.7549999999999422E+000	9.8690233186776855E-001
3.7599999999999421E+000	9.8674777122728907E-001
3.7649999999999419E+000	9.8659660090251178E-001
3.7699999999999418E+000	9.8644882703335679E-001
3.7749999999999417E+000	9.8630445637263686E-001
3.7799999999999416E+000	9.8616346239350494E-001
3.7849999999999415E+000	9.8602589486380510E-001
3.7899999999999414E+000	9.8589175149219721E-001
3.7949999999999413E+000	9.8576102705410296E-001
3.7999999999999412E+000	9.8563371593052762E-001
3.8049999999999411E+000	9.8550981564664353E-001
3.8099999999999410E+000	9.8538932787990274E-001
3.8149999999999409E+000	9.8527222057444763E-001
3.8199999999999408E+000	9.8515853425690880E-001
3.8249999999999407E+000	9.8504825668797569E-001
3.8299999999999406E+000	9.8494137387184333E-001
3.8349999999999405E+000	9.8483787281288748E-001
3.8399999999999403E+000	9.8473774876971243E-001
3.8449999999999402E+000	9.8464096345363894E-001
3.8499999999999401E+000	9.8454756158784673E-001
3.8549999999999400E+000	9.8445750213819916E-001
3.8599999999999399E+000	9.8437078536655953E-001
3.8649999999999398E+000	9.8428744178364347E-001
3.8699999999999397E+000	9.8420741904012099E-001
3.8749999999999396E+000	9.8413071361804905E-001
3.8799999999999395E+000	9.8405731902377069E-001
3.8849999999999394E+000	9.8398726285599736E-001
3.8899999999999393E+000	9.8392048710270763E-001
3.8949999999999392E+000	9.8385698228389273E-001
3.8999999999999391E+000	9.8379677788929198E-001
3.9049999999999390E+000	9.8373982144341154E-001
3.9099999999999389E+000	9.8368611059147970E-001
3.9149999999999388E+000	9.8363563983401359E-001
3.9199999999999386E+000	9.8358843921297989E-001
3.9249999999999385E+000	9.8354444978816991E-001
3.9299999999999384E+000	9.8350366425915892E-001
3.9349999999999383E+000	9.8346611452283172E-001
3.9399999999999382E+000	9.8343174667470001E-001
3.9449999999999381E+000	9.8340055976182550E-001
3.9499999999999380E+000	9.8337254816474906E-001
3.9549999999999379E+000	9.8334774277685721E-001
3.9599999999999378E+000	9.8332608234519792E-001
3.9649999999999377E+000	9.8330755604163222E-001
3.9699999999999376E+000	9.8329220793633598E-001
3.9749999999999375E+000	9.8328000869842991E-001
3.9799999999999374E+000	9.8327093121196074E-001
3.9849999999999373E+000	9.8326491890531265E-001
3.9899999999999372E+000	9.8326201240643096E-001
3.9949999999999370E+000	9.8326219306344809E-001
3.9999999999999369E+000	9.8326544309481922E-001