Grouping:totalEnergy J686
# x 	 y
0.0000000000000000E+000	3.3209821609786121E+000
5.0000000000000001E-003	3.3210143724466659E+000
1.0000000000000000E-002	3.3210424817290343E+000
1.4999999999999999E-002	3.3210637015956954E+000
2.0000000000000000E-002	3.3210764903245820E+000
2.5000000000000001E-002	3.3210794829242705E+000
3.0000000000000002E-002	3.3210719408557901E+000
3.5000000000000003E-002	3.3210535124240201E+000
4.0000000000000001E-002	3.3210240678192084E+000
4.4999999999999998E-002	3.3209836136612698E+000
4.9999999999999996E-002	3.3209322570732733E+000
5.4999999999999993E-002	3.3208701796984275E+000
5.9999999999999991E-002	3.3207976190016946E+000
6.4999999999999988E-002	3.3207148510230007E+000
6.9999999999999993E-002	3.3206206303974661E+000
7.4999999999999997E-002	3.3205185184244019E+000
8.0000000000000002E-002	3.3204071101559811E+000
8.5000000000000006E-002	3.3202867579873354E+000
9.0000000000000011E-002	3.3201577070126826E+000
9.5000000000000015E-002	3.3200202774635792E+000
1.0000000000000002E-001	3.3198747725861559E+000
1.0500000000000002E-001	3.3197214641823876E+000
1.1000000000000003E-001	3.3195606071053643E+000
1.1500000000000003E-001	3.3193924362652978E+000
1.2000000000000004E-001	3.3192171730704847E+000
1.2500000000000003E-001	3.3190350133589259E+000
1.3000000000000003E-001	3.3188512771914240E+000
1.3500000000000004E-001	3.3186553328480626E+000
1.4000000000000004E-001	3.3184538365794802E+000
1.4500000000000005E-001	3.3182459460839873E+000
1.5000000000000005E-001	3.3180318320339821E+000
1.5500000000000005E-001	3.3178198160463834E+000
1.6000000000000006E-001	3.3175959842025917E+000
1.6500000000000006E-001	3.3173649414822397E+000
1.7000000000000007E-001	3.3171279455755744E+000
1.7500000000000007E-001	3.3168852882984226E+000
1.8000000000000008E-001	3.3166371385406355E+000
1.8500000000000008E-001	3.3163835987978532E+000
1.9000000000000009E-001	3.3161264117598348E+000
1.9500000000000009E-001	3.3158636505013677E+000
2.0000000000000009E-001	3.3155940642743804E+000
2.0500000000000010E-001	3.3153195683365282E+000
2.1000000000000010E-001	3.3150407400643096E+000
2.1500000000000011E-001	3.3147553514443628E+000
2.2000000000000011E-001	3.3144648693719216E+000
2.2500000000000012E-001	3.3141693751620021E+000
2.3000000000000012E-001	3.3138686862501454E+000
2.3500000000000013E-001	3.3135630037274262E+000
2.4000000000000013E-001	3.3132523126536810E+000
2.4500000000000013E-001	3.3129366087566829E+000
2.5000000000000011E-001	3.3126158641595573E+000
2.5500000000000012E-001	3.3122900564760447E+000
2.6000000000000012E-001	3.3119591671904218E+000
2.6500000000000012E-001	3.3116231748157730E+000
2.7000000000000013E-001	3.3112820567590009E+000
2.7500000000000013E-001	3.3109357453333126E+000
2.8000000000000014E-001	3.3105850135765085E+000
2.8500000000000014E-001	3.3102290831377483E+000
2.9000000000000015E-001	3.3098679082679281E+000
2.9500000000000015E-001	3.3095014400273963E+000
3.0000000000000016E-001	3.3091296302428388E+000
3.0500000000000016E-001	3.3087524000615565E+000
3.1000000000000016E-001	3.3083696851660536E+000
3.1500000000000017E-001	3.3079816896505503E+000
3.2000000000000017E-001	3.3075881005634464E+000
3.2500000000000018E-001	3.3071887106514359E+000
3.3000000000000018E-001	3.3067836648347742E+000
3.3500000000000019E-001	3.3063724653845403E+000
3.4000000000000019E-001	3.3059557226036809E+000
3.4500000000000020E-001	3.3055521927972116E+000
3.5000000000000020E-001	3.3051187216215143E+000
3.5500000000000020E-001	3.3046873300424147E+000
3.6000000000000021E-001	3.3042481757194202E+000
3.6500000000000021E-001	3.3037938611102651E+000
3.7000000000000022E-001	3.3033386864246119E+000
3.7500000000000022E-001	3.3028757601832210E+000
3.8000000000000023E-001	3.3024111348439180E+000
3.8500000000000023E-001	3.3019410519687749E+000
3.9000000000000024E-001	3.3014659087284159E+000
3.9500000000000024E-001	3.3009896556619491E+000
4.0000000000000024E-001	3.3005076645229026E+000
4.0500000000000025E-001	3.3000152019910347E+000
4.1000000000000025E-001	3.2995186090098860E+000
4.1500000000000026E-001	3.2990161314488620E+000
4.2000000000000026E-001	3.2985077829384810E+000
4.2500000000000027E-001	3.2979934059907681E+000
4.3000000000000027E-001	3.2974727520812599E+000
4.3500000000000028E-001	3.2969597771571428E+000
4.4000000000000028E-001	3.2964146711516435E+000
4.4500000000000028E-001	3.2958716664648118E+000
4.5000000000000029E-001	3.2953378066347523E+000
4.5500000000000029E-001	3.2947718561454673E+000
4.6000000000000030E-001	3.2942073912847167E+000
4.6500000000000030E-001	3.2936368121740118E+000
4.7000000000000031E-001	3.2930687656642865E+000
4.7500000000000031E-001	3.2924710654328733E+000
4.8000000000000032E-001	3.2918912174345363E+000
4.8500000000000032E-001	3.2912745844258797E+000
4.9000000000000032E-001	3.2906833679133332E+000
4.9500000000000033E-001	3.2900563035734387E+000
5.0000000000000033E-001	3.2894139516521315E+000
5.0500000000000034E-001	3.2887755612803620E+000
5.1000000000000034E-001	3.2881303289238293E+000
5.1500000000000035E-001	3.2874920111373949E+000
5.2000000000000035E-001	3.2868160160090376E+000
5.2500000000000036E-001	3.2861401662221921E+000
5.3000000000000036E-001	3.2854564371418022E+000
5.3500000000000036E-001	3.2847630828299934E+000
5.4000000000000037E-001	3.2840596421653916E+000
5.4500000000000037E-001	3.2833459569041472E+000
5.5000000000000038E-001	3.2826403118474659E+000
5.5500000000000038E-001	3.2818940715271068E+000
5.6000000000000039E-001	3.2811454065776680E+000
5.6500000000000039E-001	3.2803884549531048E+000
5.7000000000000040E-001	3.2796418619811765E+000
5.7500000000000040E-001	3.2788551489999991E+000
5.8000000000000040E-001	3.2780669303321246E+000
5.8500000000000041E-001	3.2772621065875382E+000
5.9000000000000041E-001	3.2764515834413741E+000
5.9500000000000042E-001	3.2756322610967916E+000
6.0000000000000042E-001	3.2748031456199724E+000
6.0500000000000043E-001	3.2739641135382298E+000
6.1000000000000043E-001	3.2731170415871840E+000
6.1500000000000044E-001	3.2722605555963851E+000
6.2000000000000044E-001	3.2713952615383186E+000
6.2500000000000044E-001	3.2705321333989086E+000
6.3000000000000045E-001	3.2696374390003080E+000
6.3500000000000045E-001	3.2687588122995361E+000
6.4000000000000046E-001	3.2678471413053201E+000
6.4500000000000046E-001	3.2669367507235907E+000
6.5000000000000047E-001	3.2660362423932598E+000
6.5500000000000047E-001	3.2650986438007026E+000
6.6000000000000048E-001	3.2641859212438167E+000
6.6500000000000048E-001	3.2632360501653204E+000
6.7000000000000048E-001	3.2622949247043396E+000
6.7500000000000049E-001	3.2613509615167238E+000
6.8000000000000049E-001	3.2604027381957188E+000
6.8500000000000050E-001	3.2594513454573599E+000
6.9000000000000050E-001	3.2584977155568438E+000
6.9500000000000051E-001	3.2575479094830047E+000
7.0000000000000051E-001	3.2566044819746169E+000
7.0500000000000052E-001	3.2556407823097948E+000
7.1000000000000052E-001	3.2546546767783742E+000
7.1500000000000052E-001	3.2537105043078829E+000
7.2000000000000053E-001	3.2527288663364287E+000
7.2500000000000053E-001	3.2517681542647767E+000
7.3000000000000054E-001	3.2508442347780093E+000
7.3500000000000054E-001	3.2498675934658952E+000
7.4000000000000055E-001	3.2489340018805959E+000
7.4500000000000055E-001	3.2479600319357935E+000
7.5000000000000056E-001	3.2470083435729249E+000
7.5500000000000056E-001	3.2460637953439226E+000
7.6000000000000056E-001	3.2451239643935348E+000
7.6500000000000057E-001	3.2441889305383982E+000
7.7000000000000057E-001	3.2432589803848808E+000
7.7500000000000058E-001	3.2423344797614249E+000
7.8000000000000058E-001	3.2414158741150487E+000
7.8500000000000059E-001	3.2405036098607876E+000
7.9000000000000059E-001	3.2395980893824303E+000
7.9500000000000060E-001	3.2386996791937639E+000
8.0000000000000060E-001	3.2378089316594054E+000
8.0500000000000060E-001	3.2369262136492902E+000
8.1000000000000061E-001	3.2360519324700658E+000
8.1500000000000061E-001	3.2352028720191726E+000
8.2000000000000062E-001	3.2343302288833868E+000
8.2500000000000062E-001	3.2334816983855492E+000
8.3000000000000063E-001	3.2326703138859161E+000
8.3500000000000063E-001	3.2318489875842862E+000
8.4000000000000064E-001	3.2310222949679970E+000
8.4500000000000064E-001	3.2302165590735563E+000
8.5000000000000064E-001	3.2294248247287731E+000
8.5500000000000065E-001	3.2286456817481985E+000
8.6000000000000065E-001	3.2278789542687805E+000
8.6500000000000066E-001	3.2271247677542725E+000
8.7000000000000066E-001	3.2263834065229062E+000
8.7500000000000067E-001	3.2256550444964027E+000
8.8000000000000067E-001	3.2249711010144635E+000
8.8500000000000068E-001	3.2242531076352021E+000
8.9000000000000068E-001	3.2235630080524826E+000
8.9500000000000068E-001	3.2228893809438235E+000
9.0000000000000069E-001	3.2222300136140301E+000
9.0500000000000069E-001	3.2215844845050805E+000
9.1000000000000070E-001	3.2209526817672720E+000
9.1500000000000070E-001	3.2203347513578446E+000
9.2000000000000071E-001	3.2197307944583375E+000
9.2500000000000071E-001	3.2191411218629047E+000
9.3000000000000071E-001	3.2185660199564867E+000
9.3500000000000072E-001	3.2180481439629598E+000
9.4000000000000072E-001	3.2174740389213454E+000
9.4500000000000073E-001	3.2169703272831094E+000
9.5000000000000073E-001	3.2164244119088456E+000
9.5500000000000074E-001	3.2159110532346546E+000
9.6000000000000074E-001	3.2154171266283802E+000
9.6500000000000075E-001	3.2149408366371235E+000
9.7000000000000075E-001	3.2144817799676932E+000
9.7500000000000075E-001	3.2140868722550908E+000
9.8000000000000076E-001	3.2136287607656051E+000
9.8500000000000076E-001	3.2132062352125073E+000
9.9000000000000077E-001	3.2128067273439966E+000
9.9500000000000077E-001	3.2124270543042215E+000
1.0000000000000007E+000	3.2121067821039144E+000
1.0050000000000006E+000	3.2117218180308895E+000
1.0100000000000005E+000	3.2114145166897012E+000
1.0150000000000003E+000	3.2110645762206529E+000
1.0200000000000002E+000	3.2107672880310711E+000
1.0250000000000001E+000	3.2104369891109137E+000
1.0300000000000000E+000	3.2101385802169169E+000
1.0349999999999999E+000	3.2098542908561556E+000
1.0399999999999998E+000	3.2095809112510603E+000
1.0449999999999997E+000	3.2093178013139148E+000
1.0499999999999996E+000	3.2090647973481943E+000
1.0549999999999995E+000	3.2088217626744324E+000
1.0599999999999994E+000	3.2085885387287076E+000
1.0649999999999993E+000	3.2083649653367639E+000
1.0699999999999992E+000	3.2081508584502414E+000
1.0749999999999991E+000	3.2079460243234159E+000
1.0799999999999990E+000	3.2077502822801911E+000
1.0849999999999989E+000	3.2075634573683995E+000
1.0899999999999987E+000	3.2073912705370655E+000
1.0949999999999986E+000	3.2071979660634868E+000
1.0999999999999985E+000	3.2070366331457181E+000
1.1049999999999984E+000	3.2069074299412232E+000
1.1099999999999983E+000	3.2067400522859280E+000
1.1149999999999982E+000	3.2066034701324595E+000
1.1199999999999981E+000	3.2064774433127741E+000
1.1249999999999980E+000	3.2063586048969954E+000
1.1299999999999979E+000	3.2062466205080802E+000
1.1349999999999978E+000	3.2061409885648420E+000
1.1399999999999977E+000	3.2060415846248693E+000
1.1449999999999976E+000	3.2059483123303583E+000
1.1499999999999975E+000	3.2058609172078425E+000
1.1549999999999974E+000	3.2057792011444275E+000
1.1599999999999973E+000	3.2057029328875819E+000
1.1649999999999971E+000	3.2056318640622208E+000
1.1699999999999970E+000	3.2055657339807651E+000
1.1749999999999969E+000	3.2055042740760462E+000
1.1799999999999968E+000	3.2054472023116030E+000
1.1849999999999967E+000	3.2053942089393654E+000
1.1899999999999966E+000	3.2053448189374354E+000
1.1949999999999965E+000	3.2052989532652738E+000
1.1999999999999964E+000	3.2052563258214999E+000
1.2049999999999963E+000	3.2052166595563167E+000
1.2099999999999962E+000	3.2051796829528860E+000
1.2149999999999961E+000	3.2051451181557185E+000
1.2199999999999960E+000	3.2051287767875882E+000
1.2249999999999959E+000	3.2050775818294515E+000
1.2299999999999958E+000	3.2050457207029130E+000
1.2349999999999957E+000	3.2050427832213373E+000
1.2399999999999956E+000	3.2050261662979711E+000
1.2449999999999954E+000	3.2050002722202886E+000
1.2499999999999953E+000	3.2049653934834774E+000
1.2549999999999952E+000	3.2049401024168596E+000
1.2599999999999951E+000	3.2049164246714041E+000
1.2649999999999950E+000	3.2048922536134952E+000
1.2699999999999949E+000	3.2048670266725199E+000
1.2749999999999948E+000	3.2048405404093914E+000
1.2799999999999947E+000	3.2048126330412687E+000
1.2849999999999946E+000	3.2047831130210942E+000
1.2899999999999945E+000	3.2047517960937317E+000
1.2949999999999944E+000	3.2047184837423099E+000
1.2999999999999943E+000	3.2046829654077205E+000
1.3049999999999942E+000	3.2046450256534578E+000
1.3099999999999941E+000	3.2046044448593483E+000
1.3149999999999940E+000	3.2045610182677442E+000
1.3199999999999938E+000	3.2045145334773784E+000
1.3249999999999937E+000	3.2044628176868142E+000
1.3299999999999936E+000	3.2044046546593843E+000
1.3349999999999935E+000	3.2043330819590254E+000
1.3399999999999934E+000	3.2042747266748934E+000
1.3449999999999933E+000	3.2041946502810492E+000
1.3499999999999932E+000	3.2041272459501928E+000
1.3549999999999931E+000	3.2040574995470759E+000
1.3599999999999930E+000	3.2039828554530612E+000
1.3649999999999929E+000	3.2039029529503233E+000
1.3699999999999928E+000	3.2038176923923523E+000
1.3749999999999927E+000	3.2037271240901823E+000
1.3799999999999926E+000	3.2036312588421199E+000
1.3849999999999925E+000	3.2035300544407366E+000
1.3899999999999924E+000	3.2034234384975337E+000
1.3949999999999922E+000	3.2033113267254216E+000
1.3999999999999921E+000	3.2031936329353496E+000
1.4049999999999920E+000	3.2030702737620098E+000
1.4099999999999919E+000	3.2029411708898392E+000
1.4149999999999918E+000	3.2028062520951583E+000
1.4199999999999917E+000	3.2026654521843589E+000
1.4249999999999916E+000	3.2025187112380400E+000
1.4299999999999915E+000	3.2023659046548474E+000
1.4349999999999914E+000	3.2022070905350755E+000
1.4399999999999913E+000	3.2020422209450388E+000
1.4449999999999912E+000	3.2018712687269790E+000
1.4499999999999911E+000	3.2016942213020938E+000
1.4549999999999910E+000	3.2015110625496561E+000
1.4599999999999909E+000	3.2013217847136128E+000
1.4649999999999908E+000	3.2011263974329061E+000
1.4699999999999906E+000	3.2009218653257996E+000
1.4749999999999905E+000	3.2007004321525776E+000
1.4799999999999904E+000	3.2004886959179575E+000
1.4849999999999903E+000	3.2002731008597123E+000
1.4899999999999902E+000	3.2000514367590460E+000
1.4949999999999901E+000	3.1998233823845301E+000
1.4999999999999900E+000	3.1995889123990833E+000
1.5049999999999899E+000	3.1993481212653752E+000
1.5099999999999898E+000	3.1991011509691791E+000
1.5149999999999897E+000	3.1988481299867479E+000
1.5199999999999896E+000	3.1985891506333290E+000
1.5249999999999895E+000	3.1983242698426442E+000
1.5299999999999894E+000	3.1980533484705007E+000
1.5349999999999893E+000	3.1977765731681145E+000
1.5399999999999892E+000	3.1974939290285525E+000
1.5449999999999890E+000	3.1972054028330867E+000
1.5499999999999889E+000	3.1969045679532986E+000
1.5549999999999888E+000	3.1965977368167571E+000
1.5599999999999887E+000	3.1962949886895595E+000
1.5649999999999886E+000	3.1959901156192561E+000
1.5699999999999885E+000	3.1956960068356941E+000
1.5749999999999884E+000	3.1953751257233463E+000
1.5799999999999883E+000	3.1950591423959316E+000
1.5849999999999882E+000	3.1947408509069368E+000
1.5899999999999881E+000	3.1944119822150108E+000
1.5949999999999880E+000	3.1940828072245968E+000
1.5999999999999879E+000	3.1937557138793045E+000
1.6049999999999878E+000	3.1934259396888733E+000
1.6099999999999877E+000	3.1930927429812792E+000
1.6149999999999876E+000	3.1927562002223651E+000
1.6199999999999875E+000	3.1924161965198556E+000
1.6249999999999873E+000	3.1920737380135384E+000
1.6299999999999872E+000	3.1917291327833017E+000
1.6349999999999871E+000	3.1913829895119679E+000
1.6399999999999870E+000	3.1910396034921935E+000
1.6449999999999869E+000	3.1906871431118256E+000
1.6499999999999868E+000	3.1903359331829146E+000
1.6549999999999867E+000	3.1899839968542705E+000
1.6599999999999866E+000	3.1896307077977997E+000
1.6649999999999865E+000	3.1892760467094310E+000
1.6699999999999864E+000	3.1889201622280936E+000
1.6749999999999863E+000	3.1885632553627801E+000
1.6799999999999862E+000	3.1882055306033052E+000
1.6849999999999861E+000	3.1878471712623337E+000
1.6899999999999860E+000	3.1874883322039222E+000
1.6949999999999859E+000	3.1871291698499578E+000
1.6999999999999857E+000	3.1867698102916187E+000
1.7049999999999856E+000	3.1864103854082280E+000
1.7099999999999855E+000	3.1860510372588111E+000
1.7149999999999854E+000	3.1856926213437147E+000
1.7199999999999853E+000	3.1853345501248178E+000
1.7249999999999852E+000	3.1849769932368326E+000
1.7299999999999851E+000	3.1845794865000383E+000
1.7349999999999850E+000	3.1842238562079408E+000
1.7399999999999849E+000	3.1838725361818727E+000
1.7449999999999848E+000	3.1835224592396845E+000
1.7499999999999847E+000	3.1831734316256570E+000
1.7549999999999846E+000	3.1828255942169008E+000
1.7599999999999845E+000	3.1824791440111340E+000
1.7649999999999844E+000	3.1821343502367667E+000
1.7699999999999843E+000	3.1817913782590281E+000
1.7749999999999841E+000	3.1814504387305793E+000
1.7799999999999840E+000	3.1811117435069769E+000
1.7849999999999839E+000	3.1807754774079204E+000
1.7899999999999838E+000	3.1804219510450693E+000
1.7949999999999837E+000	3.1800907643591381E+000
1.7999999999999836E+000	3.1797773064210464E+000
1.8049999999999835E+000	3.1794526281883546E+000
1.8099999999999834E+000	3.1791330627878707E+000
1.8149999999999833E+000	3.1787995267942626E+000
1.8199999999999832E+000	3.1784850426579911E+000
1.8249999999999831E+000	3.1781759692298963E+000
1.8299999999999830E+000	3.1778695331010538E+000
1.8349999999999829E+000	3.1775655310340696E+000
1.8399999999999828E+000	3.1772642946296021E+000
1.8449999999999827E+000	3.1769661642853526E+000
1.8499999999999825E+000	3.1766714013327992E+000
1.8549999999999824E+000	3.1763802177724147E+000
1.8599999999999823E+000	3.1760925029602078E+000
1.8649999999999822E+000	3.1758086271525481E+000
1.8699999999999821E+000	3.1755286517553887E+000
1.8749999999999820E+000	3.1752526131762990E+000
1.8799999999999819E+000	3.1749805422017707E+000
1.8849999999999818E+000	3.1747124611863859E+000
1.8899999999999817E+000	3.1744483861440389E+000
1.8949999999999816E+000	3.1741883276175167E+000
1.8999999999999815E+000	3.1739322916806088E+000
1.9049999999999814E+000	3.1736802809269902E+000
1.9099999999999813E+000	3.1734323019268826E+000
1.9149999999999812E+000	3.1731883594913279E+000
1.9199999999999811E+000	3.1729484536732659E+000
1.9249999999999809E+000	3.1727123357052447E+000
1.9299999999999808E+000	3.1724803293393506E+000
1.9349999999999807E+000	3.1722523376777980E+000
1.9399999999999806E+000	3.1720015518890912E+000
1.9449999999999805E+000	3.1717924633251178E+000
1.9499999999999804E+000	3.1715814119146977E+000
1.9549999999999803E+000	3.1713726653929117E+000
1.9599999999999802E+000	3.1711419884945555E+000
1.9649999999999801E+000	3.1709482235776427E+000
1.9699999999999800E+000	3.1707543959413464E+000
1.9749999999999799E+000	3.1705628761702136E+000
1.9799999999999798E+000	3.1703534284571231E+000
1.9849999999999797E+000	3.1701636050175459E+000
1.9899999999999796E+000	3.1699871761331542E+000
1.9949999999999795E+000	3.1698113039336246E+000
1.9999999999999793E+000	3.1696385762781523E+000
2.0049999999999795E+000	3.1694692022215523E+000
2.0099999999999794E+000	3.1693033379528126E+000
2.0149999999999793E+000	3.1691266840691852E+000
2.0199999999999791E+000	3.1689675092314049E+000
2.0249999999999790E+000	3.1688147240249598E+000
2.0299999999999789E+000	3.1686641788150212E+000
2.0349999999999788E+000	3.1685146565239002E+000
2.0399999999999787E+000	3.1683733098638140E+000
2.0449999999999786E+000	3.1682327314897520E+000
2.0499999999999785E+000	3.1680982875678820E+000
2.0549999999999784E+000	3.1679632005405369E+000
2.0599999999999783E+000	3.1678328320142151E+000
2.0649999999999782E+000	3.1677103462970764E+000
2.0699999999999781E+000	3.1675922358606092E+000
2.0749999999999780E+000	3.1674692787264691E+000
2.0799999999999779E+000	3.1673573026862711E+000
2.0849999999999778E+000	3.1672402925599283E+000
2.0899999999999777E+000	3.1671339037066963E+000
2.0949999999999775E+000	3.1670331251350503E+000
2.0999999999999774E+000	3.1669334738282227E+000
2.1049999999999773E+000	3.1668454696107826E+000
2.1099999999999772E+000	3.1667590193670341E+000
2.1149999999999771E+000	3.1666680411386499E+000
2.1199999999999770E+000	3.1665815240650024E+000
2.1199999999999770E+000	3.1665827455068341E+000
2.1249999999999769E+000	3.1664979177264794E+000
2.1299999999999768E+000	3.1664176568567890E+000
2.1349999999999767E+000	3.1663411079304815E+000
2.1399999999999766E+000	3.1662793349917258E+000
2.1449999999999765E+000	3.1662063474186652E+000
2.1499999999999764E+000	3.1661372402550025E+000
2.1549999999999763E+000	3.1660714807385313E+000
2.1599999999999762E+000	3.1660088994127218E+000
2.1649999999999761E+000	3.1659484761453291E+000
2.1699999999999759E+000	3.1658897366471588E+000
2.1749999999999758E+000	3.1658334814070805E+000
2.1799999999999757E+000	3.1657802512622326E+000
2.1849999999999756E+000	3.1657296329896449E+000
2.1899999999999755E+000	3.1656810811949918E+000
2.1949999999999754E+000	3.1656348045724658E+000
2.1999999999999753E+000	3.1655907299734407E+000
2.2049999999999752E+000	3.1655487940318947E+000
2.2099999999999751E+000	3.1655089175900066E+000
2.2149999999999750E+000	3.1654710380692452E+000
2.2199999999999749E+000	3.1654350940100082E+000
2.2249999999999748E+000	3.1654011576821217E+000
2.2299999999999747E+000	3.1653690308368945E+000
2.2349999999999746E+000	3.1653386627972901E+000
2.2399999999999745E+000	3.1653099926877224E+000
2.2449999999999743E+000	3.1652829588303719E+000
2.2499999999999742E+000	3.1652808936710994E+000
2.2549999999999741E+000	3.1652568165351589E+000
2.2599999999999740E+000	3.1652318505238042E+000
2.2649999999999739E+000	3.1652181744466925E+000
2.2699999999999738E+000	3.1651950771980601E+000
2.2749999999999737E+000	3.1651742377951129E+000
2.2799999999999736E+000	3.1651556744557996E+000
2.2849999999999735E+000	3.1651387885107733E+000
2.2899999999999734E+000	3.1651232877275346E+000
2.2949999999999733E+000	3.1651089978425033E+000
2.2999999999999732E+000	3.1650958070690720E+000
2.3049999999999731E+000	3.1650834570241475E+000
2.3099999999999730E+000	3.1650722081353511E+000
2.3149999999999729E+000	3.1650618451787418E+000
2.3199999999999728E+000	3.1650523119716034E+000
2.3249999999999726E+000	3.1650435447038960E+000
2.3299999999999725E+000	3.1650354647643755E+000
2.3349999999999724E+000	3.1650280199117429E+000
2.3399999999999723E+000	3.1650211549308152E+000
2.3449999999999722E+000	3.1650148121812660E+000
2.3499999999999721E+000	3.1650089352863109E+000
2.3549999999999720E+000	3.1650034682381327E+000
2.3599999999999719E+000	3.1649983557154897E+000
2.3649999999999718E+000	3.1649935417518469E+000
2.3699999999999717E+000	3.1649889741073474E+000
2.3749999999999716E+000	3.1649846037766314E+000
2.3799999999999715E+000	3.1649803836367973E+000
2.3849999999999714E+000	3.1649762637900785E+000
2.3899999999999713E+000	3.1649721962288404E+000
2.3949999999999712E+000	3.1649681356103319E+000
2.3999999999999710E+000	3.1649640360878810E+000
2.4049999999999709E+000	3.1649598517579167E+000
2.4099999999999708E+000	3.1649555377524985E+000
2.4149999999999707E+000	3.1649510465008608E+000
2.4199999999999706E+000	3.1649463337154087E+000
2.4249999999999705E+000	3.1649413554968180E+000
2.4299999999999704E+000	3.1649360668937163E+000
2.4349999999999703E+000	3.1649304243340346E+000
2.4399999999999702E+000	3.1649243875120874E+000
2.4449999999999701E+000	3.1649179144371029E+000
2.4499999999999700E+000	3.1649109648734939E+000
2.4549999999999699E+000	3.1649034983420168E+000
2.4599999999999698E+000	3.1648954753130067E+000
2.4649999999999697E+000	3.1648868567169641E+000
2.4699999999999696E+000	3.1648776046784750E+000
2.4749999999999694E+000	3.1648676817091972E+000
2.4799999999999693E+000	3.1648570504317890E+000
2.4849999999999692E+000	3.1648456746307772E+000
2.4899999999999691E+000	3.1648335193334893E+000
2.4949999999999690E+000	3.1648205500055098E+000
2.4999999999999689E+000	3.1648067327245037E+000
2.5049999999999688E+000	3.1647920343950755E+000
2.5099999999999687E+000	3.1647764228941666E+000
2.5149999999999686E+000	3.1647598669024251E+000
2.5199999999999685E+000	3.1647422696873826E+000
2.5249999999999684E+000	3.1647236110180632E+000
2.5299999999999683E+000	3.1647039213637607E+000
2.5349999999999682E+000	3.1646831336148651E+000
2.5399999999999681E+000	3.1646612533126341E+000
2.5449999999999680E+000	3.1646382528520758E+000
2.5499999999999678E+000	3.1646212760661205E+000
2.5549999999999677E+000	3.1645923058300283E+000
2.5599999999999676E+000	3.1645625526247581E+000
2.5649999999999675E+000	3.1645329325424596E+000
2.5699999999999674E+000	3.1645014304635133E+000
2.5749999999999673E+000	3.1644664289553748E+000
2.5799999999999672E+000	3.1644327628434232E+000
2.5849999999999671E+000	3.1643991886776703E+000
2.5899999999999670E+000	3.1643648027266531E+000
2.5949999999999669E+000	3.1643292765962179E+000
2.5999999999999668E+000	3.1642924650910191E+000
2.6049999999999667E+000	3.1642542968374547E+000
2.6099999999999666E+000	3.1642147333966073E+000
2.6149999999999665E+000	3.1641737510051953E+000
2.6199999999999664E+000	3.1641314033738053E+000
2.6249999999999662E+000	3.1640876049581212E+000
2.6299999999999661E+000	3.1640423437459546E+000
2.6349999999999660E+000	3.1639956276161407E+000
2.6399999999999659E+000	3.1639474272521078E+000
2.6449999999999658E+000	3.1638977117084615E+000
2.6499999999999657E+000	3.1638466550201376E+000
2.6549999999999656E+000	3.1637940838552385E+000
2.6599999999999655E+000	3.1637399777179294E+000
2.6649999999999654E+000	3.1636843321679460E+000
2.6699999999999653E+000	3.1636271415765189E+000
2.6749999999999652E+000	3.1635685186847051E+000
2.6799999999999651E+000	3.1635078437943034E+000
2.6849999999999650E+000	3.1634426926665693E+000
2.6899999999999649E+000	3.1633780721856644E+000
2.6949999999999648E+000	3.1633128684970000E+000
2.6999999999999647E+000	3.1632464679778605E+000
2.7049999999999645E+000	3.1631751563895483E+000
2.7099999999999644E+000	3.1631016259927778E+000
2.7149999999999643E+000	3.1630294595587047E+000
2.7199999999999642E+000	3.1629567462278620E+000
2.7249999999999641E+000	3.1628828044132300E+000
2.7299999999999640E+000	3.1628073975947357E+000
2.7349999999999639E+000	3.1627329893284806E+000
2.7399999999999638E+000	3.1626518563540622E+000
2.7449999999999637E+000	3.1625711697454371E+000
2.7499999999999636E+000	3.1624893923983732E+000
2.7549999999999635E+000	3.1624060468951987E+000
2.7599999999999634E+000	3.1623210377097681E+000
2.7649999999999633E+000	3.1622344091529091E+000
2.7699999999999632E+000	3.1621517761131428E+000
2.7749999999999631E+000	3.1620588705677939E+000
2.7799999999999629E+000	3.1619674593727725E+000
2.7849999999999628E+000	3.1618751495163329E+000
2.7899999999999627E+000	3.1617816480777878E+000
2.7949999999999626E+000	3.1616869569654109E+000
2.7999999999999625E+000	3.1616000158952886E+000
2.8049999999999624E+000	3.1615000105812441E+000
2.8099999999999623E+000	3.1614010129705954E+000
2.8149999999999622E+000	3.1613016946907941E+000
2.8199999999999621E+000	3.1612018927284056E+000
2.8249999999999620E+000	3.1611016392426734E+000
2.8299999999999619E+000	3.1610082196599047E+000
2.8349999999999618E+000	3.1609029284245054E+000
2.8399999999999617E+000	3.1607985109236996E+000
2.8449999999999616E+000	3.1606921271820445E+000
2.8499999999999615E+000	3.1605863606051066E+000
2.8549999999999613E+000	3.1604806830719356E+000
2.8599999999999612E+000	3.1603746784430955E+000
2.8649999999999611E+000	3.1602679928422588E+000
2.8699999999999610E+000	3.1601604722331236E+000
2.8749999999999609E+000	3.1600520706568642E+000
2.8799999999999608E+000	3.1599427832494582E+000
2.8849999999999607E+000	3.1598326234822438E+000
2.8899999999999606E+000	3.1597216249373674E+000
2.8949999999999605E+000	3.1596098308823635E+000
2.8999999999999604E+000	3.1594972779990900E+000
2.9049999999999603E+000	3.1593840175398396E+000
2.9099999999999602E+000	3.1592700976328034E+000
2.9149999999999601E+000	3.1591555648359284E+000
2.9199999999999600E+000	3.1590387616151583E+000
2.9249999999999599E+000	3.1589218907166288E+000
2.9299999999999597E+000	3.1588117026229048E+000
2.9349999999999596E+000	3.1586955011934505E+000
2.9399999999999595E+000	3.1585801951096331E+000
2.9449999999999594E+000	3.1584589153812739E+000
2.9499999999999593E+000	3.1583424102791278E+000
2.9549999999999592E+000	3.1582265106286656E+000
2.9599999999999591E+000	3.1581106736097473E+000
2.9649999999999590E+000	3.1579945612326350E+000
2.9699999999999589E+000	3.1578783077540282E+000
2.9749999999999588E+000	3.1577618380276395E+000
2.9799999999999587E+000	3.1576453015438850E+000
2.9849999999999586E+000	3.1575287589737360E+000
2.9899999999999585E+000	3.1574122905579873E+000
2.9949999999999584E+000	3.1572959364533606E+000
2.9999999999999583E+000	3.1571797401557036E+000
3.0049999999999581E+000	3.1570637529494427E+000
3.0099999999999580E+000	3.1569480371686152E+000
3.0149999999999579E+000	3.1568326364557544E+000
3.0199999999999578E+000	3.1567176037426550E+000
3.0249999999999577E+000	3.1566029884090838E+000
3.0299999999999576E+000	3.1564888382273812E+000
3.0349999999999575E+000	3.1563751975975145E+000
3.0399999999999574E+000	3.1562621087802847E+000
3.0449999999999573E+000	3.1561496201041055E+000
3.0499999999999572E+000	3.1560377726012887E+000
3.0549999999999571E+000	3.1559266113367213E+000
3.0599999999999570E+000	3.1558161766794086E+000
3.0649999999999569E+000	3.1557065104984456E+000
3.0699999999999568E+000	3.1555976820451210E+000
3.0749999999999567E+000	3.1554897845797902E+000
3.0799999999999566E+000	3.1553827599724191E+000
3.0849999999999564E+000	3.1552766454264654E+000
3.0899999999999563E+000	3.1551714703428160E+000
3.0949999999999562E+000	3.1550672573917291E+000
3.0999999999999561E+000	3.1549640760190720E+000
3.1049999999999560E+000	3.1548619637381750E+000
3.1099999999999559E+000	3.1547609529171661E+000
3.1149999999999558E+000	3.1546610759744103E+000
3.1199999999999557E+000	3.1545623650115640E+000
3.1249999999999556E+000	3.1544648511460140E+000
3.1299999999999555E+000	3.1543685578739682E+000
3.1349999999999554E+000	3.1542735459708413E+000
3.1399999999999553E+000	3.1541770289569264E+000
3.1449999999999552E+000	3.1540849442249610E+000
3.1499999999999551E+000	3.1539855301399862E+000
3.1549999999999550E+000	3.1538948417698496E+000
3.1599999999999548E+000	3.1538072098057297E+000
3.1649999999999547E+000	3.1537214523046422E+000
3.1699999999999546E+000	3.1536372268146491E+000
3.1749999999999545E+000	3.1535679592404788E+000
3.1799999999999544E+000	3.1534822685698076E+000
3.1849999999999543E+000	3.1533955796888651E+000
3.1899999999999542E+000	3.1533256651150263E+000
3.1949999999999541E+000	3.1532408202134481E+000
3.1999999999999540E+000	3.1531618865216795E+000
3.2049999999999539E+000	3.1530861475775884E+000
3.2099999999999538E+000	3.1530125430399822E+000
3.2149999999999537E+000	3.1529407251713333E+000
3.2199999999999536E+000	3.1528705627965632E+000
3.2249999999999535E+000	3.1528020000902832E+000
3.2299999999999534E+000	3.1527350094043864E+000
3.2349999999999532E+000	3.1526695752219407E+000
3.2399999999999531E+000	3.1526056887617648E+000
3.2449999999999530E+000	3.1525433455135845E+000
3.2499999999999529E+000	3.1524825434147736E+000
3.2549999999999528E+000	3.1524232816085469E+000
3.2599999999999527E+000	3.1523655596715185E+000
3.2649999999999526E+000	3.1523093757334473E+000
3.2699999999999525E+000	3.1522547251833664E+000
3.2749999999999524E+000	3.1522016325763729E+000
3.2799999999999523E+000	3.1521500648390521E+000
3.2849999999999522E+000	3.1521000137281185E+000
3.2899999999999521E+000	3.1520514746223234E+000
3.2949999999999520E+000	3.1520044412417896E+000
3.2999999999999519E+000	3.1519589057619766E+000
3.3049999999999518E+000	3.1519148581605960E+000
3.3099999999999516E+000	3.1518722875701091E+000
3.3149999999999515E+000	3.1518314547586761E+000
3.3199999999999514E+000	3.1517920948837026E+000
3.3249999999999513E+000	3.1517541794438664E+000
3.3299999999999512E+000	3.1517394729804247E+000
3.3349999999999511E+000	3.1516952296904548E+000
3.3399999999999510E+000	3.1516576988572416E+000
3.3449999999999509E+000	3.1516235415986009E+000
3.3499999999999508E+000	3.1515915613097643E+000
3.3549999999999507E+000	3.1515612724370694E+000
3.3599999999999506E+000	3.1515324255467276E+000
3.3649999999999505E+000	3.1515048879501020E+000
3.3699999999999504E+000	3.1514785930549296E+000
3.3749999999999503E+000	3.1514535007038793E+000
3.3799999999999502E+000	3.1514295797488754E+000
3.3849999999999500E+000	3.1514067998220119E+000
3.3899999999999499E+000	3.1513854954516707E+000
3.3949999999999498E+000	3.1513652751189780E+000
3.3999999999999497E+000	3.1513461039255013E+000
3.4049999999999496E+000	3.1513279549067015E+000
3.4099999999999495E+000	3.1513107993484124E+000
3.4149999999999494E+000	3.1512946070867072E+000
3.4199999999999493E+000	3.1512793471426002E+000
3.4249999999999492E+000	3.1512649858887660E+000
3.4299999999999491E+000	3.1512514884110741E+000
3.4349999999999490E+000	3.1512388254619124E+000
3.4399999999999489E+000	3.1512269504651353E+000
3.4449999999999488E+000	3.1512158389406539E+000
3.4499999999999487E+000	3.1512054606687783E+000
3.4549999999999486E+000	3.1511957832755497E+000
3.4599999999999485E+000	3.1511867740051707E+000
3.4649999999999483E+000	3.1511783994130074E+000
3.4699999999999482E+000	3.1511706255602920E+000
3.4749999999999481E+000	3.1511634183936912E+000
3.4799999999999480E+000	3.1511567930857516E+000
3.4849999999999479E+000	3.1511506664239315E+000
3.4899999999999478E+000	3.1511450052842331E+000
3.4949999999999477E+000	3.1511397691845797E+000
3.4999999999999476E+000	3.1511349194941283E+000
3.5049999999999475E+000	3.1511304325246621E+000
3.5099999999999474E+000	3.1511262758797001E+000
3.5149999999999473E+000	3.1511224150854091E+000
3.5199999999999472E+000	3.1511188154330001E+000
3.5249999999999471E+000	3.1511154431486181E+000
3.5299999999999470E+000	3.1511122649371512E+000
3.5349999999999469E+000	3.1511092491989445E+000
3.5399999999999467E+000	3.1511063647834194E+000
3.5449999999999466E+000	3.1511035803871947E+000
3.5499999999999465E+000	3.1511008641270664E+000
3.5549999999999464E+000	3.1510981804982823E+000
3.5599999999999463E+000	3.1510954943366469E+000
3.5649999999999462E+000	3.1510927705475997E+000
3.5699999999999461E+000	3.1510899811002444E+000
3.5749999999999460E+000	3.1510871011163593E+000
3.5799999999999459E+000	3.1510841038883934E+000
3.5849999999999458E+000	3.1510809633817618E+000
3.5899999999999457E+000	3.1510776523297066E+000
3.5949999999999456E+000	3.1510741455348876E+000
3.5999999999999455E+000	3.1510704194737413E+000
3.6049999999999454E+000	3.1510664496011134E+000
3.6099999999999453E+000	3.1510622105573409E+000
3.6149999999999451E+000	3.1510576772188550E+000
3.6199999999999450E+000	3.1510528248602196E+000
3.6249999999999449E+000	3.1510476288890445E+000
3.6299999999999448E+000	3.1510420653658167E+000
3.6349999999999447E+000	3.1510361110578144E+000
3.6399999999999446E+000	3.1510297432212235E+000
3.6449999999999445E+000	3.1510229397820222E+000
3.6499999999999444E+000	3.1510156792664836E+000
3.6549999999999443E+000	3.1510079408524745E+000
3.6599999999999442E+000	3.1509997042778242E+000
3.6649999999999441E+000	3.1509909500030475E+000
3.6699999999999440E+000	3.1509816591465842E+000
3.6749999999999439E+000	3.1509718133217222E+000
3.6799999999999438E+000	3.1509613516122563E+000
3.6849999999999437E+000	3.1509503022723351E+000
3.6899999999999435E+000	3.1509386484347335E+000
3.6949999999999434E+000	3.1509263741853539E+000
3.6999999999999433E+000	3.1509134644237302E+000
3.7049999999999432E+000	3.1508999060706819E+000
3.7099999999999431E+000	3.1508856855099947E+000
3.7149999999999430E+000	3.1508707896502028E+000
3.7199999999999429E+000	3.1508552064740960E+000
3.7249999999999428E+000	3.1508389249556861E+000
3.7299999999999427E+000	3.1508219349396218E+000
3.7349999999999426E+000	3.1508042270900734E+000
3.7399999999999425E+000	3.1507857928845975E+000
3.7449999999999424E+000	3.1507666244406720E+000
3.7499999999999423E+000	3.1507467147805728E+000
3.7549999999999422E+000	3.1507260580316871E+000
3.7599999999999421E+000	3.1507046490438277E+000
3.7649999999999419E+000	3.1506824835031262E+000
3.7699999999999418E+000	3.1506595579699197E+000
3.7749999999999417E+000	3.1506358698769978E+000
3.7799999999999416E+000	3.1506114175397761E+000
3.7849999999999415E+000	3.1505863786117505E+000
3.7899999999999414E+000	3.1505605740732276E+000
3.7949999999999413E+000	3.1505340075873542E+000
3.7999999999999412E+000	3.1505066933089925E+000
3.8049999999999411E+000	3.1504786284427402E+000
3.8099999999999410E+000	3.1504498143027964E+000
3.8149999999999409E+000	3.1504202532921286E+000
3.8199999999999408E+000	3.1503899502446937E+000
3.8249999999999407E+000	3.1503589117608990E+000
3.8299999999999406E+000	3.1503271453204658E+000
3.8349999999999405E+000	3.1502946591029723E+000
3.8399999999999403E+000	3.1502614620665867E+000
3.8449999999999402E+000	3.1502275636128783E+000
3.8499999999999401E+000	3.1502027917965956E+000
3.8549999999999400E+000	3.1501606656084573E+000
3.8599999999999399E+000	3.1501233460597660E+000
3.8649999999999398E+000	3.1500867828807961E+000
3.8699999999999397E+000	3.1500498394930903E+000
3.8749999999999396E+000	3.1500122514814248E+000
3.8799999999999395E+000	3.1499739960771174E+000
3.8849999999999394E+000	3.1499350911321602E+000
3.8899999999999393E+000	3.1498955655588956E+000
3.8949999999999392E+000	3.1498554543128665E+000
3.8999999999999391E+000	3.1498147731566437E+000
3.9049999999999390E+000	3.1497735440939261E+000
3.9099999999999389E+000	3.1497317966931848E+000
3.9149999999999388E+000	3.1496895747481126E+000
3.9199999999999386E+000	3.1496468787825638E+000
3.9249999999999385E+000	3.1496037316965886E+000
3.9299999999999384E+000	3.1495601716613830E+000
3.9349999999999383E+000	3.1495162139112889E+000
3.9399999999999382E+000	3.1494718656001890E+000
3.9449999999999381E+000	3.1494271568791437E+000
3.9499999999999380E+000	3.1493821081307876E+000
3.9549999999999379E+000	3.1493367379793780E+000
3.9599999999999378E+000	3.1492910730505046E+000
3.9649999999999377E+000	3.1492451210360795E+000
3.9699999999999376E+000	3.1491989096379029E+000
3.9749999999999375E+000	3.1491524610691686E+000
3.9799999999999374E+000	3.1491058018834104E+000
3.9849999999999373E+000	3.1490589393581772E+000
3.9899999999999372E+000	3.1490119006953203E+000
3.9949999999999370E+000	3.1489647078074974E+000
3.9999999999999369E+000	3.1489173805279704E+000
4.0049999999999368E+000	3.1488699446135997E+000
4.0099999999999367E+000	3.1488224072973350E+000
4.0149999999999366E+000	3.1487747946304219E+000
4.0199999999999365E+000	3.1487271276838178E+000
4.0249999999999364E+000	3.1486779911147185E+000
4.0299999999999363E+000	3.1486287519344032E+000
4.0349999999999362E+000	3.1485835019403914E+000
4.0399999999999361E+000	3.1485370012118836E+000
4.0449999999999360E+000	3.1484944748350774E+000
4.0499999999999359E+000	3.1484428205567823E+000
4.0549999999999358E+000	3.1483963041228114E+000
4.0599999999999357E+000	3.1483502816530953E+000
4.0649999999999356E+000	3.1483039247388720E+000
4.0699999999999354E+000	3.1482571983877667E+000
4.0749999999999353E+000	3.1482102194963377E+000
4.0799999999999352E+000	3.1481631123236511E+000
4.0849999999999351E+000	3.1481025352069185E+000
4.0899999999999350E+000	3.1480529988251349E+000
4.0949999999999349E+000	3.1480081891477747E+000
4.0999999999999348E+000	3.1479639246591793E+000
4.1049999999999347E+000	3.1479194208014576E+000
4.1099999999999346E+000	3.1478746794158030E+000
4.1149999999999345E+000	3.1478298172718291E+000
4.1199999999999344E+000	3.1477849470570072E+000
4.1249999999999343E+000	3.1477401612295948E+000
4.1299999999999342E+000	3.1476955368394033E+000
4.1349999999999341E+000	3.1476511412279078E+000
4.1399999999999340E+000	3.1476070124441855E+000
4.1449999999999338E+000	3.1475631862005722E+000
4.1499999999999337E+000	3.1475196856455332E+000
4.1549999999999336E+000	3.1474765346249045E+000
4.1599999999999335E+000	3.1474337531886278E+000
4.1649999999999334E+000	3.1473913723076068E+000
4.1699999999999333E+000	3.1473494054147637E+000
4.1749999999999332E+000	3.1473078521442805E+000
4.1799999999999331E+000	3.1472667255531634E+000
4.1849999999999330E+000	3.1472260572307329E+000
4.1899999999999329E+000	3.1471855946041827E+000
4.1949999999999328E+000	3.1471456127832447E+000
4.1999999999999327E+000	3.1471061199286927E+000
4.2049999999999326E+000	3.1470671141241371E+000
4.2099999999999325E+000	3.1470285989882281E+000
4.2149999999999324E+000	3.1469905793934525E+000
4.2199999999999322E+000	3.1469530618232318E+000
4.2249999999999321E+000	3.1469160531340155E+000
4.2299999999999320E+000	3.1468795588539722E+000
4.2349999999999319E+000	3.1468435843958087E+000
4.2399999999999318E+000	3.1468081348474231E+000
4.2449999999999317E+000	3.1467732149481136E+000
4.2499999999999316E+000	3.1467388287663938E+000
4.2549999999999315E+000	3.1467049807093184E+000
4.2599999999999314E+000	3.1466716744875312E+000
4.2649999999999313E+000	3.1466389134656452E+000
4.2699999999999312E+000	3.1466066997097291E+000
4.2749999999999311E+000	3.1465750400777877E+000
4.2799999999999310E+000	3.1465439351456639E+000
4.2849999999999309E+000	3.1465133869500606E+000
4.2899999999999308E+000	3.1464833954694353E+000
4.2949999999999307E+000	3.1464539618813903E+000
4.2999999999999305E+000	3.1464250872823478E+000
4.3049999999999304E+000	3.1463967757635225E+000
4.3099999999999303E+000	3.1463690244004603E+000
4.3149999999999302E+000	3.1463418337827105E+000
4.3199999999999301E+000	3.1463152042576192E+000
4.3249999999999300E+000	3.1462891376041107E+000
4.3299999999999299E+000	3.1462636308383343E+000
4.3349999999999298E+000	3.1462386831573412E+000
4.3399999999999297E+000	3.1462142924753502E+000
4.3449999999999296E+000	3.1461904575476822E+000
4.3499999999999295E+000	3.1461671780576350E+000
4.3549999999999294E+000	3.1461444526128468E+000
4.3599999999999293E+000	3.1461222786534191E+000
4.3649999999999292E+000	3.1461006535365890E+000
4.3699999999999291E+000	3.1460795743693479E+000
4.3749999999999289E+000	3.1460590377618214E+000
4.3799999999999288E+000	3.1460389450460950E+000
4.3849999999999287E+000	3.1460194099640675E+000
4.3899999999999286E+000	3.1460004004762125E+000
4.3949999999999285E+000	3.1459819195617587E+000
4.3999999999999284E+000	3.1459639639641774E+000
4.4049999999999283E+000	3.1459465289091737E+000
4.4099999999999282E+000	3.1459296089691819E+000
4.4149999999999281E+000	3.1459131982427451E+000
4.4199999999999280E+000	3.1458972908559324E+000
4.4249999999999279E+000	3.1458818806117770E+000
4.4299999999999278E+000	3.1458669870660612E+000
4.4349999999999277E+000	3.1458525795659722E+000
4.4399999999999276E+000	3.1458386478988887E+000
4.4449999999999275E+000	3.1458251941933644E+000
4.4499999999999273E+000	3.1457994923171175E+000
4.4549999999999272E+000	3.1457958677413287E+000
4.4599999999999271E+000	3.1457874378074888E+000
4.4649999999999270E+000	3.1457779047402816E+000
4.4699999999999269E+000	3.1457680743758236E+000
4.4749999999999268E+000	3.1457582665048256E+000
4.4799999999999267E+000	3.1457268319100775E+000
4.4849999999999266E+000	3.1457250416024660E+000
4.4899999999999265E+000	3.1457023773810349E+000
4.4949999999999264E+000	3.1457005889583023E+000
4.4949999999999264E+000	3.1457006454510439E+000
4.4999999999999263E+000	3.1456946764891915E+000
4.5049999999999262E+000	3.1456702481404610E+000
4.5099999999999261E+000	3.1456686583089359E+000
4.5149999999999260E+000	3.1456645042860729E+000
4.5199999999999259E+000	3.1456595338005755E+000
4.5249999999999257E+000	3.1456541991792943E+000
4.5299999999999256E+000	3.1456487370650197E+000
4.5349999999999255E+000	3.1456432845582611E+000
4.5399999999999254E+000	3.1456379312942673E+000
4.5449999999999253E+000	3.1456327364130794E+000
4.5499999999999252E+000	3.1456277370035264E+000
4.5549999999999251E+000	3.1456229527280373E+000
4.5599999999999250E+000	3.1456183962953075E+000
4.5649999999999249E+000	3.1456140713510981E+000
4.5699999999999248E+000	3.1456099766765484E+000
4.5749999999999247E+000	3.1456061082076587E+000
4.5799999999999246E+000	3.1456024592426970E+000
4.5849999999999245E+000	3.1455990231542414E+000
4.5899999999999244E+000	3.1455957935399743E+000
4.5949999999999243E+000	3.1455927624526567E+000
4.5999999999999241E+000	3.1455899217358487E+000
4.6049999999999240E+000	3.1455872627282742E+000
4.6099999999999239E+000	3.1455847766083282E+000
4.6149999999999238E+000	3.1455824548754672E+000
4.6199999999999237E+000	3.1455802885729809E+000
4.6249999999999236E+000	3.1455782690847807E+000
4.6299999999999235E+000	3.1455763875300828E+000
4.6349999999999234E+000	3.1455746342366298E+000
4.6399999999999233E+000	3.1455730004771087E+000
4.6449999999999232E+000	3.1455714776253236E+000
4.6499999999999231E+000	3.1455700568952794E+000
4.6549999999999230E+000	3.1455687293019841E+000
4.6599999999999229E+000	3.1455674854657771E+000
4.6649999999999228E+000	3.1455663161254455E+000
4.6699999999999227E+000	3.1455652104582672E+000
4.6749999999999226E+000	3.1455641563316195E+000
4.6799999999999224E+000	3.1455631460700615E+000
4.6849999999999223E+000	3.1455621704567105E+000
4.6899999999999222E+000	3.1455612209742636E+000
4.6949999999999221E+000	3.1455602880501483E+000
4.6999999999999220E+000	3.1455593625993816E+000
4.7049999999999219E+000	3.1455584372021255E+000
4.7099999999999218E+000	3.1455575045860797E+000
4.7149999999999217E+000	3.1455565548074338E+000
4.7199999999999216E+000	3.1455555788219058E+000
4.7249999999999215E+000	3.1455545808413494E+000
4.7299999999999214E+000	3.1455535331770177E+000
4.7349999999999213E+000	3.1455524276122255E+000
4.7399999999999212E+000	3.1455512577084543E+000
4.7449999999999211E+000	3.1455500159264500E+000
4.7499999999999210E+000	3.1455486942623949E+000
4.7549999999999208E+000	3.1455472852716539E+000
4.7599999999999207E+000	3.1455457816985191E+000
4.7649999999999206E+000	3.1455441763759859E+000
4.7699999999999205E+000	3.1455424622658743E+000
4.7749999999999204E+000	3.1455406326484119E+000
4.7799999999999203E+000	3.1455386774172944E+000
4.7849999999999202E+000	3.1455365930583867E+000
4.7899999999999201E+000	3.1455343742240922E+000
4.7949999999999200E+000	3.1455320150605059E+000
4.7999999999999199E+000	3.1455295090841657E+000
4.8049999999999198E+000	3.1455268498873337E+000
4.8099999999999197E+000	3.1455240315039563E+000
4.8149999999999196E+000	3.1455210482913163E+000
4.8199999999999195E+000	3.1455178947821900E+000
4.8249999999999194E+000	3.1455145656944183E+000
4.8299999999999192E+000	3.1455110559462578E+000
4.8349999999999191E+000	3.1455073606436050E+000
4.8399999999999190E+000	3.1455034746594830E+000
4.8449999999999189E+000	3.1454993939388731E+000
4.8499999999999188E+000	3.1454951141658989E+000
4.8549999999999187E+000	3.1454906312576689E+000
4.8599999999999186E+000	3.1454859412942957E+000
4.8649999999999185E+000	3.1454810404479718E+000
4.8699999999999184E+000	3.1454759266611649E+000
4.8749999999999183E+000	3.1454705977801791E+000
4.8799999999999182E+000	3.1454650490784011E+000
4.8849999999999181E+000	3.1454592762304960E+000
4.8899999999999180E+000	3.1454532733666216E+000
4.8949999999999179E+000	3.1454470414454820E+000
4.8999999999999178E+000	3.1454405776660219E+000
4.9049999999999176E+000	3.1454338804851503E+000
4.9099999999999175E+000	3.1454269478299413E+000
4.9149999999999174E+000	3.1454197777041513E+000
4.9199999999999173E+000	3.1454123684446276E+000
4.9249999999999172E+000	3.1454047186871783E+000
4.9299999999999171E+000	3.1453968303133752E+000
4.9349999999999170E+000	3.1453888156130163E+000
4.9399999999999169E+000	3.1453805457672801E+000
4.9449999999999168E+000	3.1453720284991120E+000
4.9499999999999167E+000	3.1453558192262419E+000
4.9549999999999166E+000	3.1453507817955941E+000
4.9599999999999165E+000	3.1453384010405747E+000
4.9649999999999164E+000	3.1453310041312244E+000
4.9699999999999163E+000	3.1453215944880752E+000
4.9749999999999162E+000	3.1453127346238881E+000
4.9799999999999160E+000	3.1453087239375299E+000
4.9849999999999159E+000	3.1453015241826328E+000
4.9899999999999158E+000	3.1452930112115083E+000
4.9949999999999157E+000	3.1452743787862913E+000
4.9999999999999156E+000	3.1452677353194516E+000
5.0049999999999155E+000	3.1452577842830616E+000
5.0099999999999154E+000	3.1452473139431896E+000
5.0149999999999153E+000	3.1452364256167784E+000
5.0199999999999152E+000	3.1452251884855364E+000
5.0249999999999151E+000	3.1452136493674465E+000
5.0299999999999150E+000	3.1452017701516124E+000
5.0349999999999149E+000	3.1451896220872722E+000
5.0399999999999148E+000	3.1451772162989542E+000
5.0449999999999147E+000	3.1451645867860667E+000
5.0499999999999146E+000	3.1451517234460424E+000
5.0549999999999145E+000	3.1451386230107801E+000
5.0599999999999143E+000	3.1451252940666889E+000
5.0649999999999142E+000	3.1451117459050573E+000
5.0699999999999141E+000	3.1450979866471984E+000
5.0749999999999140E+000	3.1450840238353335E+000
5.0799999999999139E+000	3.1450698645208059E+000
5.0849999999999138E+000	3.1450555316093580E+000
5.0899999999999137E+000	3.1450410024575461E+000
5.0949999999999136E+000	3.1450262664920783E+000
5.0999999999999135E+000	3.1450113730082756E+000
5.1049999999999134E+000	3.1449963134357781E+000
5.1099999999999133E+000	3.1449810960588449E+000
5.1149999999999132E+000	3.1449657180649182E+000
5.1199999999999131E+000	3.1449501829558959E+000
5.1249999999999130E+000	3.1449344952576701E+000
5.1299999999999129E+000	3.1449186586417843E+000
5.1349999999999127E+000	3.1449026778693132E+000
5.1399999999999126E+000	3.1448865580576970E+000
5.1449999999999125E+000	3.1448703045462580E+000
5.1499999999999124E+000	3.1448539229064987E+000
5.1549999999999123E+000	3.1448374189325290E+000
5.1599999999999122E+000	3.1448207986183401E+000
5.1649999999999121E+000	3.1448040681304406E+000
5.1699999999999120E+000	3.1447872337795926E+000
5.1749999999999119E+000	3.1447703019932156E+000
5.1799999999999118E+000	3.1447532792904713E+000
5.1849999999999117E+000	3.1447361722603673E+000
5.1899999999999116E+000	3.1447189875439996E+000
5.1949999999999115E+000	3.1447017318208306E+000
5.1999999999999114E+000	3.1446844117973756E+000
5.2049999999999113E+000	3.1446670341990841E+000
5.2099999999999111E+000	3.1446496057601578E+000
5.2149999999999110E+000	3.1446321320106549E+000
5.2199999999999109E+000	3.1446146197043547E+000
5.2249999999999108E+000	3.1445970766507876E+000
5.2299999999999107E+000	3.1445795093873428E+000
5.2349999999999106E+000	3.1445619215702481E+000
5.2399999999999105E+000	3.1445443232529886E+000
5.2449999999999104E+000	3.1445267208791465E+000
5.2499999999999103E+000	3.1445091211961262E+000
5.2549999999999102E+000	3.1444915312112576E+000
5.2599999999999101E+000	3.1444739577979464E+000
5.2649999999999100E+000	3.1444564077196109E+000
5.2699999999999099E+000	3.1444388876853409E+000
5.2749999999999098E+000	3.1444214043606267E+000
5.2799999999999097E+000	3.1444039643607580E+000
5.2849999999999095E+000	3.1443865742572723E+000
5.2899999999999094E+000	3.1443692405621366E+000
5.2949999999999093E+000	3.1443519697277655E+000
5.2999999999999092E+000	3.1443347681431808E+000
5.3049999999999091E+000	3.1443176421298569E+000
5.3099999999999090E+000	3.1443005979372591E+000
5.3149999999999089E+000	3.1442836417384568E+000
5.3199999999999088E+000	3.1442667796254717E+000
5.3249999999999087E+000	3.1442500176045298E+000
5.3299999999999086E+000	3.1442333615913185E+000
5.3349999999999085E+000	3.1442168174066287E+000
5.3399999999999084E+000	3.1442003904830980E+000
5.3449999999999083E+000	3.1441841294040516E+000
5.3499999999999082E+000	3.1441680753440995E+000
5.3549999999999081E+000	3.1441521878738219E+000
5.3599999999999079E+000	3.1441364265056828E+000
5.3649999999999078E+000	3.1441208054937073E+000
5.3699999999999077E+000	3.1441053360936513E+000
5.3749999999999076E+000	3.1440900222254071E+000
5.3799999999999075E+000	3.1440748679248918E+000
5.3849999999999074E+000	3.1440598778319448E+000
5.3899999999999073E+000	3.1440450562621236E+000
5.3949999999999072E+000	3.1440304072449252E+000
5.3999999999999071E+000	3.1440159334000137E+000
5.4049999999999070E+000	3.1440016363608994E+000
5.4099999999999069E+000	3.1439875191447015E+000
5.4149999999999068E+000	3.1439735842014280E+000
5.4199999999999067E+000	3.1439598424925768E+000
5.4249999999999066E+000	3.1439462976376320E+000
5.4299999999999065E+000	3.1439329524961170E+000
5.4349999999999064E+000	3.1439198101153250E+000
5.4399999999999062E+000	3.1439068738607019E+000
5.4449999999999061E+000	3.1438941421045348E+000
5.4499999999999060E+000	3.1438816229032058E+000
5.4549999999999059E+000	3.1438693185734690E+000
5.4599999999999058E+000	3.1438572306422450E+000
5.4649999999999057E+000	3.1438453609557224E+000
5.4699999999999056E+000	3.1438337112793735E+000
5.4749999999999055E+000	3.1438222837531753E+000
5.4799999999999054E+000	3.1438110799725334E+000
5.4849999999999053E+000	3.1438000947050306E+000
5.4899999999999052E+000	3.1437893487239990E+000
5.4949999999999051E+000	3.1437788464089587E+000
5.4999999999999050E+000	3.1437685707821879E+000
5.5049999999999049E+000	3.1437585205795138E+000
5.5099999999999048E+000	3.1437486975990709E+000
5.5149999999999046E+000	3.1437391026951698E+000
5.5199999999999045E+000	3.1437297361856973E+000
5.5249999999999044E+000	3.1437205981300504E+000
5.5299999999999043E+000	3.1437116883664862E+000
5.5349999999999042E+000	3.1437045726079713E+000
5.5399999999999041E+000	3.1436965167157118E+000
5.5449999999999040E+000	3.1436782182471439E+000
5.5499999999999039E+000	3.1436679451262015E+000
5.5549999999999038E+000	3.1436601244264271E+000
5.5599999999999037E+000	3.1436531907009297E+000
5.5649999999999036E+000	3.1436466548546407E+000
5.5699999999999035E+000	3.1436403384700045E+000
5.5749999999999034E+000	3.1436341842968738E+000
5.5799999999999033E+000	3.1436281818065654E+000
5.5849999999999032E+000	3.1436223344244154E+000
5.5899999999999030E+000	3.1436166480654681E+000
5.5949999999999029E+000	3.1436111274346676E+000
5.5999999999999028E+000	3.1436057765539704E+000
5.6049999999999027E+000	3.1436005983815223E+000
5.6099999999999026E+000	3.1435955947389402E+000
5.6149999999999025E+000	3.1435907664033058E+000
5.6199999999999024E+000	3.1435861132172329E+000
5.6249999999999023E+000	3.1435816342456122E+000
5.6299999999999022E+000	3.1435773278496333E+000
5.6349999999999021E+000	3.1435731921657601E+000
5.6399999999999020E+000	3.1435692251784877E+000
5.6449999999999019E+000	3.1435787944290454E+000
5.6499999999999018E+000	3.1435763533181507E+000
5.6549999999999017E+000	3.1435629464814685E+000
5.6599999999999016E+000	3.1435645727259187E+000
5.6649999999999014E+000	3.1435531673835375E+000
5.6699999999999013E+000	3.1435471098827472E+000
5.6749999999999012E+000	3.1435432979211431E+000
5.6799999999999011E+000	3.1435403542742590E+000
5.6849999999999010E+000	3.1435378120289630E+000
5.6899999999999009E+000	3.1435355038042623E+000
5.6949999999999008E+000	3.1435333660569533E+000
5.6999999999999007E+000	3.1435434728783189E+000
5.7049999999999006E+000	3.1435415598580949E+000
5.7099999999999005E+000	3.1435304553155801E+000
5.7149999999999004E+000	3.1435248014250385E+000
5.7199999999999003E+000	3.1435216660728940E+000
5.7249999999999002E+000	3.1435195245764604E+000
5.7299999999999001E+000	3.1435178382703204E+000
5.7349999999999000E+000	3.1435163964006443E+000
5.7399999999998998E+000	3.1435151124698453E+000
5.7449999999998997E+000	3.1435139489817745E+000
5.7499999999998996E+000	3.1435128874362053E+000
5.7549999999998995E+000	3.1435119169456458E+000
5.7599999999998994E+000	3.1435110299979336E+000
5.7649999999998993E+000	3.1435102208275945E+000
5.7699999999998992E+000	3.1435094846654410E+000
5.7749999999998991E+000	3.1435088174711998E+000
5.7799999999998990E+000	3.1435082149186031E+000
5.7849999999998989E+000	3.1435076722745734E+000
5.7899999999998988E+000	3.1435071846513782E+000
5.7949999999998987E+000	3.1435067471026921E+000
5.7999999999998986E+000	3.1435063542201145E+000
5.8049999999998985E+000	3.1435060004139275E+000
5.8099999999998984E+000	3.1435056804008683E+000
5.8149999999998983E+000	3.1435053890271760E+000
5.8199999999998981E+000	3.1435051215283467E+000
5.8249999999998980E+000	3.1435048730059649E+000
5.8299999999998979E+000	3.1435046386117973E+000
5.8349999999998978E+000	3.1435044140230954E+000
5.8399999999998977E+000	3.1435041952640277E+000
5.8449999999998976E+000	3.1435039776740910E+000
5.8499999999998975E+000	3.1435037566769783E+000
5.8549999999998974E+000	3.1435035282869865E+000
5.8599999999998973E+000	3.1435032886991428E+000
5.8649999999998972E+000	3.1435030338505112E+000
5.8699999999998971E+000	3.1435027603799663E+000
5.8749999999998970E+000	3.1435024649505889E+000
5.8799999999998969E+000	3.1435021432860402E+000
5.8849999999998968E+000	3.1435017915156505E+000
5.8899999999998967E+000	3.1435014061399382E+000
5.8949999999998965E+000	3.1435009839964079E+000
5.8999999999998964E+000	3.1435005218503442E+000
5.9049999999998963E+000	3.1435000164179647E+000
5.9099999999998962E+000	3.1434994643723244E+000
5.9149999999998961E+000	3.1434988623625824E+000
5.9199999999998960E+000	3.1434982071778852E+000
5.9249999999998959E+000	3.1434974957506512E+000
5.9299999999998958E+000	3.1434967251247943E+000
5.9349999999998957E+000	3.1434958924287444E+000
5.9399999999998956E+000	3.1434949948740045E+000
5.9449999999998955E+000	3.1434940297699403E+000
5.9499999999998954E+000	3.1434929945163539E+000
5.9549999999998953E+000	3.1434918866112027E+000
5.9599999999998952E+000	3.1434907036491637E+000
5.9649999999998951E+000	3.1434894433221174E+000
5.9699999999998949E+000	3.1434881034202582E+000
5.9749999999998948E+000	3.1434866818333820E+000
5.9799999999998947E+000	3.1434851765521810E+000
5.9849999999998946E+000	3.1434835856694612E+000
5.9899999999998945E+000	3.1434819073812825E+000
5.9949999999998944E+000	3.1434801399879904E+000
5.9999999999998943E+000	3.1434782818954581E+000
6.0049999999998942E+000	3.1434763316157630E+000
6.0099999999998941E+000	3.1434742877681265E+000
6.0149999999998940E+000	3.1434721490796096E+000
6.0199999999998939E+000	3.1434699143856650E+000
6.0249999999998938E+000	3.1434675826305543E+000
6.0299999999998937E+000	3.1434651528677739E+000
6.0349999999998936E+000	3.1434626004221919E+000
6.0399999999998935E+000	3.1434747093029696E+000
6.0449999999998933E+000	3.1434616104192714E+000
6.0499999999998932E+000	3.1434545984608091E+000
6.0549999999998931E+000	3.1434500057529173E+000
6.0599999999998930E+000	3.1434463228027636E+000
6.0649999999998929E+000	3.1434429894615015E+000
6.0699999999998928E+000	3.1434397459172234E+000
6.0749999999998927E+000	3.1434364685053335E+000
6.0799999999998926E+000	3.1434489352650972E+000
6.0849999999998925E+000	3.1434350175938217E+000
6.0899999999998924E+000	3.1434429648286635E+000
6.0949999999998923E+000	3.1434386431619434E+000
6.0999999999998922E+000	3.1434209690025607E+000
6.1049999999998921E+000	3.1434135283373275E+000
6.1099999999998920E+000	3.1434088589570974E+000
6.1149999999998919E+000	3.1434048894025151E+000
6.1199999999998917E+000	3.1434010274929336E+000
6.1249999999998916E+000	3.1433970890563327E+000
6.1299999999998915E+000	3.1433930204736535E+000
6.1349999999998914E+000	3.1433888110326689E+000
6.1399999999998913E+000	3.1433844635706381E+000
6.1449999999998912E+000	3.1433799847589508E+000
6.1499999999998911E+000	3.1433753818440469E+000
6.1549999999998910E+000	3.1433706615219630E+000
6.1599999999998909E+000	3.1433658295986264E+000
6.1649999999998908E+000	3.1433608909877577E+000
6.1699999999998907E+000	3.1433558498530982E+000
6.1749999999998906E+000	3.1433507098211964E+000
6.1799999999998905E+000	3.1433454741243585E+000
6.1849999999998904E+000	3.1433401457301051E+000
6.1899999999998903E+000	3.1433347274588734E+000
6.1949999999998902E+000	3.1433292220659683E+000
6.1999999999998900E+000	3.1433236322900528E+000
6.2049999999998899E+000	3.1433179608819217E+000
6.2099999999998898E+000	3.1433122106195981E+000
6.2149999999998897E+000	3.1433063843151938E+000
6.2199999999998896E+000	3.1433004848155162E+000
6.2249999999998895E+000	3.1432945150001674E+000
6.2299999999998894E+000	3.1432885376938549E+000
6.2349999999998893E+000	3.1432877834826760E+000
6.2399999999998892E+000	3.1432701206433111E+000
6.2449999999998891E+000	3.1432614824042364E+000
6.2499999999998890E+000	3.1432552499824955E+000
6.2549999999998889E+000	3.1432496010210440E+000
6.2599999999998888E+000	3.1432440440578668E+000
6.2649999999998887E+000	3.1432384049900270E+000
6.2699999999998886E+000	3.1432326224274001E+000
6.2749999999998884E+000	3.1432267113050227E+000
6.2799999999998883E+000	3.1432206857374521E+000
6.2849999999998882E+000	3.1432145597821397E+000
6.2899999999998881E+000	3.1432083478412221E+000
6.2949999999998880E+000	3.1432020629905204E+000
6.2999999999998879E+000	3.1431957161489454E+000
6.3049999999998878E+000	3.1431893154112274E+000
6.3099999999998877E+000	3.1431828703155436E+000
6.3149999999998876E+000	3.1431763880258714E+000
6.3199999999998875E+000	3.1431698744652010E+000
6.3249999999998874E+000	3.1431633347256360E+000
6.3299999999998873E+000	3.1431567733225667E+000
6.3349999999998872E+000	3.1431501943737423E+000
6.3399999999998871E+000	3.1431436017081369E+000
6.3449999999998870E+000	3.1431369989389619E+000
6.3499999999998868E+000	3.1431303895172116E+000
6.3549999999998867E+000	3.1431237767685349E+000
6.3599999999998866E+000	3.1431171639151878E+000
6.3649999999998865E+000	3.1431105540891888E+000
6.3699999999998864E+000	3.1431039503410361E+000
6.3749999999998863E+000	3.1430973556464172E+000
6.3799999999998862E+000	3.1430907729120219E+000
6.3849999999998861E+000	3.1430842049801431E+000
6.3899999999998860E+000	3.1430776546326080E+000
6.3949999999998859E+000	3.1430711245363132E+000
6.3999999999998858E+000	3.1430646223402836E+000
6.4049999999998857E+000	3.1430581466455685E+000
6.4099999999998856E+000	3.1430517011691235E+000
6.4149999999998855E+000	3.1430452868205832E+000
6.4199999999998854E+000	3.1430389152170490E+000
6.4249999999998852E+000	3.1430325795924920E+000
6.4299999999998851E+000	3.1430262815078054E+000
6.4349999999998850E+000	3.1430200297771722E+000
6.4399999999998849E+000	3.1430138245953878E+000
6.4449999999998848E+000	3.1430076642840437E+000
6.4499999999998847E+000	3.1430015508657285E+000
6.4549999999998846E+000	3.1429954912886089E+000
6.4599999999998845E+000	3.1429894845624697E+000
6.4649999999998844E+000	3.1429835305881779E+000
6.4699999999998843E+000	3.1429776313348472E+000
6.4749999999998842E+000	3.1429717888226847E+000
6.4799999999998841E+000	3.1429660050027697E+000
6.4849999999998840E+000	3.1429602936138665E+000
6.4899999999998839E+000	3.1429546409984095E+000
6.4949999999998838E+000	3.1429489273141278E+000
6.4999999999998836E+000	3.1429432259175396E+000
6.5049999999998835E+000	3.1429375431255000E+000
6.5099999999998834E+000	3.1429319418656831E+000
6.5149999999998833E+000	3.1429264193971016E+000
6.5199999999998832E+000	3.1429209727490970E+000
6.5249999999998831E+000	3.1429156015454538E+000
6.5299999999998830E+000	3.1429103062930936E+000
6.5349999999998829E+000	3.1429050877121170E+000
6.5399999999998828E+000	3.1428999465343397E+000
6.5449999999998827E+000	3.1428948834617572E+000
6.5499999999998826E+000	3.1428898991679599E+000
6.5549999999998825E+000	3.1428849943047470E+000
6.5599999999998824E+000	3.1428801695006983E+000
6.5649999999998823E+000	3.1428754253578273E+000
6.5699999999998822E+000	3.1428707624473704E+000
6.5749999999998820E+000	3.1428661813098064E+000
6.5799999999998819E+000	3.1428616824492339E+000
6.5849999999998818E+000	3.1428572663308940E+000
6.5899999999998817E+000	3.1428529333789701E+000
6.5949999999998816E+000	3.1428486839736749E+000
6.5999999999998815E+000	3.1428445184482197E+000
6.6049999999998814E+000	3.1428404370873655E+000
6.6099999999998813E+000	3.1428364401248197E+000
6.6149999999998812E+000	3.1428325277428106E+000
6.6199999999998811E+000	3.1428287000712656E+000
6.6249999999998810E+000	3.1428249571859368E+000
6.6299999999998809E+000	3.1428212991021600E+000
6.6349999999998808E+000	3.1428177257931167E+000
6.6399999999998807E+000	3.1428142371810086E+000
6.6449999999998806E+000	3.1428108331349462E+000
6.6499999999998805E+000	3.1428075134721514E+000
6.6549999999998803E+000	3.1428042779553982E+000
6.6599999999998802E+000	3.1428011262273166E+000
6.6649999999998801E+000	3.1427980605113408E+000
6.6699999999998800E+000	3.1427950777470106E+000
6.6749999999998799E+000	3.1427921774995666E+000
6.6799999999998798E+000	3.1427893593869047E+000
6.6849999999998797E+000	3.1427866228958945E+000
6.6899999999998796E+000	3.1427839673776221E+000
6.6949999999998795E+000	3.1427813923155874E+000
6.6999999999998794E+000	3.1427788971283581E+000
6.7049999999998793E+000	3.1427764810772327E+000
6.7099999999998792E+000	3.1427741433556906E+000
6.7149999999998791E+000	3.1427718831461924E+000
6.7199999999998790E+000	3.1427696996102705E+000
6.7249999999998789E+000	3.1427675918671785E+000
6.7299999999998787E+000	3.1427655590063215E+000
6.7349999999998786E+000	3.1427636000745549E+000
6.7399999999998785E+000	3.1427617140733903E+000
6.7449999999998784E+000	3.1427598999741431E+000
6.7499999999998783E+000	3.1427581567197067E+000
6.7549999999998782E+000	3.1427564832146282E+000
6.7599999999998781E+000	3.1427548783183012E+000
6.7649999999998780E+000	3.1427533408527371E+000
6.7699999999998779E+000	3.1427518696169479E+000
6.7749999999998778E+000	3.1427504633934178E+000
6.7799999999998777E+000	3.1427491226171247E+000
6.7849999999998776E+000	3.1427478443536958E+000
6.7899999999998775E+000	3.1427466275412161E+000
6.7949999999998774E+000	3.1427454708744529E+000
6.7999999999998773E+000	3.1427443728631093E+000
6.8049999999998771E+000	3.1427433320570128E+000
6.8099999999998770E+000	3.1427423470317315E+000
6.8149999999998769E+000	3.1427414163461491E+000
6.8199999999998768E+000	3.1427405385333467E+000
6.8249999999998767E+000	3.1427397121120166E+000
6.8299999999998766E+000	3.1427389373751793E+000
6.8349999999998765E+000	3.1427382110790703E+000
6.8399999999998764E+000	3.1427375318109849E+000
6.8449999999998763E+000	3.1427368979998129E+000
6.8499999999998762E+000	3.1427363079348147E+000
6.8549999999998761E+000	3.1427357599743737E+000
6.8599999999998760E+000	3.1427352525185350E+000
6.8649999999998759E+000	3.1427347839674513E+000
6.8699999999998758E+000	3.1427343526782523E+000
6.8749999999998757E+000	3.1427339569951580E+000
6.8799999999998755E+000	3.1427335952213400E+000
6.8849999999998754E+000	3.1427332656093623E+000
6.8899999999998753E+000	3.1427329664238708E+000
6.8949999999998752E+000	3.1427326959494724E+000
6.8999999999998751E+000	3.1427324524992315E+000
6.9049999999998750E+000	3.1427322354526366E+000
6.9099999999998749E+000	3.1427320420991491E+000
6.9149999999998748E+000	3.1427318709582139E+000

 
