Grouping:surfaceEnergy J686
# x 	 y
0.0000000000000000E+000	1.2398180821170612E-002
5.0000000000000001E-003	1.2399571906781315E-002
1.0000000000000000E-002	1.2393819170862574E-002
1.4999999999999999E-002	1.2384569071875795E-002
2.0000000000000000E-002	1.2371378196092575E-002
2.5000000000000001E-002	1.2354017484568214E-002
3.0000000000000002E-002	1.2332468735012814E-002
3.5000000000000003E-002	1.2306756913101236E-002
4.0000000000000001E-002	1.2276918578017604E-002
4.4999999999999998E-002	1.2246412273486662E-002
4.9999999999999996E-002	1.2206647030598816E-002
5.4999999999999993E-002	1.2163897624170694E-002
5.9999999999999991E-002	1.2117659621908139E-002
6.4999999999999988E-002	1.2067672238166516E-002
6.9999999999999993E-002	1.2013914736755726E-002
7.4999999999999997E-002	1.1956418997540741E-002
8.0000000000000002E-002	1.1895231998595435E-002
8.5000000000000006E-002	1.1830407523305109E-002
9.0000000000000011E-002	1.1762003723220893E-002
9.5000000000000015E-002	1.1690082009170766E-002
1.0000000000000002E-001	1.1614706411844811E-002
1.0500000000000002E-001	1.1535943164939333E-002
1.1000000000000003E-001	1.1453860399686100E-002
1.1500000000000003E-001	1.1368527909384696E-002
1.2000000000000004E-001	1.1280016964067219E-002
1.2500000000000003E-001	1.1188400163367529E-002
1.3000000000000003E-001	1.1093751464806179E-002
1.3500000000000004E-001	1.0996145961051251E-002
1.4000000000000004E-001	1.0895658859385815E-002
1.4500000000000005E-001	1.0792347995019380E-002
1.5000000000000005E-001	1.0686311665217385E-002
1.5500000000000005E-001	1.0577628102206749E-002
1.6000000000000006E-001	1.0466445276271941E-002
1.6500000000000006E-001	1.0352773984127150E-002
1.7000000000000007E-001	1.0236690543512506E-002
1.7500000000000007E-001	1.0114127575881593E-002
1.8000000000000008E-001	9.9895172510149344E-003
1.8500000000000008E-001	9.8669016263821518E-003
1.9000000000000009E-001	9.7422111817926371E-003
1.9500000000000009E-001	9.6155295795696816E-003
2.0000000000000009E-001	9.4869408045816783E-003
2.0500000000000010E-001	9.3565284069407895E-003
2.1000000000000010E-001	9.2243771574840316E-003
2.1500000000000011E-001	9.0905715200744197E-003
2.2000000000000011E-001	8.9551967605401295E-003
2.2500000000000012E-001	8.8225499332175161E-003
2.3000000000000012E-001	8.6819454969324639E-003
2.3500000000000013E-001	8.5418858000729792E-003
2.4000000000000013E-001	8.4010651713817275E-003
2.4500000000000013E-001	8.2591916172458646E-003
2.5000000000000011E-001	8.1162775883418803E-003
2.5500000000000012E-001	7.9723934086919357E-003
2.6000000000000012E-001	7.8276218294255351E-003
2.6500000000000012E-001	7.6851204146777263E-003
2.7000000000000013E-001	7.5364800869035520E-003
2.7500000000000013E-001	7.3891225674285188E-003
2.8000000000000014E-001	7.2460486649101874E-003
2.8500000000000014E-001	7.0946720488134218E-003
2.9000000000000015E-001	6.9457246937392192E-003
2.9500000000000015E-001	6.7970293945700533E-003
3.0000000000000016E-001	6.6482593015715352E-003
3.0500000000000016E-001	6.4994137666656293E-003
3.1000000000000016E-001	6.3535555581974990E-003
3.1500000000000017E-001	6.2020438198531203E-003
3.2000000000000017E-001	6.0529209516126947E-003
3.2500000000000018E-001	5.9044595948472001E-003
3.3000000000000018E-001	5.7563929916022438E-003
3.3500000000000019E-001	5.6129467923353715E-003
3.4000000000000019E-001	5.4626978254641578E-003
3.4500000000000020E-001	5.3154092302443168E-003
3.5000000000000020E-001	5.1692473440287934E-003
3.5500000000000020E-001	5.0237950967519929E-003
3.6000000000000021E-001	4.8791923449451602E-003
3.6500000000000021E-001	4.7354991058123908E-003
3.7000000000000022E-001	4.5927837213151079E-003
3.7500000000000022E-001	4.4511311366068895E-003
3.8000000000000023E-001	4.3106197920401712E-003
3.8500000000000023E-001	4.1713307532864619E-003
3.9000000000000024E-001	4.0333381770318866E-003
3.9500000000000024E-001	3.8967188783658457E-003
4.0000000000000024E-001	3.7671567598707156E-003
4.0500000000000025E-001	3.6296207349564291E-003
4.1000000000000025E-001	3.4966826810824969E-003
4.1500000000000026E-001	3.3660419738801295E-003
4.2000000000000026E-001	3.2372989939726260E-003
4.2500000000000027E-001	3.1104324730257815E-003
4.3000000000000027E-001	2.9854860953237861E-003
4.3500000000000028E-001	2.8625167391682638E-003
4.4000000000000028E-001	2.7415829411805426E-003
4.4500000000000028E-001	2.6227455704375124E-003
4.5000000000000029E-001	2.5112877835855585E-003
4.5500000000000029E-001	2.3920830402515136E-003
4.6000000000000030E-001	2.2788363002721468E-003
4.6500000000000030E-001	2.1686635003255184E-003
4.7000000000000031E-001	2.0679189330463643E-003
4.7500000000000031E-001	1.9580031174935009E-003
4.8000000000000032E-001	1.8543967423436669E-003
4.8500000000000032E-001	1.7541599533390517E-003
4.9000000000000032E-001	1.6567819339177170E-003
4.9500000000000033E-001	1.5621305393325180E-003
5.0000000000000033E-001	1.4702206132435336E-003
5.0500000000000034E-001	1.3811142264139598E-003
5.1000000000000034E-001	1.2948549389606434E-003
5.1500000000000035E-001	1.2112983486072260E-003
5.2000000000000035E-001	1.1306126330197230E-003
5.2500000000000036E-001	1.0528310709805311E-003
5.3000000000000036E-001	9.7797087909556879E-004
5.3500000000000036E-001	9.0606638449086674E-004
5.4000000000000037E-001	8.3714427689374205E-004
5.4500000000000037E-001	7.7122220715253320E-004
5.5000000000000038E-001	7.0832277253440878E-004
5.5500000000000038E-001	6.4846383989758394E-004
5.6000000000000039E-001	5.9166408565669570E-004
5.6500000000000039E-001	5.3793786030587043E-004
5.7000000000000040E-001	4.8729717492745905E-004
5.7500000000000040E-001	4.3975215549973967E-004
5.8000000000000040E-001	3.9530993658587477E-004
5.8500000000000041E-001	3.5397559875338658E-004
5.9000000000000041E-001	3.1575069317790749E-004
5.9500000000000042E-001	2.8063634261199510E-004
6.0000000000000042E-001	2.4862902487088334E-004
6.0500000000000043E-001	2.1972492728039583E-004
6.1000000000000043E-001	1.9391496199272495E-004
6.1500000000000044E-001	1.7119062508408334E-004
6.2000000000000044E-001	1.5153869901451955E-004
6.2500000000000044E-001	1.3494549495618458E-004
6.3000000000000045E-001	1.2139243300302027E-004
6.3500000000000045E-001	1.1086148300165632E-004
6.4000000000000046E-001	1.0333005840879039E-004
6.4500000000000046E-001	9.8774419964975380E-005
6.5000000000000047E-001	9.7169140045760827E-005
6.5500000000000047E-001	9.8424119674866972E-005
6.6000000000000048E-001	1.0254417935939841E-004
6.6500000000000048E-001	1.0952727310131749E-004
6.7000000000000048E-001	1.1933660346663544E-004
6.7500000000000049E-001	1.3193411900846996E-004
6.8000000000000049E-001	1.4728104503536343E-004
6.8500000000000050E-001	1.6533762847359412E-004
6.9000000000000050E-001	1.8606046133795573E-004
6.9500000000000051E-001	2.0940523256518517E-004
7.0000000000000051E-001	2.3532572147377806E-004
7.0500000000000052E-001	2.6377383173681324E-004
7.1000000000000052E-001	2.9469974735807369E-004
7.1500000000000052E-001	3.2805199946173147E-004
7.2000000000000053E-001	3.6377751139227144E-004
7.2500000000000053E-001	4.0182163361857093E-004
7.3000000000000054E-001	4.4212822228129056E-004
7.3500000000000054E-001	4.8463966583467410E-004
7.4000000000000055E-001	5.4013216856008128E-004
7.4500000000000055E-001	5.8722237393205035E-004
7.5000000000000056E-001	6.3032350041680729E-004
7.5500000000000056E-001	6.7901491282862381E-004
7.6000000000000056E-001	7.3065887725620726E-004
7.6500000000000057E-001	7.8456041906838081E-004
7.7000000000000057E-001	8.4045551890898906E-004
7.7500000000000058E-001	8.9819511693001175E-004
7.8000000000000058E-001	9.5766625077908785E-004
7.8500000000000059E-001	1.0362434671380427E-003
7.9000000000000059E-001	1.0985160477803291E-003
7.9500000000000060E-001	1.1563781224652736E-003
8.0000000000000060E-001	1.2192461385636122E-003
8.0500000000000060E-001	1.2987050060391248E-003
8.1000000000000061E-001	1.3606951525200195E-003
8.1500000000000061E-001	1.4267418692490708E-003
8.2000000000000062E-001	1.4951207408122613E-003
8.2500000000000062E-001	1.5650730548233405E-003
8.3000000000000063E-001	1.6362744784230721E-003
8.3500000000000063E-001	1.7085324490309084E-003
8.4000000000000064E-001	1.7817049164801091E-003
8.4500000000000064E-001	1.8556734640320371E-003
8.5000000000000064E-001	1.9303327597297582E-003
8.5500000000000065E-001	2.0055859137175780E-003
8.6000000000000065E-001	2.0813419910328257E-003
8.6500000000000066E-001	2.1575143697938337E-003
8.7000000000000066E-001	2.2340195841961119E-003
8.7500000000000067E-001	2.3107765496450661E-003
8.8000000000000067E-001	2.3877060415995466E-003
8.8500000000000068E-001	2.4647303017681921E-003
8.9000000000000068E-001	2.5417728313610333E-003
8.9500000000000068E-001	2.6187581940497751E-003
9.0000000000000069E-001	2.6956119063412665E-003
9.0500000000000069E-001	2.7722604342508284E-003
9.1000000000000070E-001	2.8486309540163290E-003
9.1500000000000070E-001	2.9246519200949450E-003
9.2000000000000071E-001	3.0002532925341718E-003
9.2500000000000071E-001	3.0753649538373118E-003
9.3000000000000071E-001	3.1499185085257508E-003
9.3500000000000072E-001	3.2238439258782670E-003
9.4000000000000072E-001	3.2970755662340423E-003
9.4500000000000073E-001	3.3695477380759620E-003
9.5000000000000073E-001	3.4412174734295142E-003
9.5500000000000074E-001	3.5119999926247480E-003
9.6000000000000074E-001	3.5818323147607245E-003
9.6500000000000075E-001	3.6506542016310206E-003
9.7000000000000075E-001	3.7184062576587351E-003
9.7500000000000075E-001	3.7850307358326951E-003
9.8000000000000076E-001	3.8504704750494945E-003
9.8500000000000076E-001	3.9146698607903652E-003
9.9000000000000077E-001	3.9775749768997670E-003
9.9500000000000077E-001	4.0391332139395608E-003
1.0000000000000007E+000	4.0992934695176508E-003
1.0050000000000006E+000	4.1580062464259271E-003
1.0100000000000005E+000	4.2152235877233046E-003
1.0150000000000003E+000	4.2708991599358370E-003
1.0200000000000002E+000	4.3249883923448529E-003
1.0250000000000001E+000	4.3774482499658873E-003
1.0300000000000000E+000	4.4282769918959630E-003
1.0349999999999999E+000	4.4774769257673874E-003
1.0399999999999998E+000	4.5249271586582651E-003
1.0449999999999997E+000	4.5705911190538906E-003
1.0499999999999996E+000	4.6144389372981820E-003
1.0549999999999995E+000	4.6564353694158456E-003
1.0599999999999994E+000	4.6965488557373369E-003
1.0649999999999993E+000	4.7523785485443781E-003
1.0699999999999992E+000	4.7834469576031324E-003
1.0749999999999991E+000	4.8156621598374194E-003
1.0799999999999990E+000	4.8468614397561005E-003
1.0849999999999989E+000	4.8764160839520621E-003
1.0899999999999987E+000	4.9041129084383961E-003
1.0949999999999986E+000	4.9298620334199406E-003
1.0999999999999985E+000	4.9536229195066284E-003
1.1049999999999984E+000	4.9753649914312525E-003
1.1099999999999983E+000	4.9950657419373101E-003
1.1149999999999982E+000	5.0127090976856969E-003
1.1199999999999981E+000	5.0282828942203039E-003
1.1249999999999980E+000	5.0417779420808273E-003
1.1299999999999979E+000	5.0531862807496886E-003
1.1349999999999978E+000	5.0625018481631479E-003
1.1399999999999977E+000	5.0697221002340420E-003
1.1449999999999976E+000	5.0748464347272204E-003
1.1499999999999975E+000	5.0778766048211743E-003
1.1549999999999974E+000	5.0788165533468543E-003
1.1599999999999973E+000	5.0776713456919254E-003
1.1649999999999971E+000	5.0744480559323790E-003
1.1699999999999970E+000	5.0691581186632639E-003
1.1749999999999969E+000	5.0618139887834701E-003
1.1799999999999968E+000	5.0524291555493761E-003
1.1849999999999967E+000	5.0410193014025495E-003
1.1899999999999966E+000	5.0276019099868563E-003
1.1949999999999965E+000	5.0121960641731356E-003
1.1999999999999964E+000	4.9948224619362769E-003
1.2049999999999963E+000	4.9755033269724969E-003
1.2099999999999962E+000	4.9542624496612397E-003
1.2149999999999961E+000	4.9311252254522486E-003
1.2199999999999960E+000	4.9061184967125193E-003
1.2249999999999959E+000	4.8792706011142606E-003
1.2299999999999958E+000	4.8506113105322157E-003
1.2349999999999957E+000	4.8201717988152204E-003
1.2399999999999956E+000	4.7879845704441593E-003
1.2449999999999954E+000	4.7540834582813218E-003
1.2499999999999953E+000	4.7185165782761551E-003
1.2549999999999952E+000	4.6813039954178848E-003
1.2599999999999951E+000	4.6554711835145035E-003
1.2649999999999950E+000	4.6086992235894186E-003
1.2699999999999949E+000	4.5643470664389341E-003
1.2749999999999948E+000	4.5196167680696675E-003
1.2799999999999947E+000	4.4738284825021069E-003
1.2849999999999946E+000	4.4268449537119281E-003
1.2899999999999945E+000	4.3786481821550538E-003
1.2949999999999944E+000	4.3292508770886862E-003
1.2999999999999943E+000	4.2786947395510033E-003
1.3049999999999942E+000	4.2269873325659901E-003
1.3099999999999941E+000	4.1741939501203085E-003
1.3149999999999940E+000	4.1203237096212320E-003
1.3199999999999938E+000	4.0654155807486880E-003
1.3249999999999937E+000	4.0095150375365485E-003
1.3299999999999936E+000	3.9526611756741659E-003
1.3349999999999935E+000	3.8948977290593767E-003
1.3399999999999934E+000	3.8362687626141145E-003
1.3449999999999933E+000	3.7768196399818876E-003
1.3499999999999932E+000	3.7165972650892165E-003
1.3549999999999931E+000	3.6556494835728870E-003
1.3599999999999930E+000	3.5940246855186153E-003
1.3649999999999929E+000	3.5317716352323281E-003
1.3699999999999928E+000	3.4689395098106424E-003
1.3749999999999927E+000	3.4055777255361797E-003
1.3799999999999926E+000	3.3417358288803101E-003
1.3849999999999925E+000	3.2774634272176861E-003
1.3899999999999924E+000	3.2128101193231728E-003
1.3949999999999922E+000	3.1478311919048707E-003
1.3999999999999921E+000	3.0825702937553601E-003
1.4049999999999920E+000	3.0170766536734561E-003
1.4099999999999919E+000	2.9514034085060814E-003
1.4149999999999918E+000	2.8855964229412834E-003
1.4199999999999917E+000	2.8197034673564936E-003
1.4249999999999916E+000	2.7537728964630581E-003
1.4299999999999915E+000	2.6878518962267783E-003
1.4349999999999914E+000	2.6219870616528418E-003
1.4399999999999913E+000	2.5562249150339333E-003
1.4449999999999912E+000	2.4906115904266279E-003
1.4499999999999911E+000	2.4251926869220952E-003
1.4549999999999910E+000	2.3600132198029478E-003
1.4599999999999909E+000	2.2951174626908433E-003
1.4649999999999908E+000	2.2305493252705588E-003
1.4699999999999906E+000	2.1663519196954972E-003
1.4749999999999905E+000	2.1025676345360900E-003
1.4799999999999904E+000	2.0392381168332641E-003
1.4849999999999903E+000	1.9764042453269681E-003
1.4899999999999902E+000	1.9141060991927361E-003
1.4949999999999901E+000	1.8523829322414365E-003
1.4999999999999900E+000	1.7912731442080165E-003
1.5049999999999899E+000	1.7308142554322004E-003
1.5099999999999898E+000	1.6710428824771029E-003
1.5149999999999897E+000	1.6119947244925825E-003
1.5199999999999896E+000	1.5537045309463871E-003
1.5249999999999895E+000	1.4962060768892727E-003
1.5299999999999894E+000	1.4395321499147684E-003
1.5349999999999893E+000	1.3837145326269784E-003
1.5399999999999892E+000	1.3287839863580508E-003
1.5449999999999890E+000	1.2747702350539569E-003
1.5499999999999889E+000	1.2217019522942074E-003
1.5549999999999888E+000	1.1696067479922689E-003
1.5599999999999887E+000	1.1258667358760022E-003
1.5649999999999886E+000	1.0711562845395761E-003
1.5699999999999885E+000	1.0269168678385121E-003
1.5749999999999884E+000	9.7919027750670296E-004
1.5799999999999883E+000	9.2748317094493160E-004
1.5849999999999882E+000	8.8614163193367901E-004
1.5899999999999881E+000	8.3798371980625674E-004
1.5949999999999880E+000	7.9394061224080659E-004
1.5999999999999879E+000	7.5141033424142023E-004
1.6049999999999878E+000	7.1007668235134602E-004
1.6099999999999877E+000	6.6994221813487798E-004
1.6149999999999876E+000	6.3103264116826097E-004
1.6199999999999875E+000	5.9336608200455387E-004
1.6249999999999873E+000	5.5695473422323616E-004
1.6299999999999872E+000	5.2180778208699152E-004
1.6349999999999871E+000	4.8793292474424987E-004
1.6399999999999870E+000	4.5766467594665627E-004
1.6449999999999869E+000	4.2346389640046667E-004
1.6499999999999868E+000	3.9323576045680042E-004
1.6549999999999867E+000	3.6460981080521648E-004
1.6599999999999866E+000	3.3727397382676827E-004
1.6649999999999865E+000	3.1122368548519574E-004
1.6699999999999864E+000	2.8647480991494945E-004
1.6749999999999863E+000	2.6303460406396084E-004
1.6799999999999862E+000	2.4090438267432290E-004
1.6849999999999861E+000	2.2008147132623890E-004
1.6899999999999860E+000	2.0056206478047400E-004
1.6949999999999859E+000	1.8234183214049793E-004
1.6999999999999857E+000	1.6541594827801376E-004
1.7049999999999856E+000	1.4977900484858253E-004
1.7099999999999855E+000	1.3542490044482491E-004
1.7149999999999854E+000	1.2234675864641886E-004
1.7199999999999853E+000	1.1053687813999957E-004
1.7249999999999852E+000	9.9986708764099319E-005
1.7299999999999851E+000	9.0686847063814469E-005
1.7349999999999850E+000	8.2627046296579465E-005
1.7399999999999849E+000	7.5790327544122960E-005
1.7449999999999848E+000	7.0167894667516606E-005
1.7499999999999847E+000	6.5751066413710646E-005
1.7549999999999846E+000	6.2528714805942798E-005
1.7599999999999845E+000	6.0484737450128279E-005
1.7649999999999844E+000	5.9603668411067900E-005
1.7699999999999843E+000	5.9869801980028114E-005
1.7749999999999841E+000	6.1243311686443036E-005
1.7799999999999840E+000	6.3741800932159975E-005
1.7849999999999839E+000	6.7341958924327372E-005
1.7899999999999838E+000	7.2023124266351601E-005
1.7949999999999837E+000	7.7765730975620784E-005
1.7999999999999836E+000	8.4550481740830463E-005
1.8049999999999835E+000	9.2357232377882070E-005
1.8099999999999834E+000	1.0116529305026489E-004
1.8149999999999833E+000	1.1095355102908044E-004
1.8199999999999832E+000	1.2170043011794363E-004
1.8249999999999831E+000	1.3338394414086352E-004
1.8299999999999830E+000	1.4598165330470536E-004
1.8349999999999829E+000	1.5947070438038224E-004
1.8399999999999828E+000	1.7382784513753080E-004
1.8449999999999827E+000	1.8902943746734735E-004
1.8499999999999825E+000	2.0505150907679237E-004
1.8549999999999824E+000	2.2186975636184769E-004
1.8599999999999823E+000	2.3945957051463296E-004
1.8649999999999822E+000	2.5779605339248945E-004
1.8699999999999821E+000	2.7685404228838806E-004
1.8749999999999820E+000	2.9660813497578431E-004
1.8799999999999819E+000	3.1703270218708113E-004
1.8849999999999818E+000	3.3810190995176015E-004
1.8899999999999817E+000	3.5978974607564496E-004
1.8949999999999816E+000	3.8207003751500324E-004
1.8999999999999815E+000	4.0491647092943950E-004
1.9049999999999814E+000	4.2830261431658911E-004
1.9099999999999813E+000	4.5220165813208979E-004
1.9149999999999812E+000	4.7658778718862038E-004
1.9199999999999811E+000	5.0143424856008423E-004
1.9249999999999809E+000	5.2671403846815679E-004
1.9299999999999808E+000	5.5240029562275694E-004
1.9349999999999807E+000	5.7846625603552582E-004
1.9399999999999806E+000	6.0488517892709481E-004
1.9449999999999805E+000	6.3163035572211257E-004
1.9499999999999804E+000	6.5867514135398153E-004
1.9549999999999803E+000	6.8599297145777172E-004
1.9599999999999802E+000	7.1355737956579901E-004
1.9649999999999801E+000	7.4134201362197061E-004
1.9699999999999800E+000	7.6932064989909676E-004
1.9749999999999799E+000	7.9746720443152341E-004
1.9799999999999798E+000	8.2575575463161854E-004
1.9849999999999797E+000	8.5416056556519848E-004
1.9899999999999796E+000	8.8265608516868710E-004
1.9949999999999795E+000	9.1121696772944460E-004
1.9999999999999793E+000	9.3981807915355375E-004
2.0049999999999795E+000	9.6843485748809854E-004
2.0099999999999794E+000	9.9704301112657490E-004
2.0149999999999793E+000	1.0256182442800466E-003
2.0199999999999791E+000	1.0541363436558093E-003
2.0249999999999790E+000	1.0825734406920695E-003
2.0299999999999789E+000	1.1109059754081940E-003
2.0349999999999788E+000	1.1391107258664768E-003
2.0399999999999787E+000	1.1671647841220434E-003
2.0449999999999786E+000	1.1950455637741442E-003
2.0499999999999785E+000	1.2227308453036656E-003
2.0549999999999784E+000	1.2501284292842918E-003
2.0599999999999783E+000	1.2772880817477628E-003
2.0649999999999782E+000	1.3042048355020874E-003
2.0699999999999781E+000	1.3308409744903216E-003
2.0749999999999780E+000	1.3571767682463154E-003
2.0799999999999779E+000	1.3831926056457888E-003
2.0849999999999778E+000	1.4088691111835416E-003
2.0899999999999777E+000	1.4341872653185206E-003
2.0949999999999775E+000	1.4591284747647038E-003
2.0949999999999775E+000	1.4572048176155761E-003
2.0999999999999774E+000	1.4814838844672273E-003
2.1049999999999773E+000	1.5055445156604286E-003
2.1099999999999772E+000	1.5292642967397185E-003
2.1149999999999771E+000	1.5525988291300585E-003
2.1199999999999770E+000	1.5755066380367388E-003
2.1249999999999769E+000	1.5979513390109723E-003
2.1299999999999768E+000	1.6199041784203949E-003
2.1349999999999767E+000	1.6413428666690599E-003
2.1399999999999766E+000	1.6622496701312883E-003
2.1449999999999765E+000	1.6826097287490072E-003
2.1499999999999764E+000	1.7024099141771387E-003
2.1549999999999763E+000	1.7216430191915322E-003
2.1599999999999762E+000	1.7402908010657470E-003
2.1649999999999761E+000	1.7583448010807246E-003
2.1699999999999759E+000	1.7757949198977663E-003
2.1749999999999758E+000	1.7926310038820503E-003
2.1799999999999757E+000	1.8088433657337255E-003
2.1849999999999756E+000	1.8244227819641523E-003
2.1899999999999755E+000	1.8393604874820113E-003
2.1949999999999754E+000	1.8536482479789562E-003
2.1999999999999753E+000	1.8672783043327534E-003
2.2049999999999752E+000	1.8802435131397566E-003
2.2099999999999751E+000	1.8925372796450013E-003
2.2149999999999750E+000	1.9041535322910086E-003
2.2199999999999749E+000	1.9150866222994445E-003
2.2249999999999748E+000	1.9253313511695680E-003
2.2299999999999747E+000	1.9348831308727554E-003
2.2349999999999746E+000	1.9437379757825113E-003
2.2399999999999745E+000	1.9518924111885383E-003
2.2449999999999743E+000	1.9593432828677315E-003
2.2499999999999742E+000	1.9660879949330301E-003
2.2549999999999741E+000	1.9721245665063059E-003
2.2599999999999740E+000	1.9774519186279704E-003
2.2649999999999739E+000	1.9820688774516704E-003
2.2699999999999738E+000	1.9859752247408657E-003
2.2749999999999737E+000	1.9891708753934090E-003
2.2799999999999736E+000	1.9916566293227689E-003
2.2849999999999735E+000	1.9934336575095912E-003
2.2899999999999734E+000	1.9945031474080110E-003
2.2949999999999733E+000	1.9948666908118362E-003
2.2999999999999732E+000	1.9945270298729056E-003
2.3049999999999731E+000	1.9934874529190516E-003
2.3099999999999730E+000	1.9917515650766937E-003
2.3149999999999729E+000	1.9893226497478267E-003
2.3199999999999728E+000	1.9862044349192587E-003
2.3249999999999726E+000	1.9824017887946077E-003
2.3299999999999725E+000	1.9779201021052906E-003
2.3349999999999724E+000	1.9727652455387990E-003
2.3399999999999723E+000	1.9669435563640647E-003
2.3449999999999722E+000	1.9604618036703769E-003
2.3499999999999721E+000	1.9533271739340385E-003
2.3549999999999720E+000	1.9455472746585656E-003
2.3599999999999719E+000	1.9371301334700775E-003
2.3649999999999718E+000	1.9280841763902323E-003
2.3699999999999717E+000	1.9184182291853702E-003
2.3749999999999716E+000	1.9081414984776224E-003
2.3799999999999715E+000	1.8972635682334982E-003
2.3849999999999714E+000	1.8857943940866484E-003
2.3899999999999713E+000	1.8737442908856039E-003
2.3949999999999712E+000	1.8611239232235732E-003
2.3999999999999710E+000	1.8479442957546333E-003
2.4049999999999709E+000	1.8342167432394696E-003
2.4099999999999708E+000	1.8199529205147336E-003
2.4149999999999707E+000	1.8051647920129810E-003
2.4199999999999706E+000	1.7898646216734093E-003
2.4249999999999705E+000	1.7740649618271931E-003
2.4299999999999704E+000	1.7577786432023679E-003
2.4349999999999703E+000	1.7410187637567631E-003
2.4399999999999702E+000	1.7237986775420211E-003
2.4449999999999701E+000	1.7061319841431555E-003
2.4499999999999700E+000	1.6880325172716759E-003
2.4549999999999699E+000	1.6695131240846983E-003
2.4599999999999698E+000	1.6505895107732371E-003
2.4649999999999697E+000	1.6312763015120524E-003
2.4699999999999696E+000	1.6116134737886867E-003
2.4749999999999694E+000	1.5915935555481653E-003
2.4799999999999693E+000	1.5712280816408963E-003
2.4849999999999692E+000	1.5505324156896982E-003
2.4899999999999691E+000	1.5295222732856217E-003
2.4949999999999690E+000	1.5082131466384041E-003
2.4999999999999689E+000	1.4866205489476592E-003
2.5049999999999688E+000	1.4647601160038271E-003
2.5099999999999687E+000	1.4426475919355752E-003
2.5149999999999686E+000	1.4202988068618971E-003
2.5199999999999685E+000	1.3977296636311642E-003
2.5249999999999684E+000	1.3749561251397147E-003
2.5299999999999683E+000	1.3519942037256705E-003
2.5349999999999682E+000	1.3288599490475228E-003
2.5399999999999681E+000	1.3055694363481862E-003
2.5449999999999680E+000	1.2821387553469954E-003
2.5499999999999678E+000	1.2585839980974178E-003
2.5549999999999677E+000	1.2349212472400062E-003
2.5599999999999676E+000	1.2111752973735790E-003
2.5649999999999675E+000	1.1873166526670254E-003
2.5699999999999674E+000	1.1633996730773255E-003
2.5749999999999673E+000	1.1394378916542713E-003
2.5799999999999672E+000	1.1154460895244078E-003
2.5849999999999671E+000	1.0914415480680617E-003
2.5899999999999670E+000	1.0674400125378902E-003
2.5949999999999669E+000	1.0434569498540824E-003
2.5999999999999668E+000	1.0195077754957538E-003
2.6049999999999667E+000	9.9560782843610696E-004
2.6099999999999666E+000	9.7177233414758035E-004
2.6149999999999665E+000	9.4801637883978884E-004
2.6199999999999664E+000	9.2435489989561859E-004
2.6249999999999662E+000	9.0080219483379409E-004
2.6299999999999661E+000	8.7737285558819877E-004
2.6349999999999660E+000	8.5408130663067183E-004
2.6399999999999659E+000	8.3094178267639762E-004
2.6449999999999658E+000	8.0796831983320772E-004
2.6499999999999657E+000	7.8517474656658592E-004
2.6549999999999656E+000	7.6257467482410135E-004
2.6599999999999655E+000	7.4018149163279645E-004
2.6649999999999654E+000	7.1800835064728119E-004
2.6699999999999653E+000	6.9606816399225835E-004
2.6749999999999652E+000	6.7437359443811573E-004
2.6799999999999651E+000	6.5293704761693050E-004
2.6849999999999650E+000	6.3177066464836784E-004
2.6899999999999649E+000	6.1088631476913235E-004
2.6949999999999648E+000	5.9029558845757890E-004
2.6999999999999647E+000	5.7000979025545462E-004
2.7049999999999645E+000	5.5003994494606800E-004
2.7099999999999644E+000	5.3039675738553171E-004
2.7149999999999643E+000	5.1109061620424612E-004
2.7199999999999642E+000	4.9213162131156452E-004
2.7249999999999641E+000	4.7352956462942686E-004
2.7299999999999640E+000	4.5529391257215224E-004
2.7349999999999639E+000	4.3743380106597840E-004
2.7399999999999638E+000	4.1995785977633204E-004
2.7449999999999637E+000	4.0287470949307291E-004
2.7499999999999636E+000	3.8619249571381076E-004
2.7549999999999635E+000	3.6991899907956594E-004
2.7599999999999634E+000	3.5406165526996602E-004
2.7649999999999633E+000	3.3862754818692054E-004
2.7699999999999632E+000	3.2362340742597695E-004
2.7749999999999631E+000	3.0905560571303781E-004
2.7799999999999629E+000	2.9493015532766620E-004
2.7849999999999628E+000	2.8125270567169736E-004
2.7899999999999627E+000	2.6802854081697802E-004
2.7949999999999626E+000	2.5526257818242470E-004
2.7999999999999625E+000	2.4295936725504674E-004
2.8049999999999624E+000	2.3112308750405930E-004
2.8099999999999623E+000	2.1975754793501778E-004
2.8149999999999622E+000	2.0886618616877684E-004
2.8199999999999621E+000	1.9845206794766312E-004
2.8249999999999620E+000	1.8851788678864168E-004
2.8299999999999619E+000	1.7906596461925162E-004
2.8349999999999618E+000	1.7009826535652195E-004
2.8399999999999617E+000	1.6161636772249466E-004
2.8449999999999616E+000	1.5362148010078513E-004
2.8499999999999615E+000	1.4611444235468340E-004
2.8549999999999613E+000	1.3909572628501010E-004
2.8599999999999612E+000	1.3256543802686593E-004
2.8649999999999611E+000	1.2652331970963715E-004
2.8699999999999610E+000	1.2096875185596545E-004
2.8749999999999609E+000	1.1590075567191604E-004
2.8799999999999608E+000	1.1131799598462777E-004
2.8849999999999607E+000	1.0721878424435616E-004
2.8899999999999606E+000	1.0360108137197344E-004
2.8949999999999605E+000	1.0046250178019633E-004
2.8999999999999604E+000	9.7800316960050537E-005
2.9049999999999603E+000	9.5611458942990168E-005
2.9099999999999602E+000	9.3892525330652177E-005
2.9149999999999601E+000	9.2639777473646490E-005
2.9199999999999600E+000	9.1849108013075664E-005
2.9249999999999599E+000	9.1516140866776396E-005
2.9299999999999597E+000	9.1636186138721598E-005
2.9349999999999596E+000	9.2196325905735677E-005
2.9399999999999595E+000	9.3191239579404339E-005
2.9449999999999594E+000	9.4622781610098627E-005
2.9499999999999593E+000	9.6489974990898730E-005
2.9549999999999592E+000	9.8784624647407782E-005
2.9599999999999591E+000	1.0149943760273672E-004
2.9649999999999590E+000	1.0462769754626677E-004
2.9699999999999589E+000	1.0816348879272297E-004
2.9749999999999588E+000	1.1209769178410767E-004
2.9799999999999587E+000	1.1642234690745212E-004
2.9849999999999586E+000	1.2112974886147043E-004
2.9899999999999585E+000	1.2621192544770565E-004
2.9949999999999584E+000	1.3166063349023815E-004
2.9999999999999583E+000	1.3746751065513152E-004
3.0049999999999581E+000	1.4362373341381129E-004
3.0099999999999580E+000	1.5012040220341305E-004
3.0149999999999579E+000	1.5694840604618676E-004
3.0199999999999578E+000	1.6409844077447389E-004
3.0249999999999577E+000	1.7156102355819769E-004
3.0299999999999576E+000	1.7932650294261165E-004
3.0349999999999575E+000	1.8738506280024936E-004
3.0399999999999574E+000	1.9572673362366899E-004
3.0449999999999573E+000	2.0434139970726406E-004
3.0499999999999572E+000	2.1321880426494744E-004
3.0549999999999571E+000	2.2234856050395990E-004
3.0599999999999570E+000	2.3172015830175141E-004
3.0649999999999569E+000	2.4132297197487773E-004
3.0699999999999568E+000	2.5114627137101664E-004
3.0749999999999567E+000	2.6117923076585114E-004
3.0799999999999566E+000	2.7141093980809217E-004
3.0849999999999564E+000	2.8183040945606308E-004
3.0899999999999563E+000	2.9242658242178976E-004
3.0949999999999562E+000	3.0318834073383982E-004
3.0999999999999561E+000	3.1410451473590228E-004
3.1049999999999560E+000	3.2516389351178177E-004
3.1099999999999559E+000	3.3635523915975796E-004
3.1149999999999558E+000	3.4766729005264452E-004
3.1199999999999557E+000	3.5908876851742377E-004
3.1249999999999556E+000	3.7060839509450716E-004
3.1299999999999555E+000	3.8221489724943325E-004
3.1349999999999554E+000	3.9389701428937940E-004
3.1399999999999553E+000	4.0564350755145639E-004
3.1449999999999552E+000	4.1744317152048183E-004
3.1499999999999551E+000	4.2928483958215580E-004
3.1549999999999550E+000	4.4115741266059771E-004
3.1599999999999548E+000	4.5304984698990580E-004
3.1649999999999547E+000	4.6495115711842061E-004
3.1699999999999546E+000	4.7685036141009718E-004
3.1749999999999545E+000	4.8873668829241268E-004
3.1799999999999544E+000	5.0059939512836493E-004
3.1849999999999543E+000	5.1242782856686375E-004
3.1899999999999542E+000	5.2421144492731386E-004
3.1949999999999541E+000	5.3593981311550465E-004
3.1999999999999540E+000	5.5184572989253056E-004
3.2049999999999539E+000	5.6279546950444015E-004
3.2099999999999538E+000	5.6952663820108995E-004
3.2149999999999537E+000	5.7978130039648690E-004
3.2199999999999536E+000	5.9076383431388990E-004
3.2249999999999535E+000	6.0187338937511825E-004
3.2299999999999534E+000	6.1295978082931413E-004
3.2349999999999532E+000	6.2396442046352973E-004
3.2399999999999531E+000	6.3485416247344162E-004
3.2449999999999530E+000	6.4560609869346308E-004
3.2499999999999529E+000	6.5620297137103378E-004
3.2549999999999528E+000	6.6663119816912086E-004
3.2599999999999527E+000	6.7687965684681828E-004
3.2649999999999526E+000	6.8693884028192542E-004
3.2699999999999525E+000	6.9680028154195384E-004
3.2749999999999524E+000	7.0645617081455114E-004
3.2799999999999523E+000	7.1589913353076184E-004
3.2849999999999522E+000	7.2512210442887692E-004
3.2899999999999521E+000	7.3411826472646879E-004
3.2949999999999520E+000	7.4288101487107738E-004
3.2999999999999519E+000	7.5140396453399205E-004
3.3049999999999518E+000	7.5968095452250139E-004
3.3099999999999516E+000	7.6770605305354067E-004
3.3149999999999515E+000	7.7547356993701300E-004
3.3199999999999514E+000	7.8297809004856944E-004
3.3249999999999513E+000	7.9021446541993612E-004
3.3299999999999512E+000	7.9717782200905418E-004
3.3349999999999511E+000	8.0386353804184907E-004
3.3399999999999510E+000	8.1026727984889746E-004
3.3449999999999509E+000	8.1638499273894993E-004
3.3499999999999508E+000	8.2221294266116018E-004
3.3549999999999507E+000	8.2774765976756370E-004
3.3599999999999506E+000	8.3298592841929420E-004
3.3649999999999505E+000	8.3792475446209380E-004
3.3699999999999504E+000	8.4256141095373493E-004
3.3749999999999503E+000	8.4689344613275708E-004
3.3799999999999502E+000	8.5091860765507121E-004
3.3849999999999500E+000	8.5463488163872725E-004
3.3899999999999499E+000	8.5804051901083866E-004
3.3949999999999498E+000	8.6113405483345673E-004
3.3999999999999497E+000	8.6391433474153345E-004
3.4049999999999496E+000	8.6638042378206492E-004
3.4099999999999495E+000	8.6853168681066961E-004
3.4149999999999494E+000	8.7036749691771220E-004
3.4199999999999493E+000	8.7188735347520918E-004
3.4249999999999492E+000	8.7309125320844672E-004
3.4299999999999491E+000	8.7397975906222669E-004
3.4349999999999490E+000	8.7455363008892562E-004
3.4399999999999489E+000	8.7481379165765816E-004
3.4449999999999488E+000	8.7476125312813124E-004
3.4499999999999487E+000	8.7439723342308540E-004
3.4549999999999486E+000	8.7372329725265985E-004
3.4599999999999485E+000	8.7274131003267641E-004
3.4649999999999483E+000	8.7145314899483850E-004
3.4699999999999482E+000	8.6986113029485779E-004
3.4749999999999481E+000	8.6796779838183014E-004
3.4799999999999480E+000	8.6577591518910424E-004
3.4849999999999479E+000	8.6328844254035531E-004
3.4899999999999478E+000	8.6050854771713148E-004
3.4949999999999477E+000	8.5743961386075540E-004
3.4999999999999476E+000	8.5408522902596928E-004
3.5049999999999475E+000	8.5044918050725116E-004
3.5099999999999474E+000	8.4653545974822109E-004
3.5149999999999473E+000	8.4234824434004096E-004
3.5199999999999472E+000	8.3789190308181105E-004
3.5249999999999471E+000	8.3317098888135988E-004
3.5299999999999470E+000	8.2819023511859768E-004
3.5349999999999469E+000	8.2295454905345622E-004
3.5399999999999467E+000	8.1746900561530111E-004
3.5449999999999466E+000	8.1173884192864421E-004
3.5499999999999465E+000	8.0576945179089421E-004
3.5549999999999464E+000	7.9956637793321406E-004
3.5599999999999463E+000	7.9313531451763453E-004
3.5649999999999462E+000	7.8648208865006453E-004
3.5699999999999461E+000	7.7961266296355802E-004
3.5749999999999460E+000	7.7253312736091928E-004
3.5799999999999459E+000	7.6524969330815651E-004
3.5849999999999458E+000	7.5776868698840261E-004
3.5899999999999457E+000	7.5009654368729528E-004
3.5949999999999456E+000	7.4223980154597413E-004
3.5999999999999455E+000	7.3420509509425358E-004
3.6049999999999454E+000	7.2599915616722299E-004
3.6099999999999453E+000	7.1762879936798640E-004
3.6149999999999451E+000	7.0910091218179261E-004
3.6199999999999450E+000	7.0042245064261266E-004
3.6249999999999449E+000	6.9160043577332075E-004
3.6299999999999448E+000	6.8264194770062403E-004
3.6349999999999447E+000	6.7355411918956776E-004
3.6399999999999446E+000	6.6434412815219446E-004
3.6449999999999445E+000	6.5501919405175357E-004
3.6499999999999444E+000	6.4558656795465907E-004
3.6549999999999443E+000	6.3605352845508278E-004
3.6599999999999442E+000	6.2642737533913362E-004
3.6649999999999441E+000	6.1671542289465364E-004
3.6699999999999440E+000	6.0692499416914458E-004
3.6749999999999439E+000	5.9706341495013859E-004
3.6799999999999438E+000	5.8713800752707712E-004
3.6849999999999437E+000	5.7715608481867520E-004
3.6899999999999435E+000	5.6712494456023776E-004
3.6949999999999434E+000	5.5705186349674918E-004
3.6999999999999433E+000	5.4694409159949942E-004
3.7049999999999432E+000	5.3680884622497871E-004
3.7099999999999431E+000	5.2665330693146828E-004
3.7149999999999430E+000	5.1648460965170173E-004
3.7199999999999429E+000	5.1233373817538563E-004
3.7249999999999428E+000	4.9769136779831413E-004
3.7299999999999427E+000	4.8649055518135143E-004
3.7349999999999426E+000	4.7605294471653181E-004
3.7399999999999425E+000	4.6583717090165067E-004
3.7449999999999424E+000	4.5573687925370976E-004
3.7499999999999423E+000	4.4571985550145854E-004
3.7549999999999422E+000	4.3577199467970118E-004
3.7599999999999421E+000	4.2588695680034760E-004
3.7649999999999419E+000	4.1606310235620114E-004
3.7699999999999418E+000	4.0630197230484555E-004
3.7749999999999417E+000	3.9660721484802153E-004
3.7799999999999416E+000	3.8698376062429318E-004
3.7849999999999415E+000	3.7743723098193627E-004
3.7899999999999414E+000	3.6797354569895191E-004
3.7949999999999413E+000	3.5859867854659555E-004
3.7999999999999412E+000	3.4931851446184936E-004
3.8049999999999411E+000	3.4013877517935498E-004
3.8099999999999410E+000	3.3106499116231092E-004
3.8149999999999409E+000	3.2210250096342818E-004
3.8199999999999408E+000	3.1325646452140532E-004
3.8249999999999407E+000	3.0453188054213598E-004
3.8299999999999406E+000	2.9593360097734944E-004
3.8349999999999405E+000	2.8746634210685684E-004
3.8399999999999403E+000	2.7913469536544611E-004
3.8449999999999402E+000	2.7094311935238480E-004
3.8499999999999401E+000	2.6289594078265921E-004
3.8549999999999400E+000	2.5499735294287618E-004
3.8599999999999399E+000	2.4725141062553746E-004
3.8649999999999398E+000	2.3966202493497235E-004
3.8699999999999397E+000	2.3223295865948401E-004
3.8749999999999396E+000	2.2496782139658222E-004
3.8799999999999395E+000	2.1787006592344227E-004
3.8849999999999394E+000	2.1094298471480144E-004
3.8899999999999393E+000	2.0418970686852944E-004
3.8949999999999392E+000	1.9761319637368047E-004
3.8999999999999391E+000	1.9121625029061562E-004
3.9049999999999390E+000	1.8500149756528472E-004
3.9099999999999389E+000	1.7897139810019169E-004
3.9149999999999388E+000	1.7312824258652881E-004
3.9199999999999386E+000	1.6747415224349638E-004
3.9249999999999385E+000	1.6201107897018119E-004
3.9299999999999384E+000	1.5674080578742533E-004
3.9349999999999383E+000	1.5166494744578429E-004
3.9399999999999382E+000	1.4678495128839231E-004
3.9449999999999381E+000	1.4210209799259133E-004
3.9499999999999380E+000	1.3761750275520512E-004
3.9549999999999379E+000	1.3333211627930552E-004
3.9599999999999378E+000	1.2924672628589207E-004
3.9649999999999377E+000	1.2536195839540909E-004
3.9699999999999376E+000	1.2167827783837737E-004
3.9749999999999375E+000	1.1819599081519527E-004
3.9799999999999374E+000	1.1491524606510595E-004
3.9849999999999373E+000	1.1183603607411996E-004
3.9899999999999372E+000	1.0894781880654847E-004
3.9949999999999370E+000	1.0626055336082629E-004
3.9999999999999369E+000	1.0377839720598914E-004
4.0049999999999368E+000	1.0149747847432167E-004
4.0099999999999367E+000	9.9416180967537571E-005
4.0149999999999366E+000	9.7533587831488688E-005
4.0199999999999365E+000	9.5848621272764944E-005
4.0249999999999364E+000	9.4360053743525185E-005
4.0299999999999363E+000	9.3067535204660601E-005
4.0349999999999362E+000	9.1969381116996374E-005
4.0399999999999361E+000	9.1063309918038016E-005
4.0449999999999360E+000	9.0347473822749436E-005
4.0499999999999359E+000	8.9820003981611052E-005
4.0549999999999358E+000	8.9478888598559791E-005
4.0599999999999357E+000	8.9321998250735390E-005
4.0649999999999356E+000	8.9344256441581393E-005
4.0699999999999354E+000	8.9536361967734734E-005
4.0749999999999353E+000	8.9900800677167325E-005
4.0799999999999352E+000	9.0446192719806362E-005
4.0849999999999351E+000	9.1165740537579865E-005
4.0899999999999350E+000	9.2055031081450522E-005
4.0949999999999349E+000	9.3110655595474157E-005
4.0999999999999348E+000	9.4329878136623080E-005
4.1049999999999347E+000	9.5709702988777678E-005
4.1099999999999346E+000	9.7246936385797511E-005
4.1149999999999345E+000	9.8938309094354082E-005
4.1199999999999344E+000	1.0078048025086161E-004
4.1249999999999343E+000	1.0277003129344209E-004
4.1299999999999342E+000	1.0490347067726447E-004
4.1349999999999341E+000	1.0717723694098069E-004
4.1349999999999341E+000	1.0537635212104490E-004
4.1399999999999340E+000	1.0729144216137243E-004
4.1449999999999338E+000	1.0982928320091290E-004
4.1499999999999337E+000	1.1259388240159041E-004
4.1549999999999336E+000	1.1551855125624400E-004
4.1599999999999335E+000	1.1858057512581510E-004
4.1649999999999334E+000	1.2176459497670322E-004
4.1699999999999333E+000	1.2505863149092633E-004
4.1749999999999332E+000	1.2845358495416903E-004
4.1799999999999331E+000	1.3194279557993127E-004
4.1849999999999330E+000	1.3552134726424470E-004
4.1899999999999329E+000	1.3918540121649059E-004
4.1949999999999328E+000	1.4293170637680319E-004
4.1999999999999327E+000	1.4675726868862426E-004
4.2049999999999326E+000	1.5065912619371957E-004
4.2099999999999325E+000	1.5463420974493047E-004
4.2149999999999324E+000	1.5867927124668668E-004
4.2199999999999322E+000	1.6279086194748160E-004
4.2249999999999321E+000	1.6696534400306717E-004
4.2299999999999320E+000	1.7119892054573427E-004
4.2349999999999319E+000	1.7548767143926725E-004
4.2399999999999318E+000	1.7982759142620708E-004
4.2449999999999317E+000	1.8421461948925355E-004
4.2499999999999316E+000	1.8864466362567001E-004
4.2549999999999315E+000	1.9311361509188885E-004
4.2599999999999314E+000	1.9761736254997331E-004
4.2649999999999313E+000	2.0215180040716874E-004
4.2699999999999312E+000	2.0671283179352073E-004
4.2749999999999311E+000	2.1129637225714148E-004
4.2799999999999310E+000	2.1589835372060051E-004
4.2849999999999309E+000	2.2051472773787495E-004
4.2899999999999308E+000	2.2514146504715171E-004
4.2949999999999307E+000	2.2977455832151605E-004
4.2999999999999305E+000	2.3441002253798970E-004
4.3049999999999304E+000	2.3904390301598966E-004
4.3099999999999303E+000	2.4367227923427492E-004
4.3149999999999302E+000	2.4829125257674889E-004
4.3199999999999301E+000	2.5289695993002681E-004
4.3249999999999300E+000	2.5748557743288103E-004
4.3299999999999299E+000	2.6205332093054423E-004
4.3349999999999298E+000	2.6659644920723480E-004
4.3399999999999297E+000	2.7111126494405724E-004
4.3449999999999296E+000	2.7559412291111585E-004
4.3499999999999295E+000	2.8004142731230530E-004
4.3549999999999294E+000	2.8444963889251440E-004
4.3599999999999293E+000	2.8881527995050504E-004
4.3649999999999292E+000	2.9313493287830283E-004
4.3699999999999291E+000	2.9740523992183299E-004
4.3749999999999289E+000	3.0162283503987197E-004
4.3799999999999288E+000	3.0578456600327542E-004
4.3849999999999287E+000	3.0988728121705833E-004
4.3899999999999286E+000	3.1392772606242403E-004
4.3949999999999285E+000	3.1790307697843190E-004
4.3999999999999284E+000	3.2181035366773969E-004
4.4049999999999283E+000	3.2564668638368488E-004
4.4099999999999282E+000	3.2940931071667734E-004
4.4149999999999281E+000	3.3309553756710741E-004
4.4199999999999280E+000	3.3670275308983477E-004
4.4249999999999279E+000	3.4022842100345230E-004
4.4299999999999278E+000	3.4367008964419909E-004
4.4349999999999277E+000	3.4702539467268423E-004
4.4399999999999276E+000	3.5029205810932496E-004
4.4449999999999275E+000	3.5346787837342575E-004
4.4499999999999273E+000	3.5655074384877139E-004
4.4549999999999272E+000	3.5953863109439155E-004
4.4599999999999271E+000	3.6242960146237735E-004
4.4649999999999270E+000	3.6522180221787437E-004
4.4699999999999269E+000	3.6791347277631559E-004
4.4749999999999268E+000	3.7050293304918824E-004
4.4799999999999267E+000	3.7298861422829788E-004
4.4849999999999266E+000	3.7536902805257455E-004
4.4899999999999265E+000	3.7764279763852215E-004
4.4949999999999264E+000	3.7980866678433145E-004
4.4999999999999263E+000	3.8186547170449003E-004
4.5049999999999262E+000	3.8381210459759174E-004
4.5099999999999261E+000	3.8564751915348694E-004
4.5149999999999260E+000	3.8737073794381516E-004
4.5199999999999259E+000	3.8898089939154445E-004
4.5249999999999257E+000	3.9047724660745686E-004
4.5299999999999256E+000	3.9185912988726201E-004
4.5349999999999255E+000	3.9312593252072148E-004
4.5399999999999254E+000	3.9427718108475673E-004
4.5449999999999253E+000	3.9531255078895100E-004
4.5499999999999252E+000	3.9623182793180334E-004
4.5549999999999251E+000	3.9703491501619226E-004
4.5599999999999250E+000	3.9772169542340308E-004
4.5649999999999249E+000	3.9829211158348699E-004
4.5699999999999248E+000	3.9874598564670904E-004
4.5749999999999247E+000	3.9908391650600450E-004
4.5799999999999246E+000	3.9930604997095998E-004
4.5849999999999245E+000	3.9941261724418808E-004
4.5899999999999244E+000	3.9940404208627101E-004
4.5949999999999243E+000	3.9928086314455769E-004
4.5999999999999241E+000	3.9904377683264158E-004
4.6049999999999240E+000	3.9869341696219252E-004
4.6099999999999239E+000	3.9823047309006654E-004
4.6149999999999238E+000	3.9765575672001674E-004
4.6199999999999237E+000	3.9697016373319016E-004
4.6249999999999236E+000	3.9617468270103373E-004
4.6299999999999235E+000	3.9527039124065411E-004
4.6349999999999234E+000	3.9425844610407879E-004
4.6399999999999233E+000	3.9314007533564066E-004
4.6449999999999232E+000	3.9191658074200220E-004
4.6499999999999231E+000	3.9058933779534399E-004
4.6549999999999230E+000	3.8915978760645231E-004
4.6599999999999229E+000	3.8762944179504544E-004
4.6649999999999228E+000	3.8599987355691923E-004
4.6699999999999227E+000	3.8427272100127752E-004
4.6749999999999226E+000	3.8244968476597307E-004
4.6799999999999224E+000	3.8053252541603300E-004
4.6849999999999223E+000	3.7852306236363376E-004
4.6899999999999222E+000	3.7642317189012786E-004
4.6949999999999221E+000	3.7423478507481178E-004
4.6999999999999220E+000	3.7195988628857535E-004
4.7049999999999219E+000	3.6960051112533421E-004
4.7099999999999218E+000	3.6715874464965381E-004
4.7149999999999217E+000	3.6463671929265473E-004
4.7199999999999216E+000	3.6203661299483159E-004
4.7249999999999215E+000	3.5936064747099650E-004
4.7299999999999214E+000	3.5661108579265743E-004
4.7349999999999213E+000	3.5379023074444405E-004
4.7399999999999212E+000	3.5090042257968079E-004
4.7449999999999211E+000	3.4794403726756684E-004
4.7499999999999210E+000	3.4492348416970131E-004
4.7549999999999208E+000	3.4184120424551878E-004
4.7599999999999207E+000	3.3870022167192815E-004
4.7649999999999206E+000	3.3550246989610955E-004
4.7699999999999205E+000	3.3224988940938616E-004
4.7749999999999204E+000	3.2894560236984560E-004
4.7799999999999203E+000	3.2559222873773663E-004
4.7849999999999202E+000	3.2219234304831090E-004
4.7899999999999201E+000	3.1874853556956850E-004
4.7949999999999200E+000	3.1526341664811497E-004
4.7999999999999199E+000	3.1174018622337485E-004
4.8049999999999198E+000	3.0818090409923116E-004
4.8099999999999197E+000	3.0458762187635102E-004
4.8149999999999196E+000	3.0096359287146157E-004
4.8199999999999195E+000	2.9731153176282277E-004
4.8249999999999194E+000	2.9363409076976765E-004
4.8299999999999192E+000	2.8993392196330348E-004
4.8349999999999191E+000	2.8621368157777383E-004
4.8399999999999190E+000	2.8247602824738038E-004
4.8449999999999189E+000	2.7872361805680868E-004
4.8499999999999188E+000	2.7495969926416564E-004
4.8549999999999187E+000	2.7118570139572640E-004
4.8599999999999186E+000	2.6740482594211912E-004
4.8649999999999185E+000	2.6361974663480225E-004
4.8699999999999184E+000	2.5983305810184376E-004
4.8749999999999183E+000	2.5604733576800598E-004
4.8799999999999182E+000	2.5226513893317204E-004
4.8849999999999181E+000	2.4848900998808432E-004
4.8899999999999180E+000	2.4472147157705848E-004
4.8949999999999179E+000	2.4096502306614198E-004
4.8999999999999178E+000	2.3722277551785353E-004
4.9049999999999176E+000	2.3349588437637792E-004
4.9099999999999175E+000	2.2978738314805014E-004
4.9149999999999174E+000	2.2609971881859536E-004
4.9199999999999173E+000	2.2243523908960228E-004
4.9249999999999172E+000	2.1879625663867586E-004
4.9299999999999171E+000	2.1518505149842326E-004
4.9349999999999170E+000	2.1160387073448916E-004
4.9399999999999169E+000	2.0805492535380665E-004
4.9449999999999168E+000	2.0454038778439099E-004
4.9499999999999167E+000	2.0106306554890097E-004
4.9549999999999166E+000	1.9762367603703979E-004
4.9599999999999165E+000	1.9422492651122170E-004
4.9649999999999164E+000	1.9086887907304728E-004
4.9699999999999163E+000	1.8755748059318123E-004
4.9749999999999162E+000	1.8429263059660528E-004
4.9799999999999160E+000	1.8107618246832047E-004
4.9849999999999159E+000	1.7790994445077146E-004
4.9899999999999158E+000	1.7479638261352903E-004
4.9949999999999157E+000	1.7173577223861258E-004
4.9999999999999156E+000	1.6873046330667663E-004
5.0049999999999155E+000	1.6578212165407891E-004
5.0099999999999154E+000	1.6289228797505828E-004
5.0149999999999153E+000	1.6006244841593187E-004
5.0199999999999152E+000	1.5729403650155405E-004
5.0249999999999151E+000	1.5458843310733883E-004
5.0299999999999150E+000	1.5194696485920645E-004
5.0349999999999149E+000	1.4937164207218245E-004
5.0399999999999148E+000	1.4686216779891126E-004
5.0449999999999147E+000	1.4442042675044675E-004
5.0499999999999146E+000	1.4204757557667591E-004
5.0549999999999145E+000	1.3974463792454372E-004
5.0599999999999143E+000	1.3751275938655994E-004
5.0649999999999142E+000	1.3535263876063297E-004
5.0699999999999141E+000	1.3326518128886633E-004
5.0749999999999140E+000	1.3125119013190911E-004
5.0799999999999139E+000	1.2931137889182764E-004
5.0849999999999138E+000	1.2744640638606697E-004
5.0899999999999137E+000	1.2565688437282674E-004
5.0949999999999136E+000	1.2394335110599286E-004
5.0999999999999135E+000	1.2230629412268712E-004
5.1049999999999134E+000	1.2074613826928982E-004
5.1099999999999133E+000	1.1926324789524045E-004
5.1149999999999132E+000	1.1785792709506637E-004
5.1199999999999131E+000	1.1653041939618802E-004
5.1249999999999130E+000	1.1528090786505629E-004
5.1299999999999129E+000	1.1410951552459636E-004
5.1349999999999127E+000	1.1301630544346963E-004
5.1399999999999126E+000	1.1200128107979879E-004
5.1449999999999125E+000	1.1106438684382880E-004
5.1499999999999124E+000	1.1020550854556888E-004
5.1549999999999123E+000	1.0942447349471252E-004
5.1599999999999122E+000	1.0872105145764976E-004
5.1649999999999121E+000	1.0809495361874255E-004
5.1699999999999120E+000	1.0754582772820598E-004
5.1749999999999119E+000	1.0707327434378300E-004
5.1799999999999118E+000	1.0667771252137470E-004
5.1849999999999117E+000	1.0635771543476835E-004
5.1899999999999116E+000	1.0611182272057817E-004
5.1949999999999115E+000	1.0594036420963349E-004
5.1999999999999114E+000	1.0584272481484192E-004
5.2049999999999113E+000	1.0581685323174383E-004
5.2099999999999111E+000	1.0585941988727754E-004
5.2149999999999110E+000	1.0597300740977644E-004
5.2199999999999109E+000	1.0615834268357105E-004
5.2249999999999108E+000	1.0641708136827077E-004
5.2299999999999107E+000	1.0674829643742001E-004
5.2349999999999106E+000	1.0714919278909107E-004
5.2399999999999105E+000	1.0761767088807161E-004
5.2449999999999104E+000	1.0815262148167193E-004
5.2499999999999103E+000	1.0875254893205621E-004
5.2549999999999102E+000	1.0941653626739267E-004
5.2599999999999101E+000	1.1014240379259022E-004
5.2649999999999100E+000	1.1092910400112288E-004
5.2699999999999099E+000	1.1177560429587174E-004
5.2749999999999098E+000	1.1268046719337121E-004
5.2799999999999097E+000	1.1364232316779521E-004
5.2849999999999095E+000	1.1465980112967955E-004
5.2899999999999094E+000	1.1573146653631738E-004
5.2949999999999093E+000	1.1685588017273929E-004
5.2999999999999092E+000	1.1803154970646546E-004
5.3049999999999091E+000	1.1925695963954652E-004
5.3099999999999090E+000	1.2053056786465177E-004
5.3149999999999089E+000	1.2185080811377702E-004
5.3199999999999088E+000	1.2321501354772835E-004
5.3249999999999087E+000	1.2462164636772854E-004
5.3299999999999086E+000	1.2607023971566989E-004
5.3349999999999085E+000	1.2755924027496590E-004
5.3399999999999084E+000	1.2909405943739571E-004
5.3449999999999083E+000	1.3066585145971032E-004
5.3499999999999082E+000	1.3227151205752463E-004
5.3549999999999081E+000	1.3390975772642477E-004
5.3599999999999079E+000	1.3557913469908200E-004
5.3649999999999078E+000	1.3727803448970732E-004
5.3699999999999077E+000	1.3900478962458607E-004
5.3749999999999076E+000	1.4075769458132825E-004
5.3799999999999075E+000	1.4253501879268882E-004
5.3849999999999074E+000	1.4433500386701326E-004
5.3899999999999073E+000	1.4615590169153592E-004
5.3949999999999072E+000	1.4799596091519263E-004
5.3999999999999071E+000	1.4985341811613040E-004
5.4049999999999070E+000	1.5172651107198121E-004
5.4099999999999069E+000	1.5361349003528701E-004
5.4149999999999068E+000	1.5551259148915975E-004
5.4199999999999067E+000	1.5742205107871499E-004
5.4249999999999066E+000	1.5934011772955614E-004
5.4299999999999065E+000	1.6126504702373978E-004
5.4349999999999064E+000	1.6319510037376972E-004
5.4399999999999062E+000	1.6512850171412907E-004
5.4449999999999061E+000	1.6706357392992643E-004
5.4499999999999060E+000	1.6899861004215921E-004
5.4549999999999059E+000	1.7093193937389728E-004
5.4599999999999058E+000	1.7286188505227784E-004
5.4649999999999057E+000	1.7478677396898235E-004
5.4699999999999056E+000	1.7670497928223838E-004
5.4749999999999055E+000	1.7861485090131524E-004
5.4799999999999054E+000	1.8051476499314489E-004
5.4849999999999053E+000	1.8240312813810888E-004
5.4899999999999052E+000	1.8427836534895548E-004
5.4949999999999051E+000	1.8613892518537511E-004
5.4999999999999050E+000	1.8798328289992838E-004
5.5049999999999049E+000	1.8980993848982664E-004
5.5099999999999048E+000	1.9161737611650409E-004
5.5149999999999046E+000	1.9340418292301820E-004
5.5199999999999045E+000	1.9516895056348460E-004
5.5249999999999044E+000	1.9691028424029255E-004
5.5299999999999043E+000	1.9862686131189022E-004
5.5349999999999042E+000	2.0031731878411563E-004
5.5399999999999041E+000	2.0198034137619558E-004
5.5449999999999040E+000	2.0361465962803749E-004
5.5499999999999039E+000	2.0521903665171592E-004
5.5549999999999038E+000	2.0679226889219748E-004
5.5599999999999037E+000	2.0833318607582640E-004
5.5649999999999036E+000	2.0984065381801642E-004
5.5699999999999035E+000	2.1131344170921551E-004
5.5749999999999034E+000	2.1275059276781860E-004
5.5799999999999033E+000	2.1415110819589245E-004
5.5849999999999032E+000	2.1551400164110390E-004
5.5899999999999030E+000	2.1683832191943253E-004
5.5949999999999029E+000	2.1812321515835009E-004
5.5999999999999028E+000	2.1936776314834816E-004
5.6049999999999027E+000	2.2057110931683610E-004
5.6099999999999026E+000	2.2173245711520906E-004
5.6149999999999025E+000	2.2285103689734242E-004
5.6199999999999024E+000	2.2392612470500950E-004
5.6249999999999023E+000	2.2495712091208375E-004
5.6299999999999022E+000	2.2594326083025251E-004
5.6349999999999021E+000	2.2688396999193117E-004
5.6399999999999020E+000	2.2777873278334582E-004
5.6449999999999019E+000	2.2862704452997207E-004
5.6499999999999018E+000	2.2942834405803580E-004
5.6549999999999017E+000	2.3018226127957675E-004
5.6599999999999016E+000	2.3088841808771576E-004
5.6649999999999014E+000	2.3154630471244886E-004
5.6699999999999013E+000	2.3215586270453059E-004
5.6749999999999012E+000	2.3271672667890542E-004
5.6799999999999011E+000	2.3322862908781161E-004
5.6849999999999010E+000	2.3369138412610013E-004
5.6899999999999009E+000	2.3410484631591899E-004
5.6949999999999008E+000	2.3446889602851684E-004
5.6999999999999007E+000	2.3478344521477013E-004
5.7049999999999006E+000	2.3504844352828513E-004
5.7099999999999005E+000	2.3526386232131102E-004
5.7149999999999004E+000	2.3542978985036100E-004
5.7199999999999003E+000	2.3554638500078440E-004
5.7249999999999002E+000	2.3561381960623962E-004
5.7299999999999001E+000	2.3563223504652342E-004
5.7349999999999000E+000	2.3560176058845528E-004
5.7399999999998998E+000	2.3552241447788447E-004
5.7449999999998997E+000	2.3539445667664083E-004
5.7499999999998996E+000	2.3521816806360007E-004
5.7549999999998995E+000	2.3499383633440729E-004
5.7599999999998994E+000	2.3472182957107179E-004
5.7649999999998993E+000	2.3440256364715140E-004
5.7699999999998992E+000	2.3403660113485714E-004
5.7749999999998991E+000	2.3362415871330811E-004
5.7799999999998990E+000	2.3316605290046866E-004
5.7849999999998989E+000	2.3266267257593398E-004
5.7899999999998988E+000	2.3211447224813497E-004
5.7949999999998987E+000	2.3152225233946666E-004
5.7999999999998986E+000	2.3088663863513048E-004
5.8049999999998985E+000	2.3020829558806355E-004
5.8099999999998984E+000	2.2948792693977538E-004
5.8149999999998983E+000	2.2872626652548078E-004
5.8199999999998981E+000	2.2792407379235158E-004
5.8249999999998980E+000	2.2708213336830596E-004
5.8299999999998979E+000	2.2620125533245883E-004
5.8349999999998978E+000	2.2528227462137451E-004
5.8399999999998977E+000	2.2432604995881178E-004
5.8449999999998976E+000	2.2333346279346245E-004
5.8499999999998975E+000	2.2230541645740232E-004
5.8549999999998974E+000	2.2124283520241761E-004
5.8599999999998973E+000	2.2014666334913002E-004
5.8649999999998972E+000	2.1901786443878635E-004
5.8699999999998971E+000	2.1785742016078302E-004
5.8749999999998970E+000	2.1666632957506593E-004
5.8799999999998969E+000	2.1544560804276358E-004
5.8849999999998968E+000	2.1419628639041122E-004
5.8899999999998967E+000	2.1291940990542102E-004
5.8949999999998965E+000	2.1161603743502511E-004
5.8999999999998964E+000	2.1028724039107161E-004
5.9049999999998963E+000	2.0893410179301242E-004
5.9099999999998962E+000	2.0755771546276947E-004
5.9149999999998961E+000	2.0615918486255325E-004
5.9199999999998960E+000	2.0473962221778663E-004
5.9249999999998959E+000	2.0330014762315329E-004
5.9299999999998958E+000	2.0184188803717973E-004
5.9349999999998957E+000	2.0036597639716547E-004
5.9399999999998956E+000	1.9887355066749990E-004
5.9449999999998955E+000	1.9736575273432422E-004
5.9499999999998954E+000	1.9584372770076186E-004
5.9549999999998953E+000	1.9430862285441108E-004
5.9599999999998952E+000	1.9276158679470967E-004
5.9649999999998951E+000	1.9120376845327414E-004
5.9699999999998949E+000	1.8963631621460308E-004
5.9749999999998948E+000	1.8806037702745471E-004
5.9799999999998947E+000	1.8647709553176739E-004
5.9849999999998946E+000	1.8488761315005320E-004
5.9899999999998945E+000	1.8329306724096384E-004
5.9949999999998944E+000	1.8169459026218249E-004
5.9999999999998943E+000	1.8009330880275343E-004
6.0049999999998942E+000	1.7849034289474375E-004
6.0099999999998941E+000	1.7688680514860167E-004
6.0149999999998940E+000	1.7528379996445409E-004
6.0199999999998939E+000	1.7368242265680678E-004
6.0249999999998938E+000	1.7208375867117098E-004
6.0299999999998937E+000	1.7048888300408294E-004
6.0349999999998936E+000	1.6889885923498937E-004
6.0399999999998935E+000	1.6731473896847149E-004
6.0449999999998933E+000	1.6573756084881097E-004
6.0499999999998932E+000	1.6416835013899345E-004
6.0549999999998931E+000	1.6260811793333829E-004
6.0599999999998930E+000	1.6105786049003257E-004
6.0649999999998929E+000	1.5951855854057229E-004
6.0699999999998928E+000	1.5799117666359663E-004

 
