Grouping:surfaceEnergy J686
# x 	 y
0.0000000000000000E+000	4.8328993997447167E-002
5.0000000000000001E-003	4.8330033090538738E-002
1.0000000000000000E-002	4.8313176153290449E-002
1.4999999999999999E-002	4.8281134719595276E-002
2.0000000000000000E-002	4.8233765158926634E-002
2.5000000000000001E-002	4.8171059484451551E-002
3.0000000000000002E-002	4.8093180543734348E-002
3.5000000000000003E-002	4.8000334470424288E-002
4.0000000000000001E-002	4.7892745536541881E-002
4.4999999999999998E-002	4.7770649820904065E-002
4.9999999999999996E-002	4.7634292874356721E-002
5.4999999999999993E-002	4.7483927615795896E-002
5.9999999999999991E-002	4.7319812191558341E-002
6.4999999999999988E-002	4.7142208624197490E-002
6.9999999999999993E-002	4.6953759162074338E-002
7.4999999999999997E-002	4.6748969862823397E-002
8.0000000000000002E-002	4.6532255923736887E-002
8.5000000000000006E-002	4.6303378361992387E-002
9.0000000000000011E-002	4.6062395769781439E-002
9.5000000000000015E-002	4.5809546782173971E-002
1.0000000000000002E-001	4.5545100652384374E-002
1.0500000000000002E-001	4.5269330298414623E-002
1.1000000000000003E-001	4.4982507383405590E-002
1.1500000000000003E-001	4.4684901966751234E-002
1.2000000000000004E-001	4.4376782290656003E-002
1.2500000000000003E-001	4.4058414530792955E-002
1.3000000000000003E-001	4.3730209738609638E-002
1.3500000000000004E-001	4.3392282035656926E-002
1.4000000000000004E-001	4.3044737337340155E-002
1.4500000000000005E-001	4.2687978734659016E-002
1.5000000000000005E-001	4.2322266434128064E-002
1.5500000000000005E-001	4.1947858602993993E-002
1.6000000000000006E-001	4.1565002272693885E-002
1.6500000000000006E-001	4.1173946547852669E-002
1.7000000000000007E-001	4.0774940321260722E-002
1.7500000000000007E-001	4.0367974850377131E-002
1.8000000000000008E-001	3.9953539684399964E-002
1.8500000000000008E-001	3.9531879241752055E-002
1.9000000000000009E-001	3.9103230488684471E-002
1.9500000000000009E-001	3.8672138073939433E-002
2.0000000000000009E-001	3.8228516348895347E-002
2.0500000000000010E-001	3.7779720261729377E-002
2.1000000000000010E-001	3.7325296325253721E-002
2.1500000000000011E-001	3.6865154291347846E-002
2.2000000000000011E-001	3.6399454229208761E-002
2.2500000000000012E-001	3.5928409242036885E-002
2.3000000000000012E-001	3.5452244882334227E-002
2.3500000000000013E-001	3.4973784131870023E-002
2.4000000000000013E-001	3.4486647612849808E-002
2.4500000000000013E-001	3.3996195229591297E-002
2.5000000000000011E-001	3.3501919398740032E-002
2.5500000000000012E-001	3.3003699097390538E-002
2.6000000000000012E-001	3.2501692587506792E-002
2.6500000000000012E-001	3.1996343573340802E-002
2.7000000000000013E-001	3.1487651820502727E-002
2.7500000000000013E-001	3.0975847239347321E-002
2.8000000000000014E-001	3.0461158632989704E-002
2.8500000000000014E-001	2.9943811743427862E-002
2.9000000000000015E-001	2.9424033327783317E-002
2.9500000000000015E-001	2.8903626230022628E-002
3.0000000000000016E-001	2.8378078792430372E-002
3.0500000000000016E-001	2.7851935159366459E-002
3.1000000000000016E-001	2.7328062142555343E-002
3.1500000000000017E-001	2.6797571137338050E-002
3.2000000000000017E-001	2.6267463295580384E-002
3.2500000000000018E-001	2.5742379456725306E-002
3.3000000000000018E-001	2.5207616827119139E-002
3.3500000000000019E-001	2.4675177438715945E-002
3.4000000000000019E-001	2.4143361363050619E-002
3.4500000000000020E-001	2.3611798499977077E-002
3.5000000000000020E-001	2.3080574596531456E-002
3.5500000000000020E-001	2.2549885665119618E-002
3.6000000000000021E-001	2.2019956959618447E-002
3.6500000000000021E-001	2.1491288442183620E-002
3.7000000000000022E-001	2.0963856140487458E-002
3.7500000000000022E-001	2.0437895505283965E-002
3.8000000000000023E-001	1.9913640899646534E-002
3.8500000000000023E-001	1.9390874090836618E-002
3.9000000000000024E-001	1.8870509997616747E-002
3.9500000000000024E-001	1.8358170538512297E-002
4.0000000000000024E-001	1.7836948213084014E-002
4.0500000000000025E-001	1.7330499142012457E-002
4.1000000000000025E-001	1.6815094404845965E-002
4.1500000000000026E-001	1.6307618038956306E-002
4.2000000000000026E-001	1.5814231137249557E-002
4.2500000000000027E-001	1.5316933958878121E-002
4.3000000000000027E-001	1.4814967955254055E-002
4.3500000000000028E-001	1.4331578498524067E-002
4.4000000000000028E-001	1.3838030161356762E-002
4.4500000000000028E-001	1.3354804114034113E-002
4.5000000000000029E-001	1.2878120774900914E-002
4.5500000000000029E-001	1.2407189986388012E-002
4.6000000000000030E-001	1.1942334749194039E-002
4.6500000000000030E-001	1.1483378338597028E-002
4.7000000000000031E-001	1.1030646969409919E-002
4.7500000000000031E-001	1.0596561425726403E-002
4.8000000000000032E-001	1.0147985704188844E-002
4.8500000000000032E-001	9.7128276468625430E-003
4.9000000000000032E-001	9.2962064700254921E-003
4.9500000000000033E-001	8.8688983787870157E-003
5.0000000000000033E-001	8.4556338542340903E-003
5.0500000000000034E-001	8.0518647788290210E-003
5.1000000000000034E-001	7.6567011863613033E-003
5.1500000000000035E-001	7.2824170276244438E-003
5.2000000000000035E-001	6.8952040776690815E-003
5.2500000000000036E-001	6.5234861007779088E-003
5.3000000000000036E-001	6.1612019656176464E-003
5.3500000000000036E-001	5.8192058934460889E-003
5.4000000000000037E-001	5.4703893727450215E-003
5.4500000000000037E-001	5.1375662863089033E-003
5.5000000000000038E-001	4.8150942140510189E-003
5.5500000000000038E-001	4.5115784421749794E-003
5.6000000000000039E-001	4.2004164661544330E-003
5.6500000000000039E-001	3.9062244545280400E-003
5.7000000000000040E-001	3.6237489645887244E-003
5.7500000000000040E-001	3.3520459490947729E-003
5.8000000000000040E-001	3.0910265167545248E-003
5.8500000000000041E-001	2.8523850077091240E-003
5.9000000000000041E-001	2.6018253536421732E-003
5.9500000000000042E-001	2.3829607641112638E-003
6.0000000000000042E-001	2.1547049611343461E-003
6.0500000000000043E-001	1.9467470963161482E-003
6.1000000000000043E-001	1.7521778472908700E-003
6.1500000000000044E-001	1.5695699595190682E-003
6.2000000000000044E-001	1.3983782103039744E-003
6.2500000000000044E-001	1.2388686773348034E-003
6.3000000000000045E-001	1.0910158461681085E-003
6.3500000000000045E-001	9.5482300958593669E-004
6.4000000000000046E-001	8.3031937507671572E-004
6.4500000000000046E-001	7.1749485740113528E-004
6.5000000000000047E-001	6.1634794643206092E-004
6.5500000000000047E-001	5.2686643808863565E-004
6.6000000000000048E-001	4.4902725162954127E-004
6.6500000000000048E-001	3.8279632428261934E-004
6.7000000000000048E-001	3.2812877128263196E-004
6.7500000000000049E-001	2.8496915742826090E-004
6.8000000000000049E-001	2.5325167818035510E-004
6.8500000000000050E-001	2.3290045310764285E-004
6.9000000000000050E-001	2.2375486094228236E-004
6.9500000000000051E-001	2.2578099593006939E-004
7.0000000000000051E-001	2.3883256338175229E-004
7.0500000000000052E-001	2.6285336344944454E-004
7.1000000000000052E-001	2.9772366718949783E-004
7.1500000000000052E-001	3.4331504357432152E-004
7.2000000000000053E-001	3.9948993459670845E-004
7.2500000000000053E-001	4.6610322797890902E-004
7.3000000000000054E-001	5.4300225890901999E-004
7.3500000000000054E-001	6.4119717230326501E-004
7.4000000000000055E-001	7.3119589672554497E-004
7.4500000000000055E-001	8.3625942973641898E-004
7.5000000000000056E-001	9.5213276533545610E-004
7.5500000000000056E-001	1.0778312497627951E-003
7.6000000000000056E-001	1.2284361461261106E-003
7.6500000000000057E-001	1.3654880919293788E-003
7.7000000000000057E-001	1.5316203574022857E-003
7.7500000000000058E-001	1.6868582976652391E-003
7.8000000000000058E-001	1.8537093504464863E-003
7.8500000000000059E-001	2.0301280298551383E-003
7.9000000000000059E-001	2.2150611872349124E-003
7.9500000000000060E-001	2.4079763265185683E-003
8.0000000000000060E-001	2.6084975953186706E-003
8.0500000000000060E-001	2.8163001881007510E-003
8.1000000000000061E-001	3.0310780643167945E-003
8.1500000000000061E-001	3.2525336613740130E-003
8.2000000000000062E-001	3.4803763628992179E-003
8.2500000000000062E-001	3.7143150325427143E-003
8.3000000000000063E-001	3.9540610163002476E-003
8.3500000000000063E-001	4.1993726307212320E-003
8.4000000000000064E-001	4.4499213346194111E-003
8.4500000000000064E-001	4.7054197238547424E-003
8.5000000000000064E-001	4.9655843319338366E-003
8.5500000000000065E-001	5.2538029233590855E-003
8.6000000000000065E-001	5.5161250993198685E-003
8.6500000000000066E-001	5.7861461990307284E-003
8.7000000000000066E-001	6.0609561200783979E-003
8.7500000000000067E-001	6.3393690960671378E-003
8.8000000000000067E-001	6.6213428198005353E-003
8.8500000000000068E-001	6.9059455400202197E-003
8.9000000000000068E-001	7.1928427230534275E-003
8.9500000000000068E-001	7.4817143272136732E-003
9.0000000000000069E-001	7.7722480284592166E-003
9.0500000000000069E-001	8.0641371900966874E-003
9.1000000000000070E-001	8.3570790378448834E-003
9.1500000000000070E-001	8.6508235947730938E-003
9.2000000000000071E-001	8.9450247449631703E-003
9.2500000000000071E-001	9.2393859791006783E-003
9.3000000000000071E-001	9.5335932559375003E-003
9.3500000000000072E-001	9.8273714648082766E-003
9.4000000000000072E-001	1.0120438928623798E-002
9.4500000000000073E-001	1.0412508942957643E-002
9.5000000000000073E-001	1.0703298587451116E-002
9.5500000000000074E-001	1.0992528789184774E-002
9.6000000000000074E-001	1.1279923147218263E-002
9.6500000000000075E-001	1.1565207845011471E-002
9.7000000000000075E-001	1.1848112000382827E-002
9.7500000000000075E-001	1.2128367655797057E-002
9.8000000000000076E-001	1.2405710059719688E-002
9.8500000000000076E-001	1.2679877889570257E-002
9.9000000000000077E-001	1.2950613521903520E-002
9.9500000000000077E-001	1.3217663110431488E-002
1.0000000000000007E+000	1.3480776445515374E-002
1.0050000000000006E+000	1.3739707523190869E-002
1.0100000000000005E+000	1.3994215870419602E-002
1.0150000000000003E+000	1.4244066046507520E-002
1.0200000000000002E+000	1.4489027841725122E-002
1.0250000000000001E+000	1.4728876721339823E-002
1.0300000000000000E+000	1.4994231498516974E-002
1.0349999999999999E+000	1.5213129199462383E-002
1.0399999999999998E+000	1.5431215182463820E-002
1.0449999999999997E+000	1.5645202727751606E-002
1.0499999999999996E+000	1.5874006115787598E-002
1.0549999999999995E+000	1.6069397372484140E-002
1.0599999999999994E+000	1.6262660778525007E-002
1.0649999999999993E+000	1.6451206052057632E-002
1.0699999999999992E+000	1.6633645676606967E-002
1.0749999999999991E+000	1.6809449582918745E-002
1.0799999999999990E+000	1.6978332380205075E-002
1.0849999999999989E+000	1.7140092880115088E-002
1.0899999999999987E+000	1.7294564588400618E-002
1.0949999999999986E+000	1.7441600179964656E-002
1.0999999999999985E+000	1.7581124158620121E-002
1.1049999999999984E+000	1.7712957870132051E-002
1.1099999999999983E+000	1.7836983711706278E-002
1.1149999999999982E+000	1.7953101321894760E-002
1.1199999999999981E+000	1.8061220884260099E-002
1.1249999999999980E+000	1.8161261900362380E-002
1.1299999999999979E+000	1.8253152979825771E-002
1.1349999999999978E+000	1.8336833287369458E-002
1.1399999999999977E+000	1.8412249526608360E-002
1.1449999999999976E+000	1.8479290442595442E-002
1.1499999999999975E+000	1.8537993943899433E-002
1.1549999999999974E+000	1.8588342301345762E-002
1.1599999999999973E+000	1.8630319393820205E-002
1.1649999999999971E+000	1.8663918402742397E-002
1.1699999999999970E+000	1.8689139704886948E-002
1.1749999999999969E+000	1.8705990986661369E-002
1.1799999999999968E+000	1.8714485994928420E-002
1.1849999999999967E+000	1.8714649767091363E-002
1.1899999999999966E+000	1.8706523637737504E-002
1.1949999999999965E+000	1.8690154654091629E-002
1.1999999999999964E+000	1.8665596479868540E-002
1.2049999999999963E+000	1.8632908933466918E-002
1.2099999999999962E+000	1.8592160799653534E-002
1.2149999999999961E+000	1.8543428978170517E-002
1.2199999999999960E+000	1.8486794726530587E-002
1.2249999999999959E+000	1.8422345746319291E-002
1.2299999999999958E+000	1.8350129010868965E-002
1.2349999999999957E+000	1.8270293242670821E-002
1.2399999999999956E+000	1.8182942169473026E-002
1.2449999999999954E+000	1.8088190362583134E-002
1.2499999999999953E+000	1.7986158799682794E-002
1.2549999999999952E+000	1.7876974858907158E-002
1.2599999999999951E+000	1.7760770568609807E-002
1.2649999999999950E+000	1.7637684813753385E-002
1.2699999999999949E+000	1.7507861963222293E-002
1.2749999999999948E+000	1.7371450039833203E-002
1.2799999999999947E+000	1.7228603133161435E-002
1.2849999999999946E+000	1.7079444700951463E-002
1.2899999999999945E+000	1.6924135657122807E-002
1.2949999999999944E+000	1.6762881582732092E-002
1.2999999999999943E+000	1.6595855381306368E-002
1.3049999999999942E+000	1.6423229458516708E-002
1.3099999999999941E+000	1.6245224426888250E-002
1.3149999999999940E+000	1.6061981703799244E-002
1.3199999999999938E+000	1.5873685251870384E-002
1.3249999999999937E+000	1.5694522629247754E-002
1.3299999999999936E+000	1.5493144905406542E-002
1.3349999999999935E+000	1.5288381174476839E-002
1.3399999999999934E+000	1.5080059680281810E-002
1.3449999999999933E+000	1.4883406683105171E-002
1.3499999999999932E+000	1.4663231736077975E-002
1.3549999999999931E+000	1.4441695982823077E-002
1.3599999999999930E+000	1.4217640537308007E-002
1.3649999999999929E+000	1.3990764616909956E-002
1.3699999999999928E+000	1.3761091879807452E-002
1.3749999999999927E+000	1.3528746697645477E-002
1.3799999999999926E+000	1.3293885920068416E-002
1.3849999999999925E+000	1.3056680944925958E-002
1.3899999999999924E+000	1.2817310907813795E-002
1.3949999999999922E+000	1.2575959781920609E-002
1.3999999999999921E+000	1.2332815357009697E-002
1.4049999999999920E+000	1.2088068203749192E-002
1.4099999999999919E+000	1.1841910896384533E-002
1.4149999999999918E+000	1.1594537282221040E-002
1.4199999999999917E+000	1.1346141804676968E-002
1.4249999999999916E+000	1.1096918979296433E-002
1.4299999999999915E+000	1.0847062728942092E-002
1.4349999999999914E+000	1.0596766066133245E-002
1.4399999999999913E+000	1.0346220754213320E-002
1.4449999999999912E+000	1.0095616932379148E-002
1.4499999999999911E+000	9.8451429856241113E-003
1.4549999999999910E+000	9.5949852915540035E-003
1.4599999999999909E+000	9.3453278960864417E-003
1.4649999999999908E+000	9.0963525452387728E-003
1.4699999999999906E+000	8.8482384477663878E-003
1.4749999999999905E+000	8.6011621630728285E-003
1.4799999999999904E+000	8.3552975026628395E-003
1.4849999999999903E+000	8.1108152886839591E-003
1.4899999999999902E+000	7.8678582857563129E-003
1.4949999999999901E+000	7.6266202809738282E-003
1.4999999999999900E+000	7.3872606376355066E-003
1.5049999999999899E+000	7.1499370074188384E-003
1.5099999999999898E+000	6.9148040227489105E-003
1.5149999999999897E+000	6.6820128128628475E-003
1.5199999999999896E+000	6.4517108860395744E-003
1.5249999999999895E+000	6.2240417705323736E-003
1.5299999999999894E+000	5.9994850828006818E-003
1.5349999999999893E+000	5.7778297320254524E-003
1.5399999999999892E+000	5.5592134538091642E-003
1.5449999999999890E+000	5.3437991149278830E-003
1.5499999999999889E+000	5.1316770205169782E-003
1.5549999999999888E+000	4.9229658693521472E-003
1.5599999999999887E+000	4.7177810436660472E-003
1.5649999999999886E+000	4.5097456226779187E-003
1.5699999999999885E+000	4.3094739123623604E-003
1.5749999999999884E+000	4.1158592941128447E-003
1.5799999999999883E+000	3.9264429008558643E-003
1.5849999999999882E+000	3.7408451204661297E-003
1.5899999999999881E+000	3.5591783334090188E-003
1.5949999999999880E+000	3.3816181575425652E-003
1.5999999999999879E+000	3.2083307617267742E-003
1.6049999999999878E+000	3.0393755498439035E-003
1.6099999999999877E+000	2.8748422453239719E-003
1.6149999999999876E+000	2.7148403464156701E-003
1.6199999999999875E+000	2.5594158344670603E-003
1.6249999999999873E+000	2.4086219959502664E-003
1.6299999999999872E+000	2.2625131469879989E-003
1.6349999999999871E+000	2.1211377237286833E-003
1.6399999999999870E+000	1.9845390443431477E-003
1.6449999999999869E+000	1.8527560027385981E-003
1.6499999999999868E+000	1.7258229745040765E-003
1.6549999999999867E+000	1.6037697200563805E-003
1.6599999999999866E+000	1.4866213407920270E-003
1.6649999999999865E+000	1.3743982839544699E-003
1.6699999999999864E+000	1.2671165157280839E-003
1.6749999999999863E+000	1.1538361922847074E-003
1.6799999999999862E+000	1.0562200380994646E-003
1.6849999999999861E+000	9.6322126910353134E-004
1.6899999999999860E+000	8.8538440097796212E-004
1.6949999999999859E+000	8.0335156747457503E-004
1.6999999999999857E+000	7.2757639182929879E-004
1.7049999999999856E+000	6.5606076897273269E-004
1.7099999999999855E+000	5.8876393578666253E-004
1.7149999999999854E+000	5.2587569165574166E-004
1.7199999999999853E+000	4.5380916433490626E-004
1.7249999999999852E+000	4.0138759471286534E-004
1.7299999999999851E+000	3.5506397795259659E-004
1.7349999999999850E+000	3.1287401252733105E-004
1.7399999999999849E+000	2.7472311494314283E-004
1.7449999999999848E+000	2.4077328422267286E-004
1.7499999999999847E+000	2.1114130358146355E-004
1.7549999999999846E+000	1.8587017825133501E-004
1.7599999999999845E+000	1.6498855372670818E-004
1.7649999999999844E+000	1.4848784021515016E-004
1.7699999999999843E+000	1.3633803596002636E-004
1.7749999999999841E+000	1.2849870830722310E-004
1.7799999999999840E+000	1.2492064979952033E-004
1.7849999999999839E+000	1.2557660428935691E-004
1.7899999999999838E+000	1.3029715410795006E-004
1.7949999999999837E+000	1.3912257380344073E-004
1.7999999999999836E+000	1.5197686015211431E-004
1.8049999999999835E+000	1.6878062801195526E-004
1.8099999999999834E+000	1.8945750368581926E-004
1.8149999999999833E+000	2.1393450420026383E-004
1.8199999999999832E+000	2.4212757548847108E-004
1.8249999999999831E+000	2.7395602212854087E-004
1.8299999999999830E+000	3.0933705059066341E-004
1.8349999999999829E+000	3.4818597432018095E-004
1.8399999999999828E+000	3.9041686006635601E-004
1.8449999999999827E+000	4.3594264905211233E-004
1.8499999999999825E+000	4.8467508292926453E-004
1.8549999999999824E+000	5.3652481888422088E-004
1.8599999999999823E+000	5.9140149590808377E-004
1.8649999999999822E+000	6.4921389498096005E-004
1.8699999999999821E+000	7.0987028541580344E-004
1.8749999999999820E+000	7.7327941885929619E-004
1.8799999999999819E+000	8.3935527289025202E-004
1.8799999999999819E+000	8.2923567496884232E-004
1.8849999999999818E+000	8.9977477659042293E-004
1.8899999999999817E+000	9.7224462878831019E-004
1.8949999999999816E+000	1.0472968105603719E-003
1.8999999999999815E+000	1.1290927429827846E-003
1.9049999999999814E+000	1.2116122388157180E-003
1.9099999999999813E+000	1.2818077083327495E-003
1.9149999999999812E+000	1.3641058049094212E-003
1.9199999999999811E+000	1.4482863470850482E-003
1.9249999999999809E+000	1.5342181799518073E-003
1.9299999999999808E+000	1.6218195843995531E-003
1.9349999999999807E+000	1.7110047796999872E-003
1.9399999999999806E+000	1.8016847331701058E-003
1.9449999999999805E+000	1.8938025482535537E-003
1.9499999999999804E+000	1.9872347965286252E-003
1.9549999999999803E+000	2.0737712832685773E-003
1.9599999999999802E+000	2.1727510440996411E-003
1.9649999999999801E+000	2.2708493474046243E-003
1.9699999999999800E+000	2.3695922156758975E-003
1.9749999999999799E+000	2.4689844574043995E-003
1.9799999999999798E+000	2.5689826380852487E-003
1.9849999999999797E+000	2.6609106940660432E-003
1.9899999999999796E+000	2.7642145606456836E-003
1.9949999999999795E+000	2.8580182090141015E-003
1.9999999999999793E+000	2.9610792522687390E-003
2.0049999999999795E+000	3.0638349683691501E-003
2.0099999999999794E+000	3.1667166078102049E-003
2.0149999999999793E+000	3.2696200426634014E-003
2.0199999999999791E+000	3.3724766122640304E-003
2.0249999999999790E+000	3.4752190628188906E-003
2.0299999999999789E+000	3.5777804117596013E-003
2.0349999999999788E+000	3.6800923735196278E-003
2.0399999999999787E+000	3.7820850224199454E-003
2.0449999999999786E+000	3.8836871903429326E-003
2.0499999999999785E+000	3.9848268935749331E-003
2.0549999999999784E+000	4.0854316293850168E-003
2.0599999999999783E+000	4.1854290207536948E-003
2.0649999999999782E+000	4.2847467509705695E-003
2.0699999999999781E+000	4.3833128869130711E-003
2.0749999999999780E+000	4.4810561747050670E-003
2.0799999999999779E+000	4.5779062727557829E-003
2.0849999999999778E+000	4.6737939028966835E-003
2.0899999999999777E+000	4.7686509129554189E-003
2.0949999999999775E+000	4.8624105406829266E-003
2.0999999999999774E+000	4.9550075229420898E-003
2.1049999999999773E+000	5.0463781220617676E-003
2.1099999999999772E+000	5.1364600219132583E-003
2.1149999999999771E+000	5.2251923305561832E-003
2.1199999999999770E+000	5.3125158229776481E-003
2.1249999999999769E+000	5.3983725990756071E-003
2.1299999999999768E+000	5.4827064108393664E-003
2.1349999999999767E+000	5.5654624696632737E-003
2.1399999999999766E+000	5.6464691192732452E-003
2.1449999999999765E+000	5.7257932954111190E-003
2.1499999999999764E+000	5.8033860978894403E-003
2.1549999999999763E+000	5.8791996624192322E-003
2.1599999999999762E+000	5.9531874911109561E-003
2.1649999999999761E+000	6.0286156271160962E-003
2.1699999999999759E+000	6.0964964468634975E-003
2.1749999999999758E+000	6.1629244816150397E-003
2.1799999999999757E+000	6.2293158011743621E-003
2.1849999999999756E+000	6.2927126376344233E-003
2.1899999999999755E+000	6.3531729019601357E-003
2.1949999999999754E+000	6.4122713245629015E-003
2.1999999999999753E+000	6.4696947608071653E-003
2.2049999999999752E+000	6.5252155116684030E-003
2.2099999999999751E+000	6.5786888118717357E-003
2.2149999999999750E+000	6.6300213735228652E-003
2.2199999999999749E+000	6.6791484482489061E-003
2.2249999999999748E+000	6.7260207156145668E-003
2.2299999999999747E+000	6.7706015042023893E-003
2.2349999999999746E+000	6.8180025091137963E-003
2.2399999999999745E+000	6.8551566827239618E-003
2.2449999999999743E+000	6.8906835376867370E-003
2.2499999999999742E+000	6.9247099862974615E-003
2.2549999999999741E+000	6.9568410736073893E-003
2.2599999999999740E+000	6.9868450657075698E-003
2.2649999999999739E+000	7.0145791632096888E-003
2.2699999999999738E+000	7.0399601164838899E-003
2.2749999999999737E+000	7.0629405342570450E-003
2.2799999999999736E+000	7.0834917353019833E-003
2.2849999999999735E+000	7.1015991461278460E-003
2.2899999999999734E+000	7.1172514549315835E-003
2.2949999999999733E+000	7.1304471204274300E-003
2.2999999999999732E+000	7.1411868225732533E-003
2.3049999999999731E+000	7.1494716970170735E-003
2.3099999999999730E+000	7.1553053186699245E-003
2.3149999999999729E+000	7.1586941373040780E-003
2.3199999999999728E+000	7.1596464527918791E-003
2.3249999999999726E+000	7.1581721167333079E-003
2.3299999999999725E+000	7.1542820244880900E-003
2.3349999999999724E+000	7.1479865936696640E-003
2.3399999999999723E+000	7.1392981924502941E-003
2.3449999999999722E+000	7.1282310776394908E-003
2.3499999999999721E+000	7.1148015618773819E-003
2.3549999999999720E+000	7.0990272604674054E-003
2.3599999999999719E+000	7.0809272321503691E-003
2.3649999999999718E+000	7.0605197866262515E-003
2.3699999999999717E+000	7.0378339120877875E-003
2.3749999999999716E+000	7.0128869176930841E-003
2.3799999999999715E+000	6.9857058658682192E-003
2.3849999999999714E+000	6.9563160930474766E-003
2.3899999999999713E+000	6.9247447760987235E-003
2.3949999999999712E+000	6.8910204909715667E-003
2.3999999999999710E+000	6.8551731336898847E-003
2.4049999999999709E+000	6.8172337633547464E-003
2.4099999999999708E+000	6.7836075238569826E-003
2.4149999999999707E+000	6.7393353502955833E-003
2.4199999999999706E+000	6.6932021239862749E-003
2.4249999999999705E+000	6.6460812914490575E-003
2.4299999999999704E+000	6.5976299829872964E-003
2.4349999999999703E+000	6.5476390981662469E-003
2.4399999999999702E+000	6.4959907418939977E-003
2.4449999999999701E+000	6.4426394630601180E-003
2.4499999999999700E+000	6.4080946895042068E-003
2.4549999999999699E+000	6.3308259059891014E-003
2.4599999999999698E+000	6.2723955506376328E-003
2.4649999999999697E+000	6.2123236719635599E-003
2.4699999999999696E+000	6.1506504434976073E-003
2.4749999999999694E+000	6.0874207164269833E-003
2.4799999999999693E+000	6.0258372382651082E-003
2.4849999999999692E+000	5.9580526560516489E-003
2.4899999999999691E+000	5.8890921583407696E-003
2.4949999999999690E+000	5.8194338049237793E-003
2.4999999999999689E+000	5.7488057219070576E-003
2.5049999999999688E+000	5.6770860684505209E-003
2.5099999999999687E+000	5.6042283845036955E-003
2.5149999999999686E+000	5.5353473600670000E-003
2.5199999999999685E+000	5.4567451396785316E-003
2.5249999999999684E+000	5.3792960705640880E-003
2.5299999999999683E+000	5.3016196548409944E-003
2.5349999999999682E+000	5.2232637395097647E-003
2.5399999999999681E+000	5.1441098844104971E-003
2.5449999999999680E+000	5.0641345196198451E-003
2.5499999999999678E+000	4.9833580538041211E-003
2.5549999999999677E+000	4.9018211211566687E-003
2.5599999999999676E+000	4.8195728906588187E-003
2.5649999999999675E+000	4.7366674789182106E-003
2.5699999999999674E+000	4.6531590814038459E-003
2.5749999999999673E+000	4.5691045375346739E-003
2.5799999999999672E+000	4.4845597390779091E-003
2.5849999999999671E+000	4.3995800493550341E-003
2.5899999999999670E+000	4.3142205689732371E-003
2.5949999999999669E+000	4.2285361188967308E-003
2.5999999999999668E+000	4.1425812506163950E-003
2.6049999999999667E+000	4.0564102837796767E-003
2.6099999999999666E+000	3.9700773428830161E-003
2.6149999999999665E+000	3.8836363696095333E-003
2.6199999999999664E+000	3.7971411169790414E-003
2.6249999999999662E+000	3.7106451257948869E-003
2.6299999999999661E+000	3.6242016991012704E-003
2.6349999999999660E+000	3.5378638866152556E-003
2.6399999999999659E+000	3.4516843697325328E-003
2.6449999999999658E+000	3.3657154392670030E-003
2.6499999999999657E+000	3.2800089677280653E-003
2.6549999999999656E+000	3.1946163748197698E-003
2.6599999999999655E+000	3.1095885923031474E-003
2.6649999999999654E+000	3.0249760551868121E-003
2.6699999999999653E+000	2.9408288189674003E-003
2.6749999999999652E+000	2.8571961800456513E-003
2.6799999999999651E+000	2.7741268269312336E-003
2.6849999999999650E+000	2.6916688171385594E-003
2.6899999999999649E+000	2.6098695448091291E-003
2.6949999999999648E+000	2.5287757369820696E-003
2.6999999999999647E+000	2.4486333100810498E-003
2.7049999999999645E+000	2.3700221719793468E-003
2.7099999999999644E+000	2.2939612176440249E-003
2.7149999999999643E+000	2.2133129435686349E-003
2.7199999999999642E+000	2.1365069914538459E-003
2.7249999999999641E+000	2.0612464583336099E-003
2.7299999999999640E+000	1.9889285308618554E-003
2.7349999999999639E+000	1.9127562320711000E-003
2.7399999999999638E+000	1.8399530153287991E-003
2.7449999999999637E+000	1.7688932608423968E-003
2.7499999999999636E+000	1.6990987543081815E-003
2.7549999999999635E+000	1.6305347880383181E-003
2.7599999999999634E+000	1.5631934212323451E-003
2.7649999999999633E+000	1.4971014995759369E-003
2.7699999999999632E+000	1.4323322725435794E-003
2.7749999999999631E+000	1.3688837615113414E-003
2.7799999999999629E+000	1.3067827335144777E-003
2.7849999999999628E+000	1.2460896776658181E-003
2.7899999999999627E+000	1.1867209746929674E-003
2.7949999999999626E+000	1.1287957199370702E-003
2.7999999999999625E+000	1.0723450977438986E-003
2.8049999999999624E+000	1.0173880638522093E-003
2.8099999999999623E+000	9.6395338661858787E-004
2.8149999999999622E+000	9.1206421071809984E-004
2.8199999999999621E+000	8.6174192921850690E-004
2.8249999999999620E+000	8.1300844153320284E-004
2.8299999999999619E+000	7.6588434485636014E-004
2.8349999999999618E+000	7.2038887491077119E-004
2.8399999999999617E+000	6.7653991945171299E-004
2.8449999999999616E+000	6.3435401995270979E-004
2.8499999999999615E+000	5.9384636086257103E-004
2.8549999999999613E+000	5.5503076040031019E-004
2.8599999999999612E+000	5.1791966654990418E-004
2.8649999999999611E+000	4.8252415816829597E-004
2.8699999999999610E+000	4.4885394137006429E-004
2.8749999999999609E+000	4.1691735036186728E-004
2.8799999999999608E+000	3.8672135020156873E-004
2.8849999999999607E+000	3.5827154185685828E-004
2.8899999999999606E+000	3.3157216545731671E-004
2.8949999999999605E+000	3.0662610534282209E-004
2.8999999999999604E+000	2.8343489518523057E-004
2.9049999999999603E+000	2.6199872456977857E-004
2.9099999999999602E+000	2.4231644486016890E-004
2.9149999999999601E+000	2.2438558179116441E-004
2.9199999999999600E+000	2.0820237459284741E-004
2.9249999999999599E+000	1.9376170606522081E-004
2.9299999999999597E+000	1.8105715458283100E-004
2.9349999999999596E+000	1.7008100407878146E-004
2.9399999999999595E+000	1.6082425529795330E-004
2.9449999999999594E+000	1.5327663884567855E-004
2.9499999999999593E+000	1.4742662825373287E-004
2.9549999999999592E+000	1.4326145517173927E-004
2.9599999999999591E+000	1.4076729451772962E-004
2.9649999999999590E+000	1.3992866653378400E-004
2.9699999999999589E+000	1.4073025108984893E-004
2.9749999999999588E+000	1.4316406428305228E-004
2.9799999999999587E+000	1.4720882447960548E-004
2.9849999999999586E+000	1.5283889267525552E-004
2.9899999999999585E+000	1.5998875421008307E-004
2.9949999999999584E+000	1.6868026477467879E-004
2.9999999999999583E+000	1.7889088428058031E-004
3.0049999999999581E+000	1.9060292960837444E-004
3.0099999999999580E+000	2.0378501446804975E-004
3.0149999999999579E+000	2.1840966053199296E-004
3.0199999999999578E+000	2.3445006793609835E-004
3.0249999999999577E+000	2.5187830118467147E-004
3.0299999999999576E+000	2.7066536189135348E-004
3.0349999999999575E+000	2.9078134908777642E-004
3.0399999999999574E+000	3.1219548341354653E-004
3.0449999999999573E+000	3.3487614050065062E-004
3.0499999999999572E+000	3.5879089294299504E-004
3.0549999999999571E+000	3.8390656360043351E-004
3.0599999999999570E+000	4.1018922774194166E-004
3.0649999999999569E+000	4.3760423791727732E-004
3.0699999999999568E+000	4.6611628120496462E-004
3.0749999999999567E+000	4.9568940021105234E-004
3.0799999999999566E+000	5.2628702150236961E-004
3.0849999999999564E+000	5.5787190885991933E-004
3.0899999999999563E+000	5.8836042207088823E-004
3.0949999999999562E+000	6.2200890774199991E-004
3.0999999999999561E+000	6.5226439651988599E-004
3.1049999999999560E+000	6.8699653721759901E-004
3.1099999999999559E+000	7.2329904448364957E-004
3.1149999999999558E+000	7.6052626864031581E-004
3.1199999999999557E+000	7.9850356887911644E-004
3.1249999999999556E+000	8.3715094601366502E-004
3.1299999999999555E+000	8.7641320282605406E-004
3.1349999999999554E+000	9.1624311657190205E-004
3.1399999999999553E+000	9.5659673436276904E-004
3.1449999999999552E+000	9.9743163766552456E-004
3.1499999999999551E+000	1.0455033125809088E-003
3.1549999999999550E+000	1.0881025496787267E-003
3.1599999999999548E+000	1.1297007243773471E-003
3.1649999999999547E+000	1.1714225856653826E-003
3.1699999999999546E+000	1.2098211940942960E-003
3.1749999999999545E+000	1.2512285868004902E-003
3.1799999999999544E+000	1.2989979179729438E-003
3.1849999999999543E+000	1.3374083503694401E-003
3.1899999999999542E+000	1.3784877870595125E-003
3.1949999999999541E+000	1.4207819489584494E-003
3.1999999999999540E+000	1.4635335990407228E-003
3.2049999999999539E+000	1.5064938430158215E-003
3.2099999999999538E+000	1.5495426308791416E-003
3.2149999999999537E+000	1.5925991440437492E-003
3.2199999999999536E+000	1.6355985893836689E-003
3.2249999999999535E+000	1.6784846481923132E-003
3.2299999999999534E+000	1.7212063170717329E-003
3.2349999999999532E+000	1.7637164301254060E-003
3.2399999999999531E+000	1.8059705632640366E-003
3.2449999999999530E+000	1.8479263690243108E-003
3.2499999999999529E+000	1.8895431611394287E-003
3.2549999999999528E+000	1.9307816075673223E-003
3.2599999999999527E+000	1.9716036703125717E-003
3.2649999999999526E+000	2.0119722602873757E-003
3.2699999999999525E+000	2.0518513147895767E-003
3.2749999999999524E+000	2.0912057304962595E-003
3.2799999999999523E+000	2.1300011827558585E-003
3.2849999999999522E+000	2.1682043880701940E-003
3.2899999999999521E+000	2.2057829514938732E-003
3.2949999999999520E+000	2.2427052600431097E-003
3.2999999999999519E+000	2.2789405838321564E-003
3.3049999999999518E+000	2.3144590902646200E-003
3.3099999999999516E+000	2.3492319615994184E-003
3.3149999999999515E+000	2.3832308998974483E-003
3.3199999999999514E+000	2.4164286631411791E-003
3.3249999999999513E+000	2.4487989136994237E-003
3.3299999999999512E+000	2.4803161796342899E-003
3.3349999999999511E+000	2.5109559187419528E-003
3.3399999999999510E+000	2.5406944396459963E-003
3.3449999999999509E+000	2.5695089955730666E-003
3.3499999999999508E+000	2.5973777596903780E-003
3.3549999999999507E+000	2.6242798850404370E-003
3.3599999999999506E+000	2.6501955755544593E-003
3.3649999999999505E+000	2.6751058515022130E-003
3.3699999999999504E+000	2.6989928052434387E-003
3.3749999999999503E+000	2.7218397046198106E-003
3.3799999999999502E+000	2.7436309076103171E-003
3.3849999999999500E+000	2.7643517574436061E-003
3.3899999999999499E+000	2.7839887508656069E-003
3.3949999999999498E+000	2.8025292573663485E-003
3.3999999999999497E+000	2.8199617996951254E-003
3.4049999999999496E+000	2.8362761141265125E-003
3.4099999999999495E+000	2.8514626773548102E-003
3.4149999999999494E+000	2.8655127906973554E-003
3.4199999999999493E+000	2.8784187979828957E-003
3.4249999999999492E+000	2.8901740079749771E-003
3.4299999999999491E+000	2.9007733553125803E-003
3.4349999999999490E+000	2.9102127845739290E-003
3.4399999999999489E+000	2.9184894242311188E-003
3.4449999999999488E+000	2.9256012587781655E-003
3.4499999999999487E+000	2.9315468831856428E-003
3.4549999999999486E+000	2.9363255661576382E-003
3.4599999999999485E+000	2.9399366173836761E-003
3.4649999999999483E+000	2.9423805282426940E-003
3.4699999999999482E+000	2.9436598215526466E-003
3.4749999999999481E+000	2.9437781279129105E-003
3.4799999999999480E+000	2.9427398915173875E-003
3.4849999999999479E+000	2.9405511349449576E-003
3.4899999999999478E+000	2.9372195764638676E-003
3.4949999999999477E+000	2.9327530055276441E-003
3.4999999999999476E+000	2.9271597447517728E-003
3.5049999999999475E+000	2.9204495042680634E-003
3.5099999999999474E+000	2.9126326586981222E-003
3.5149999999999473E+000	2.9037204224540147E-003
3.5199999999999472E+000	2.8937247363431950E-003
3.5249999999999471E+000	2.8826583039283094E-003
3.5299999999999470E+000	2.8705346480584204E-003
3.5349999999999469E+000	2.8573680882435504E-003
3.5399999999999467E+000	2.8431737067018403E-003
3.5449999999999466E+000	2.8279673423656781E-003
3.5499999999999465E+000	2.8117655470913938E-003
3.5549999999999464E+000	2.7945855956357235E-003
3.5599999999999463E+000	2.7764454622150048E-003
3.5649999999999462E+000	2.7573637849429566E-003
3.5699999999999461E+000	2.7373598485191941E-003
3.5749999999999460E+000	2.7164535623027675E-003
3.5799999999999459E+000	2.6946654386912350E-003
3.5849999999999458E+000	2.6720165701465959E-003
3.5899999999999457E+000	2.6485286071236125E-003
3.5949999999999456E+000	2.6242237339566543E-003
3.5999999999999455E+000	2.5991246459304840E-003
3.6049999999999454E+000	2.5732545251262451E-003
3.6099999999999453E+000	2.5466370161759677E-003
3.6149999999999451E+000	2.5192962022577703E-003
3.6199999999999450E+000	2.4912565799297681E-003
3.6249999999999449E+000	2.4625430349685118E-003
3.6299999999999448E+000	2.4331808172939340E-003
3.6349999999999447E+000	2.4031955156775808E-003
3.6399999999999446E+000	2.3726130328820538E-003
3.6449999999999445E+000	2.3414595606769950E-003
3.6499999999999444E+000	2.3097615540748073E-003
3.6549999999999443E+000	2.2775457065233873E-003
3.6599999999999442E+000	2.2448389244424938E-003
3.6649999999999441E+000	2.2116683021939920E-003
3.6699999999999440E+000	2.1780610963268998E-003
3.6749999999999439E+000	2.1440447195404388E-003
3.6799999999999438E+000	2.1096466838144146E-003
3.6849999999999437E+000	2.0748945461064316E-003
3.6899999999999435E+000	2.0398159644465785E-003
3.6949999999999434E+000	2.0044386481212761E-003
3.6999999999999433E+000	1.9687903035729981E-003
3.7049999999999432E+000	1.9328986240241264E-003
3.7099999999999431E+000	1.8967912684551003E-003
3.7149999999999430E+000	1.8604961513450924E-003
3.7199999999999429E+000	1.8240404635392338E-003
3.7249999999999428E+000	1.7874516320284251E-003
3.7299999999999427E+000	1.7507569714316773E-003
3.7349999999999426E+000	1.7139836169821621E-003
3.7399999999999425E+000	1.6771585371464504E-003
3.7449999999999424E+000	1.6403084979650373E-003
3.7499999999999423E+000	1.6034600455738790E-003
3.7549999999999422E+000	1.5666394852926757E-003
3.7599999999999421E+000	1.5298728610964041E-003
3.7649999999999419E+000	1.4931859044442497E-003
3.7699999999999418E+000	1.4566040978443162E-003
3.7749999999999417E+000	1.4201526025336975E-003
3.7799999999999416E+000	1.3838562332213478E-003
3.7849999999999415E+000	1.3477394400105425E-003
3.7899999999999414E+000	1.3118262987434903E-003
3.7949999999999413E+000	1.2761404945678123E-003
3.7999999999999412E+000	1.2407053060790041E-003
3.8049999999999411E+000	1.2055435890276911E-003
3.8099999999999410E+000	1.1747256579677234E-003
3.8149999999999409E+000	1.1365567087686657E-003
3.8199999999999408E+000	1.1015857691365483E-003
3.8249999999999407E+000	1.0724759564171293E-003
3.8299999999999406E+000	1.0352740806753857E-003
3.8349999999999405E+000	1.0017044720140866E-003
3.8399999999999403E+000	9.7364578960323911E-004
3.8449999999999402E+000	9.3783616343579013E-004
3.8499999999999401E+000	9.0612758901098545E-004
3.8549999999999400E+000	8.7534354520135693E-004
3.8599999999999399E+000	8.4497948093753550E-004
3.8649999999999398E+000	8.1501380788795430E-004
3.8699999999999397E+000	7.8548414664503241E-004
3.8749999999999396E+000	7.5642731783975847E-004
3.8799999999999395E+000	7.2787346507530160E-004
3.8849999999999394E+000	6.9984739084372194E-004
3.8899999999999393E+000	6.7237023218646996E-004
3.8949999999999392E+000	6.4546058667280803E-004
3.8999999999999391E+000	6.1913518035972004E-004
3.9049999999999390E+000	5.9340925550221968E-004
3.9099999999999389E+000	5.6829680652814574E-004
3.9149999999999388E+000	5.4381073460429974E-004
3.9199999999999386E+000	5.1561278379752551E-004
3.9199999999999386E+000	5.1310602223209045E-004
3.9249999999999385E+000	4.9044590908975394E-004
3.9299999999999384E+000	4.6883641685102617E-004
3.9349999999999383E+000	4.4778394290290180E-004
3.9399999999999382E+000	4.2727749422555306E-004
3.9449999999999381E+000	4.0735470154773523E-004
3.9499999999999380E+000	3.8804768928901723E-004
3.9549999999999379E+000	3.6937985471130474E-004
3.9599999999999378E+000	3.5136880333119791E-004
3.9649999999999377E+000	3.3402851211894458E-004
3.9699999999999376E+000	3.1737041438750779E-004
3.9749999999999375E+000	3.0140391673905143E-004
3.9799999999999374E+000	2.8613668488208788E-004
3.9849999999999373E+000	2.7157488239470950E-004
3.9899999999999372E+000	2.5772336431373333E-004
3.9949999999999370E+000	2.4458583048270199E-004
3.9999999999999369E+000	2.3216495032629680E-004
4.0049999999999368E+000	2.2046246889262378E-004
4.0099999999999367E+000	2.0947929557024736E-004
4.0149999999999366E+000	1.9921557448920879E-004
4.0199999999999365E+000	1.8965169615592359E-004
4.0249999999999364E+000	1.8080845028789483E-004
4.0299999999999363E+000	1.7268428493677490E-004
4.0349999999999362E+000	1.6527507863894897E-004
4.0399999999999361E+000	1.5857730675117310E-004
4.0449999999999360E+000	1.5258709447607544E-004
4.0499999999999359E+000	1.4730004777785410E-004
4.0549999999999358E+000	1.4271128432774560E-004
4.0599999999999357E+000	1.3881542834015548E-004
4.0649999999999356E+000	1.3560870761608612E-004
4.0699999999999354E+000	1.3308296022884747E-004
4.0749999999999353E+000	1.3123099228318225E-004
4.0799999999999352E+000	1.3004545835970660E-004
4.0849999999999351E+000	1.2952631859697306E-004
4.0899999999999350E+000	1.2967813968245423E-004
4.0949999999999349E+000	1.3042772752847043E-004
4.0999999999999348E+000	1.3181941869655489E-004
4.1049999999999347E+000	1.3383756541873737E-004
4.1099999999999346E+000	1.3647042755104977E-004
4.1149999999999345E+000	1.3970820827813313E-004
4.1199999999999344E+000	1.4354034881636224E-004
4.1249999999999343E+000	1.4795824731361762E-004
4.1299999999999342E+000	1.5294823457123741E-004
4.1349999999999341E+000	1.5849895975961203E-004
4.1399999999999340E+000	1.6460041421195726E-004
4.1449999999999338E+000	1.7123845923716630E-004
4.1499999999999337E+000	1.7840072439145871E-004
4.1549999999999336E+000	1.8607446680984907E-004
4.1599999999999335E+000	1.9424655963673487E-004
4.1649999999999334E+000	2.0290370026021520E-004
4.1699999999999333E+000	2.1203241263245687E-004
4.1749999999999332E+000	2.2161902700901237E-004
4.1799999999999331E+000	2.3164968178202017E-004
4.1849999999999330E+000	2.4211034333587733E-004
4.1899999999999329E+000	2.5298680452223721E-004
4.1949999999999328E+000	2.6426471263185647E-004
4.1999999999999327E+000	2.7592957647160077E-004
4.2049999999999326E+000	2.8796677597853204E-004
4.2099999999999325E+000	3.0036157199031521E-004
4.2149999999999324E+000	3.1309911800914136E-004
4.2199999999999322E+000	3.2616447075062283E-004
4.2249999999999321E+000	3.3954260119539725E-004
4.2299999999999320E+000	3.5321840930624404E-004
4.2349999999999319E+000	3.6717673151942520E-004
4.2399999999999318E+000	3.8140235423433921E-004
4.2449999999999317E+000	3.9588002294310698E-004
4.2499999999999316E+000	4.1059445804059180E-004
4.2549999999999315E+000	4.2553036349879392E-004
4.2599999999999314E+000	4.4067243840961723E-004
4.2649999999999313E+000	4.5600539022583320E-004
4.2699999999999312E+000	4.7151394425215543E-004
4.2749999999999311E+000	4.8718285631244029E-004
4.2799999999999310E+000	5.0299691554211989E-004
4.2849999999999309E+000	5.1894096116233968E-004
4.2899999999999308E+000	5.3499989136218673E-004
4.2949999999999307E+000	5.5115867947508335E-004
4.2999999999999305E+000	5.6740237551666795E-004
4.3049999999999304E+000	5.8371612776042525E-004
4.3099999999999303E+000	6.0008518078547013E-004
4.3149999999999302E+000	6.1649479019854070E-004
4.3199999999999301E+000	6.3293057003566133E-004
4.3249999999999300E+000	6.4937777608475855E-004
4.3299999999999299E+000	6.6582249720825715E-004
4.3349999999999298E+000	6.8225049150782979E-004
4.3399999999999297E+000	6.9864779741646288E-004
4.3449999999999296E+000	7.1500059140250372E-004
4.3499999999999295E+000	7.3129521742787418E-004
4.3549999999999294E+000	7.4751820604168628E-004
4.3599999999999293E+000	7.6365627724772622E-004
4.3649999999999292E+000	7.7969632900298791E-004
4.3699999999999291E+000	7.9562544679045999E-004
4.3749999999999289E+000	8.1143092967161934E-004
4.3799999999999288E+000	8.2710026514520862E-004
4.3849999999999287E+000	8.4262123454470483E-004
4.3899999999999286E+000	8.5798178192808550E-004
4.3949999999999285E+000	8.7317010662779637E-004
4.3999999999999284E+000	8.8817465448531863E-004
4.4049999999999283E+000	9.0298411108680199E-004
4.4099999999999282E+000	9.1758740821079599E-004
4.4149999999999281E+000	9.3197373580000686E-004
4.4199999999999280E+000	9.4613255433362298E-004
4.4249999999999279E+000	9.6005358455242273E-004
4.4299999999999278E+000	9.7372682148932910E-004
4.4349999999999277E+000	9.8714252959508642E-004
4.4399999999999276E+000	1.0002912471138714E-003
4.4449999999999275E+000	1.0131637929444715E-003
4.4499999999999273E+000	1.0257512933820045E-003
4.4549999999999272E+000	1.0380452167155774E-003
4.4599999999999271E+000	1.0500372361290644E-003
4.4649999999999270E+000	1.0617193298161354E-003
4.4699999999999269E+000	1.0730837722570108E-003
4.4749999999999268E+000	1.0841231340315005E-003
4.4799999999999267E+000	1.0948308032090459E-003
4.4849999999999266E+000	1.1051993935500271E-003
4.4899999999999265E+000	1.1152224195214444E-003
4.4949999999999264E+000	1.1248936563066358E-003
4.4999999999999263E+000	1.1342071343247717E-003
4.5049999999999262E+000	1.1431571788103057E-003
4.5099999999999261E+000	1.1517384776533746E-003
4.5149999999999260E+000	1.1599460809712525E-003
4.5199999999999259E+000	1.1677753478620545E-003
4.5249999999999257E+000	1.1752220144662928E-003
4.5299999999999256E+000	1.1822821839388986E-003
4.5349999999999255E+000	1.1889522031380828E-003
4.5399999999999254E+000	1.1952286670084966E-003
4.5449999999999253E+000	1.2011084011738227E-003
4.5499999999999252E+000	1.2065887049814705E-003
4.5549999999999251E+000	1.2116671045272476E-003
4.5599999999999250E+000	1.2163414436447972E-003
4.5649999999999249E+000	1.2206098384903719E-003
4.5699999999999248E+000	1.2244707749062833E-003
4.5749999999999247E+000	1.2279229549538861E-003
4.5799999999999246E+000	1.2309654606994513E-003
4.5849999999999245E+000	1.2335978019142324E-003
4.5899999999999244E+000	1.2358197215367461E-003
4.5949999999999243E+000	1.2376312682409463E-003
4.5999999999999241E+000	1.2390333854850333E-003
4.6049999999999240E+000	1.2400273163670761E-003
4.6099999999999239E+000	1.2406139250478176E-003
4.6149999999999238E+000	1.2407941093353081E-003
4.6199999999999237E+000	1.2405695926580584E-003
4.6249999999999236E+000	1.2399423332700721E-003
4.6299999999999235E+000	1.2389138048476411E-003
4.6349999999999234E+000	1.2374866829620856E-003
4.6399999999999233E+000	1.2356631963821307E-003
4.6449999999999232E+000	1.2334461480683068E-003
4.6499999999999231E+000	1.2308387058146408E-003
4.6549999999999230E+000	1.2278447943376847E-003
4.6599999999999229E+000	1.2244672050090166E-003
4.6649999999999228E+000	1.2207104298700422E-003
4.6699999999999227E+000	1.2165786768481013E-003
4.6749999999999226E+000	1.2120763927403466E-003
4.6799999999999224E+000	1.2072083116851928E-003
4.6849999999999223E+000	1.2019793975950321E-003
4.6899999999999222E+000	1.1963948349689169E-003
4.6949999999999221E+000	1.1904600191314785E-003
4.6999999999999220E+000	1.1841805657670790E-003
4.7049999999999219E+000	1.1775628229160340E-003
4.7099999999999218E+000	1.1706117563359264E-003
4.7149999999999217E+000	1.1633341815846521E-003
4.7199999999999216E+000	1.1557365128820329E-003
4.7249999999999215E+000	1.1478253294852081E-003
4.7299999999999214E+000	1.1396074390201960E-003
4.7349999999999213E+000	1.1310898246978951E-003
4.7399999999999212E+000	1.1222796319878547E-003
4.7449999999999211E+000	1.1131841681559784E-003
4.7499999999999210E+000	1.1038108990213402E-003
4.7549999999999208E+000	1.0941674424191916E-003
4.7599999999999207E+000	1.0842615611910134E-003
4.7649999999999206E+000	1.0741011567056979E-003
4.7699999999999205E+000	1.0636942624069334E-003
4.7749999999999204E+000	1.0530496337173290E-003
4.7799999999999203E+000	1.0421743220203616E-003
4.7849999999999202E+000	1.0310773777630899E-003
4.7899999999999201E+000	1.0197672901322008E-003
4.7949999999999200E+000	1.0082525987766822E-003
4.7999999999999199E+000	9.9654190145503918E-004
4.8049999999999198E+000	9.8464397361919254E-004
4.8099999999999197E+000	9.7256766118025695E-004
4.8149999999999196E+000	9.6032188020478415E-004
4.8199999999999195E+000	9.4791561286511339E-004
4.8249999999999194E+000	9.3535790059684487E-004
4.8299999999999192E+000	9.2265783660616663E-004
4.8349999999999191E+000	9.0982455900823211E-004
4.8399999999999190E+000	8.9686724437276766E-004
4.8449999999999189E+000	8.8379510045610843E-004
4.8499999999999188E+000	8.7061736014160118E-004
4.8549999999999187E+000	8.5734327423336865E-004
4.8599999999999186E+000	8.4398210492242498E-004
4.8649999999999185E+000	8.3054311927410751E-004
4.8699999999999184E+000	8.1703558233447993E-004
4.8749999999999183E+000	8.0346875051695577E-004
4.8799999999999182E+000	7.8985186546454145E-004
4.8849999999999181E+000	7.7619414679475085E-004
4.8899999999999180E+000	7.6250478631623153E-004
4.8949999999999179E+000	7.4879294112761841E-004
4.8999999999999178E+000	7.3506772746823046E-004
4.9049999999999176E+000	7.2133802529306124E-004
4.9099999999999175E+000	7.0761304001942804E-004
4.9149999999999174E+000	6.9390173412475775E-004
4.9199999999999173E+000	6.8021298973430788E-004
4.9249999999999172E+000	6.6655562315443007E-004
4.9299999999999171E+000	6.5293837497737428E-004
4.9349999999999170E+000	6.3936990183144360E-004
4.9399999999999169E+000	6.2585877144716306E-004
4.9449999999999168E+000	6.1241345585472118E-004
4.9499999999999167E+000	5.9904232647811639E-004
4.9549999999999166E+000	5.8575364780510952E-004
4.9599999999999165E+000	5.7255557266921997E-004
4.9649999999999164E+000	5.5945613663466176E-004
4.9699999999999163E+000	5.4646325275919949E-004
4.9749999999999162E+000	5.3358470557407500E-004
4.9799999999999160E+000	5.2082814830844981E-004
4.9849999999999159E+000	5.0820109719484918E-004
4.9899999999999158E+000	4.9571092634081992E-004
4.9949999999999157E+000	4.8336486509947818E-004
4.9999999999999156E+000	4.7116998437912727E-004
5.0049999999999155E+000	4.5913320760559984E-004
5.0099999999999154E+000	4.4726129545358262E-004
5.0149999999999153E+000	4.3556084442286647E-004
5.0199999999999152E+000	4.2403828262793652E-004
5.0249999999999151E+000	4.1269986784886470E-004
5.0299999999999150E+000	4.0155168106670303E-004
5.0349999999999149E+000	3.9059962507481671E-004
5.0399999999999148E+000	3.7984942014812617E-004
5.0449999999999147E+000	3.6930660115075398E-004
5.0499999999999146E+000	3.5897651443850265E-004
5.0549999999999145E+000	3.4886431469427492E-004
5.0599999999999143E+000	3.3897496243451286E-004
5.0649999999999142E+000	3.2931322136064978E-004
5.0699999999999141E+000	3.1988365583801581E-004
5.0749999999999140E+000	3.1069062871269537E-004
5.0799999999999139E+000	3.0173829908042293E-004
5.0849999999999138E+000	2.9303062065810792E-004
5.0899999999999137E+000	2.8457133939774337E-004
5.0949999999999136E+000	2.7636399243124998E-004
5.0999999999999135E+000	2.6841190641446744E-004
5.1049999999999134E+000	2.6071819604300828E-004
5.1099999999999133E+000	2.5328576339234132E-004
5.1149999999999132E+000	2.4611729879131516E-004
5.1199999999999131E+000	2.3921527939263498E-004
5.1249999999999130E+000	2.3258196327180514E-004
5.1299999999999129E+000	2.2621939290745630E-004
5.1349999999999127E+000	2.2012939472482174E-004
5.1399999999999126E+000	2.1431357901136039E-004
5.1449999999999125E+000	2.0877334003710502E-004
5.1499999999999124E+000	2.0350985627137774E-004
5.1549999999999123E+000	1.9852409063236820E-004
5.1599999999999122E+000	1.9381679140018093E-004
5.1649999999999121E+000	1.8938849237359889E-004
5.1699999999999120E+000	1.8523951417126483E-004
5.1749999999999119E+000	1.8136996514428461E-004
5.1799999999999118E+000	1.7777974246957484E-004
5.1849999999999117E+000	1.7446853373659366E-004
5.1899999999999116E+000	1.7143581811618347E-004
5.1949999999999115E+000	1.6868086821375528E-004
5.1999999999999114E+000	1.6620275189982436E-004
5.2049999999999113E+000	1.6400033427910188E-004
5.2099999999999111E+000	1.6207227959075254E-004
5.2149999999999110E+000	1.6041705364733261E-004
5.2199999999999109E+000	1.5903292618624221E-004
5.2249999999999108E+000	1.5791796117126111E-004
5.2299999999999107E+000	1.5707002582221463E-004
5.2349999999999106E+000	1.5648617014907273E-004
5.2399999999999105E+000	1.5616378940075393E-004
5.2449999999999104E+000	1.5610890139994282E-004
5.2499999999999103E+000	1.5632298632084485E-004
5.2549999999999102E+000	1.5680249599814289E-004
5.2599999999999101E+000	1.5753176093369348E-004
5.2649999999999100E+000	1.5850461928756943E-004
5.2699999999999099E+000	1.5970775929741166E-004
5.2749999999999098E+000	1.6115390871451751E-004
5.2799999999999097E+000	1.6283923956939006E-004
5.2849999999999095E+000	1.6475845022601021E-004
5.2899999999999094E+000	1.6690669101038225E-004
5.2949999999999093E+000	1.6927944856393040E-004
5.2999999999999092E+000	1.7187221136261144E-004
5.3049999999999091E+000	1.7468033137069128E-004
5.3099999999999090E+000	1.7769902573938623E-004
5.3149999999999089E+000	1.8092339555275672E-004
5.3199999999999088E+000	1.8434842891856817E-004
5.3249999999999087E+000	1.8796901057616111E-004
5.3299999999999086E+000	1.9177992067476168E-004
5.3349999999999085E+000	1.9577584088281696E-004
5.3399999999999084E+000	1.9995135701966760E-004
5.3449999999999083E+000	2.0429973169289184E-004
5.3499999999999082E+000	2.0881515508763826E-004
5.3549999999999081E+000	2.1349957293548272E-004
5.3599999999999079E+000	2.1834724592517674E-004
5.3649999999999078E+000	2.2334545559088426E-004
5.3699999999999077E+000	2.2848762559091185E-004
5.3749999999999076E+000	2.3376835514632432E-004
5.3799999999999075E+000	2.3918187643845457E-004
5.3849999999999074E+000	2.4472221843740982E-004
5.3899999999999073E+000	2.5038331224713772E-004
5.3949999999999072E+000	2.5615900922915102E-004
5.3999999999999071E+000	2.6204309751109989E-004
5.4049999999999070E+000	2.6802931808811437E-004
5.4099999999999069E+000	2.7411137552357800E-004
5.4149999999999068E+000	2.8028294461179826E-004
5.4199999999999067E+000	2.8653767584474465E-004
5.4249999999999066E+000	2.9286920192816979E-004
5.4299999999999065E+000	2.9927113790062521E-004
5.4349999999999064E+000	3.0573709055037313E-004
5.4399999999999062E+000	3.1226066611811376E-004
5.4449999999999061E+000	3.1883547652356015E-004
5.4499999999999060E+000	3.2545514221249405E-004
5.4549999999999059E+000	3.3211329547500057E-004
5.4599999999999058E+000	3.3880358734528215E-004
5.4649999999999057E+000	3.4551968830331958E-004
5.4699999999999056E+000	3.5225531798932508E-004
5.4749999999999055E+000	3.5900423564338979E-004
5.4799999999999054E+000	3.6576022383494333E-004
5.4849999999999053E+000	3.7251710375141300E-004
5.4899999999999052E+000	3.7926874009208689E-004
5.4949999999999051E+000	3.8600904207797271E-004
5.4999999999999050E+000	3.9273196950784239E-004
5.5049999999999049E+000	3.9943154476462794E-004
5.5099999999999048E+000	4.0610185849532243E-004
5.5149999999999046E+000	4.1273706781064234E-004
5.5199999999999045E+000	4.1933139966543465E-004
5.5249999999999044E+000	4.2587916124192660E-004
5.5299999999999043E+000	4.3237474592672243E-004
5.5349999999999042E+000	4.3881266215661796E-004
5.5399999999999041E+000	4.4518750928812523E-004
5.5449999999999040E+000	4.5149396267119002E-004
5.5499999999999039E+000	4.5772678650690679E-004
5.5549999999999038E+000	4.6388084377291250E-004
5.5599999999999037E+000	4.6995009435946145E-004
5.5649999999999036E+000	4.7593054679806457E-004
5.5699999999999035E+000	4.8181746854458751E-004
5.5749999999999034E+000	4.8760614760245957E-004
5.5799999999999033E+000	4.9329198995584633E-004
5.5849999999999032E+000	4.9887053224573208E-004
5.5899999999999030E+000	5.0433742850408692E-004
5.5949999999999029E+000	5.0968845874299618E-004
5.5999999999999028E+000	5.1492048471901697E-004
5.6049999999999027E+000	5.2002865604583448E-004
5.6099999999999026E+000	5.2500906475438924E-004
5.6149999999999025E+000	5.2985802106553237E-004
5.6199999999999024E+000	5.3457197154882508E-004
5.6249999999999023E+000	5.3914749086025893E-004
5.6299999999999022E+000	5.4358130250875547E-004
5.6349999999999021E+000	5.4787026154246021E-004
5.6399999999999020E+000	5.5201036711816087E-004
5.6449999999999019E+000	5.5599966496799880E-004
5.6499999999999018E+000	5.5983546588889155E-004
5.6549999999999017E+000	5.6351517784314353E-004
5.6599999999999016E+000	5.6703634566268590E-004
5.6649999999999014E+000	5.7039763957877909E-004
5.6699999999999013E+000	5.7359613823537714E-004
5.6749999999999012E+000	5.7662989330209413E-004
5.6799999999999011E+000	5.7949711261207071E-004
5.6849999999999010E+000	5.8219614041954415E-004
5.6899999999999009E+000	5.8472554461275195E-004
5.6949999999999008E+000	5.8708401337037586E-004
5.6999999999999007E+000	5.8930767956510977E-004
5.7049999999999006E+000	5.9135845748992111E-004
5.7099999999999005E+000	5.9323379088072059E-004
5.7149999999999004E+000	5.9493298965618280E-004
5.7199999999999003E+000	5.9645558735299531E-004
5.7249999999999002E+000	5.9780107930684778E-004
5.7299999999999001E+000	5.9896915405133200E-004
5.7349999999999000E+000	5.9995962959114024E-004
5.7399999999998998E+000	6.0077230870980713E-004
5.7449999999998997E+000	6.0140723297941179E-004
5.7499999999998996E+000	6.0186481053126073E-004
5.7549999999998995E+000	6.0214572492345297E-004
5.7599999999998994E+000	6.0225053612095181E-004
5.7649999999998993E+000	6.0217984749799669E-004
5.7699999999998992E+000	6.0193432923938417E-004
5.7749999999998991E+000	6.0151471340752494E-004
5.7799999999998990E+000	6.0092176619575000E-004
5.7849999999998989E+000	6.0015660834178419E-004
5.7899999999998988E+000	5.9922063901796108E-004
5.7949999999998987E+000	5.9811532911258070E-004
5.7999999999998986E+000	5.9684228768519532E-004
5.8049999999998985E+000	5.9540321899920201E-004
5.8099999999998984E+000	5.9379995861208457E-004
5.8149999999998983E+000	5.9203445716704550E-004
5.8199999999998981E+000	5.9010879619592060E-004
5.8249999999998980E+000	5.8802517702094548E-004
5.8299999999998979E+000	5.8578590484303916E-004
5.8349999999998978E+000	5.8339137985718992E-004
5.8399999999998977E+000	5.8084238228506280E-004
5.8449999999998976E+000	5.7814548816281786E-004
5.8499999999998975E+000	5.7530080097878411E-004
5.8549999999998974E+000	5.7230731867186080E-004
5.8599999999998973E+000	5.6917432272030055E-004
5.8649999999998972E+000	5.6590574908277347E-004
5.8699999999998971E+000	5.6250455647610664E-004
5.8749999999998970E+000	5.5897371166979681E-004
5.8799999999998969E+000	5.5531640190409348E-004
5.8849999999998968E+000	5.5153597115076280E-004
5.8899999999998967E+000	5.4763585127481917E-004
5.8949999999998965E+000	5.4361953801729257E-004
5.8999999999998964E+000	5.3949058917712733E-004
5.9049999999998963E+000	5.3525262468490098E-004
5.9099999999998962E+000	5.3090932350041697E-004
5.9149999999998961E+000	5.2646441938275501E-004
5.9199999999998960E+000	5.2192169634990293E-004
5.9249999999998959E+000	5.1728498546577129E-004
5.9299999999998958E+000	5.1255816112094621E-004
5.9349999999998957E+000	5.0774513854312531E-004
5.9399999999998956E+000	5.0284987037896300E-004
5.9449999999998955E+000	4.9787634342646214E-004
5.9499999999998954E+000	4.9282857553212267E-004
5.9549999999998953E+000	4.8771061238817026E-004
5.9599999999998952E+000	4.8252652433111720E-004
5.9649999999998951E+000	4.7728040289074514E-004
5.9699999999998949E+000	4.7197635750073630E-004
5.9749999999998948E+000	4.6661851208273930E-004
5.9799999999998947E+000	4.6121100155671613E-004
5.9849999999998946E+000	4.5575796845032102E-004
5.9899999999998945E+000	4.5026355949806529E-004
5.9949999999998944E+000	4.4473192207084011E-004
5.9999999999998943E+000	4.3916720092918027E-004
6.0049999999998942E+000	4.3357353465278692E-004
6.0099999999998941E+000	4.2795505232984254E-004
6.0149999999998940E+000	4.2231587044927466E-004
6.0199999999998939E+000	4.1666008940710597E-004
6.0249999999998938E+000	4.1099179032988431E-004
6.0299999999998937E+000	4.0531503203977692E-004
6.0349999999998936E+000	3.9963384777141897E-004
6.0399999999998935E+000	3.9395224230442949E-004
6.0449999999998933E+000	3.8827418881615117E-004
6.0499999999998932E+000	3.8260362598352415E-004

 
